0.0 96.0000
0.0025 96.0778
0.005 96.1754
0.0075 96.1813
0.01 96.0917
0.0125 95.9009
0.015 95.6015
0.0175 95.1846
0.02 94.6396
0.0225 93.9547
0.025 93.1165
0.0275 92.1105
0.03 90.9219
0.0325 89.5354
0.035 87.9364
0.0375 86.1120
0.04 84.0523
0.0425 81.7516
0.045 79.2109
0.0475 76.4393
0.05 73.4568
0.0525 70.2954
0.055 67.0004
0.0575 63.6306
0.06 60.2578
0.0625 56.9617
0.065 53.8239
0.0675 50.9244
0.07 48.3344
0.0725 46.1080
0.075 44.2771
0.0775 42.8526
0.08 41.8249
0.0825 41.1662
0.085 40.8366
0.0875 40.7895
0.09 40.9747
0.0925 41.3441
0.095 41.8527
0.0975 42.4597
0.1 43.1341
0.103 43.8505
0.105 44.5883
0.108 45.3345
0.11 46.0824
0.113 46.8291
0.115 47.5747
0.118 48.3229
0.12 49.0712
0.123 49.8120
0.125 50.5379
0.128 51.2397
0.13 51.8977
0.133 52.4875
0.135 52.9871
0.138 53.3747
0.14 53.6354
0.143 53.7646
0.145 53.7649
0.148 53.6463
0.15 53.4310
0.153 53.1484
0.155 52.8340
0.158 52.5259
0.16 52.2587
0.163 52.0639
0.165 51.9652
0.168 51.9785
0.17 52.1074
0.173 52.3428
0.175 52.6657
0.178 53.0481
0.18 53.4604
0.183 53.8722
0.185 54.2546
0.188 54.5848
0.19 54.8408
0.193 55.0065
0.195 55.0741
0.198 55.0434
0.2 54.9221
0.203 54.7218
0.205 54.4591
0.208 54.1542
0.21 53.8333
0.213 53.5241
0.215 53.2518
0.218 53.0423
0.22 52.9168
0.223 52.8907
0.225 52.9678
0.228 53.1439
0.23 53.4076
0.233 53.7423
0.235 54.1274
0.238 54.5367
0.24 54.9499
0.243 55.3444
0.245 55.6951
0.248 55.9827
0.25 56.1876
0.253 56.2917
0.255 56.2852
0.258 56.1632
0.26 55.9264
0.263 55.5747
0.265 55.1106
0.268 54.5464
0.27 53.8991
0.273 53.1900
0.275 52.4428
0.278 51.6815
0.28 50.9294
0.283 50.2101
0.285 49.5429
0.288 48.9443
0.29 48.4290
0.293 48.0109
0.295 47.6991
0.298 47.5011
0.3 47.4305
0.303 47.4947
0.305 47.6958
0.308 48.0355
0.31 48.5056
0.313 49.0892
0.315 49.7648
0.318 50.5021
0.32 51.2636
0.323 52.0110
0.325 52.7075
0.328 53.3181
0.33 53.8151
0.333 54.1799
0.335 54.3994
0.338 54.4691
0.34 54.3951
0.343 54.1921
0.345 53.8798
0.348 53.4811
0.35 53.0238
0.353 52.5353
0.355 52.0421
0.358 51.5648
0.36 51.1197
0.363 50.7182
0.365 50.3637
0.368 50.0594
0.37 49.8055
0.373 49.6071
0.375 49.4653
0.378 49.3766
0.38 49.3440
0.383 49.3684
0.385 49.4500
0.388 49.5905
0.39 49.7883
0.393 50.0373
0.395 50.3286
0.398 50.6543
0.4 51.0012
0.403 51.3523
0.405 51.6902
0.408 51.9998
0.41 52.2710
0.413 52.4975
0.415 52.6811
0.418 52.8298
0.42 52.9606
0.423 53.0940
0.425 53.2527
0.428 53.4568
0.43 53.7160
0.433 54.0355
0.435 54.4096
0.438 54.8206
0.44 55.2400
0.443 55.6311
0.445 55.9593
0.448 56.1904
0.45 56.2925
0.453 56.2436
0.455 56.0332
0.458 55.6608
0.46 55.1378
0.463 54.4895
0.465 53.7452
0.468 52.9411
0.47 52.1257
0.473 51.3503
0.475 50.6627
0.478 50.1095
0.48 49.7295
0.483 49.5488
0.485 49.5873
0.488 49.8563
0.49 50.3561
0.493 51.0811
0.495 52.0157
0.498 53.1372
0.5 54.4138
0.503 55.8058
0.505 57.2728
0.508 58.7720
0.51 60.2596
0.513 61.6930
0.515 63.0359
0.517 64.2553
0.52 65.3212
0.522 66.2125
0.525 66.9162
0.527 67.4246
0.53 67.7351
0.532 67.8503
0.535 67.7816
0.537 67.5428
0.54 67.1453
0.542 66.6100
0.545 65.9606
0.547 65.2136
0.55 64.3909
0.552 63.5161
0.555 62.6115
0.557 61.7027
0.56 60.8135
0.562 59.9678
0.565 59.1842
0.567 58.4742
0.57 57.8448
0.572 57.2940
0.575 56.8088
0.577 56.3681
0.58 55.9507
0.582 55.5323
0.585 55.0856
0.587 54.5947
0.59 54.0488
0.592 53.4440
0.595 52.7895
0.597 52.1031
0.6 51.4124
0.602 50.7480
0.605 50.1448
0.607 49.6384
0.61 49.2597
0.612 49.0336
0.615 48.9792
0.617 49.1118
0.62 49.4379
0.622 49.9488
0.625 50.6298
0.627 51.4638
0.63 52.4240
0.632 53.4788
0.635 54.5983
0.637 55.7544
0.64 56.9195
0.642 58.0629
0.645 59.1585
0.647 60.1893
0.65 61.1409
0.652 62.0022
0.655 62.7695
0.657 63.4417
0.66 64.0101
0.662 64.4669
0.665 64.8090
0.667 65.0316
0.67 65.1357
0.672 65.1201
0.675 64.9834
0.677 64.7255
0.68 64.3470
0.682 63.8590
0.685 63.2751
0.687 62.6083
0.69 61.8780
0.692 61.1101
0.695 60.3317
0.697 59.5681
0.7 58.8469
0.702 58.1905
0.705 57.6160
0.707 57.1330
0.71 56.7393
0.712 56.4254
0.715 56.1801
0.717 55.9851
0.72 55.8187
0.722 55.6658
0.725 55.5170
0.727 55.3708
0.73 55.2339
0.732 55.1209
0.735 55.0516
0.737 55.0471
0.74 55.1254
0.742 55.2978
0.745 55.5673
0.747 55.9233
0.75 56.3478
0.752 56.8156
0.755 57.3000
0.757 57.7764
0.76 58.2193
0.762 58.6086
0.765 58.9276
0.767 59.1663
0.77 59.3185
0.772 59.3806
0.775 59.3541
0.777 59.2437
0.78 59.0507
0.782 58.7757
0.785 58.4236
0.787 58.0009
0.79 57.5143
0.792 56.9720
0.795 56.3839
0.797 55.7631
0.8 55.1247
0.802 54.4854
0.805 53.8609
0.807 53.2685
0.81 52.7302
0.812 52.2637
0.815 51.8810
0.817 51.5948
0.82 51.4147
0.822 51.3458
0.825 51.3889
0.827 51.5412
0.83 51.7950
0.832 52.1344
0.835 52.5395
0.837 52.9975
0.84 53.4915
0.842 53.9989
0.845 54.5045
0.847 54.9980
0.85 55.4730
0.852 55.9264
0.855 56.3587
0.857 56.7707
0.86 57.1637
0.862 57.5397
0.865 57.9008
0.867 58.2453
0.87 58.5694
0.872 58.8747
0.875 59.1601
0.877 59.4151
0.88 59.6340
0.882 59.8134
0.885 59.9466
0.887 60.0319
0.89 60.0673
0.892 60.0501
0.895 59.9796
0.897 59.8613
0.9 59.6973
0.902 59.4850
0.905 59.2280
0.907 58.9297
0.91 58.5932
0.912 58.2268
0.915 57.8339
0.917 57.4120
0.92 56.9615
0.922 56.4828
0.925 55.9766
0.927 55.4420
0.93 54.8734
0.932 54.2635
0.935 53.6065
0.937 52.8965
0.94 52.1280
0.942 51.2959
0.945 50.3984
0.947 49.4374
0.95 48.4212
0.952 47.3600
0.955 46.2697
0.957 45.1745
0.96 44.1050
0.962 43.1004
0.965 42.2065
0.967 41.4744
0.97 40.9552
0.972 40.6968
0.975 40.7404
0.977 41.1184
0.98 41.8438
0.982 42.9054
0.985 44.2679
0.987 45.8765
0.99 47.6609
0.992 49.5385
0.995 51.4250
0.997 53.2452
1.0 54.9343
1.0 56.4399
1.0 57.7254
1.01 58.7687
1.01 59.5614
1.01 60.1048
1.01 60.4092
1.02 60.4949
1.02 60.3894
1.02 60.1246
1.02 59.7386
1.03 59.2743
1.03 58.7768
1.03 58.2893
1.03 57.8503
1.04 57.4910
1.04 57.2298
1.04 57.0713
1.04 57.0089
1.05 57.0314
1.05 57.1141
1.05 57.2228
1.05 57.3331
1.06 57.4190
1.06 57.4529
1.06 57.4200
1.06 57.3081
1.07 57.1087
1.07 56.8187
1.07 56.4378
1.07 55.9724
1.08 55.4305
1.08 54.8240
1.08 54.1667
1.08 53.4841
1.09 52.7955
1.09 52.1110
1.09 51.4500
1.09 50.8298
1.1 50.2624
1.1 49.7567
1.1 49.3183
1.1 48.9468
1.11 48.6360
1.11 48.3793
1.11 48.1693
1.11 47.9999
1.12 47.8655
1.12 47.7617
1.12 47.6865
1.12 47.6400
1.13 47.6247
1.13 47.6411
1.13 47.6851
1.13 47.7533
1.14 47.8443
1.14 47.9592
1.14 48.1007
1.14 48.2725
1.15 48.4884
1.15 48.7590
1.15 49.0875
1.15 49.4813
1.16 49.9431
1.16 50.4711
1.16 51.0608
1.16 51.7016
1.17 52.3798
1.17 53.0813
1.17 53.7910
1.17 54.4974
1.18 55.1842
1.18 55.8364
1.18 56.4427
1.18 56.9902
1.19 57.4697
1.19 57.8722
1.19 58.1885
1.19 58.4056
1.2 58.5135
1.2 58.5004
1.2 58.3511
1.2 58.0566
1.21 57.6162
1.21 57.0360
1.21 56.3278
1.21 55.5165
1.22 54.6313
1.22 53.7066
1.22 52.7824
1.22 51.8969
1.23 51.0915
1.23 50.4003
1.23 49.8503
1.23 49.4601
1.24 49.2326
1.24 49.1629
1.24 49.2323
1.24 49.4121
1.25 49.6683
1.25 49.9640
1.25 50.2640
1.25 50.5363
1.26 50.7556
1.26 50.9071
1.26 50.9867
1.26 51.0007
1.27 50.9649
1.27 50.9071
1.27 50.8556
1.27 50.8383
1.28 50.8882
1.28 51.0278
1.28 51.2681
1.28 51.6099
1.29 52.0461
1.29 52.5621
1.29 53.1379
1.29 53.7552
1.3 54.3902
1.3 55.0237
1.3 55.6398
1.3 56.2222
1.31 56.7592
1.31 57.2408
1.31 57.6576
1.31 57.9924
1.32 58.2274
1.32 58.3473
1.32 58.3365
1.32 58.1853
1.33 57.8887
1.33 57.4496
1.33 56.8729
1.33 56.1678
1.34 55.3562
1.34 54.4648
1.34 53.5240
1.34 52.5709
1.35 51.6423
1.35 50.7718
1.35 49.9883
1.35 49.3113
1.36 48.7542
1.36 48.3201
1.36 48.0023
1.36 47.7985
1.37 47.7094
1.37 47.7434
1.37 47.9182
1.37 48.2544
1.38 48.7687
1.38 49.4667
1.38 50.3367
1.38 51.3479
1.39 52.4546
1.39 53.6032
1.39 54.7370
1.39 55.8112
1.4 56.7935
1.4 57.6606
1.4 58.4040
1.4 59.0249
1.41 59.5318
1.41 59.9345
1.41 60.2432
1.41 60.4662
1.42 60.6081
1.42 60.6726
1.42 60.6640
1.42 60.5860
1.43 60.4400
1.43 60.2333
1.43 59.9785
1.43 59.6913
1.44 59.3911
1.44 59.0983
1.44 58.8328
1.44 58.6130
1.45 58.4502
1.45 58.3554
1.45 58.3263
1.45 58.3466
1.46 58.4066
1.46 58.4958
1.46 58.6001
1.46 58.7083
1.47 58.8097
1.47 58.8943
1.47 58.9536
1.47 58.9768
1.48 58.9529
1.48 58.8705
1.48 58.7194
1.48 58.4911
1.49 58.1801
1.49 57.7853
1.49 57.3128
1.49 56.7738
1.5 56.1853
1.5 55.5744
1.5 54.9745
1.5 54.4157
1.51 53.9262
1.51 53.5367
1.51 53.2682
1.51 53.1317
1.52 53.1297
1.52 53.2547
1.52 53.4917
1.52 53.8180
1.53 54.2098
1.53 54.6385
1.53 55.0733
1.53 55.4873
1.54 55.8574
1.54 56.1675
1.54 56.4009
1.54 56.5423
1.55 56.5879
1.55 56.5380
1.55 56.3950
1.55 56.1661
1.56 55.8603
1.56 55.4881
1.56 55.0612
1.56 54.5920
1.57 54.0967
1.57 53.5883
1.57 53.0776
1.57 52.5783
1.58 52.1056
1.58 51.6716
1.58 51.2826
1.58 50.9438
1.59 50.6589
1.59 50.4201
1.59 50.2116
1.59 50.0205
1.6 49.8337
1.6 49.6424
1.6 49.4379
1.6 49.2143
1.61 48.9705
1.61 48.7088
1.61 48.4338
1.61 48.1510
1.62 47.8696
1.62 47.5980
1.62 47.3429
1.62 47.1138
1.63 46.9204
1.63 46.7742
1.63 46.6881
1.63 46.6745
1.64 46.7449
1.64 46.9102
1.64 47.1804
1.64 47.5587
1.65 48.0455
1.65 48.6366
1.65 49.3215
1.65 50.0873
1.66 50.9168
1.66 51.7925
1.66 52.6926
1.66 53.5934
1.67 54.4688
1.67 55.2966
1.67 56.0536
1.67 56.7135
1.68 57.2583
1.68 57.6742
1.68 57.9501
1.68 58.0766
1.69 58.0494
1.69 57.8703
1.69 57.5440
1.69 57.0768
1.7 56.4775
1.7 55.7614
1.7 54.9538
1.7 54.0871
1.71 53.2030
1.71 52.3528
1.71 51.5913
1.71 50.9724
1.72 50.5380
1.72 50.3094
1.72 50.2865
1.72 50.4458
1.73 50.7450
1.73 51.1358
1.73 51.5724
1.73 52.0112
1.74 52.4195
1.74 52.7753
1.74 53.0616
1.74 53.2681
1.75 53.3873
1.75 53.4136
1.75 53.3407
1.75 53.1655
1.76 52.8869
1.76 52.5035
1.76 52.0173
1.76 51.4362
1.77 50.7693
1.77 50.0344
1.77 49.2517
1.77 48.4430
1.78 47.6444
1.78 46.8994
1.78 46.2582
1.78 45.7737
1.79 45.4945
1.79 45.4560
1.79 45.6742
1.79 46.1412
1.8 46.8235
1.8 47.6678
1.8 48.6122
1.8 49.5943
1.81 50.5566
1.81 51.4510
1.81 52.2440
1.81 52.9176
1.82 53.4651
1.82 53.8890
1.82 54.1976
1.82 54.4031
1.83 54.5276
1.83 54.5910
1.83 54.6094
1.83 54.6028
1.84 54.5896
1.84 54.5799
1.84 54.5776
1.84 54.5873
1.85 54.6061
1.85 54.6233
1.85 54.6291
1.85 54.6131
1.86 54.5610
1.86 54.4603
1.86 54.3038
1.86 54.0884
1.87 53.8163
1.87 53.4963
1.87 53.1471
1.87 52.7889
1.88 52.4397
1.88 52.1219
1.88 51.8552
1.88 51.6542
1.89 51.5304
1.89 51.4904
1.89 51.5400
1.89 51.6762
1.9 51.8887
1.9 52.1662
1.9 52.4959
1.9 52.8566
1.91 53.2185
1.91 53.5545
1.91 53.8339
1.91 54.0258
1.92 54.1097
1.92 54.0746
1.92 53.9220
1.92 53.6629
1.93 53.3182
1.93 52.9161
1.93 52.4880
1.93 52.0642
1.94 51.6712
1.94 51.3346
1.94 51.0719
1.94 50.8939
1.95 50.8061
1.95 50.8063
1.95 50.8874
1.95 51.0401
1.96 51.2531
1.96 51.5151
1.96 51.8189
1.96 52.1586
1.97 52.5267
1.97 52.9187
1.97 53.3326
1.97 53.7607
1.98 54.1936
1.98 54.6311
1.98 55.0652
1.98 55.4833
1.99 55.8770
1.99 56.2357
1.99 56.5537
1.99 56.8222
2.0 57.0335
2.0 57.1813
2.0 57.2561
2.0 57.2562
2.01 57.1835
2.01 57.0513
2.01 56.8727
2.01 56.6566
2.02 56.4223
2.02 56.1883
2.02 55.9730
2.02 55.7887
2.03 55.6370
2.03 55.5162
2.03 55.4187
2.03 55.3327
2.04 55.2459
2.04 55.1473
2.04 55.0296
2.04 54.8958
2.05 54.7522
2.05 54.6067
2.05 54.4762
2.05 54.3760
2.06 54.3151
2.06 54.3053
2.06 54.3532
2.06 54.4596
2.07 54.6223
2.07 54.8354
2.07 55.0917
2.07 55.3827
2.08 55.7018
2.08 56.0409
2.08 56.3920
2.08 56.7478
2.09 57.1002
2.09 57.4434
2.09 57.7679
2.09 58.0668
2.1 58.3333
2.1 58.5573
2.1 58.7323
2.1 58.8491
2.11 58.8949
2.11 58.8615
2.11 58.7427
2.11 58.5385
2.12 58.2527
2.12 57.8898
2.12 57.4614
2.12 56.9760
2.13 56.4375
2.13 55.8560
2.13 55.2409
2.13 54.5998
2.14 53.9400
2.14 53.2683
2.14 52.5919
2.14 51.9210
2.15 51.2620
2.15 50.6196
2.15 50.0029
2.15 49.4240
2.16 48.9000
2.16 48.4504
2.16 48.0986
2.16 47.8710
2.17 47.7914
2.17 47.8772
2.17 48.1400
2.17 48.5750
2.18 49.1609
2.18 49.8704
2.18 50.6707
2.18 51.5263
2.19 52.4044
2.19 53.2751
2.19 54.1148
2.19 54.9081
2.2 55.6461
2.2 56.3308
2.2 56.9630
2.2 57.5444
2.21 58.0790
2.21 58.5681
2.21 59.0181
2.21 59.4347
2.22 59.8209
2.22 60.1800
2.22 60.5167
2.22 60.8361
2.23 61.1433
2.23 61.4385
2.23 61.7190
2.23 61.9827
2.24 62.2277
2.24 62.4527
2.24 62.6480
2.24 62.8054
2.25 62.9088
2.25 62.9320
2.25 62.8578
2.25 62.6746
2.26 62.3694
2.26 61.9319
2.26 61.3611
2.26 60.6623
2.27 59.8522
2.27 58.9556
2.27 58.0042
2.27 57.0358
2.28 56.0948
2.28 55.2136
2.28 54.4123
2.28 53.7103
2.29 53.1183
2.29 52.6406
2.29 52.2761
2.29 52.0217
2.3 51.8758
2.3 51.8317
2.3 51.8824
2.3 52.0193
2.31 52.2300
2.31 52.5017
2.31 52.8249
2.31 53.1851
2.32 53.5587
2.32 53.9298
2.32 54.2870
2.32 54.6224
2.33 54.9291
2.33 55.2044
2.33 55.4541
2.33 55.6854
2.34 55.9065
2.34 56.1302
2.34 56.3693
2.34 56.6338
2.35 56.9323
2.35 57.2722
2.35 57.6565
2.35 58.0847
2.36 58.5519
2.36 59.0499
2.36 59.5690
2.36 60.0967
2.37 60.6201
2.37 61.1313
2.37 61.6161
2.37 62.0548
2.38 62.4340
2.38 62.7427
2.38 62.9697
2.38 63.1036
2.39 63.1406
2.39 63.0765
2.39 62.9106
2.39 62.6448
2.4 62.2820
2.4 61.8305
2.4 61.3040
2.4 60.7193
2.41 60.0932
2.41 59.4501
2.41 58.8070
2.41 58.1737
2.42 57.5635
2.42 56.9897
2.42 56.4601
2.42 55.9747
2.43 55.5322
2.43 55.1324
2.43 54.7687
2.43 54.4224
2.44 54.0807
2.44 53.7340
2.44 53.3761
2.44 53.0098
2.45 52.6461
2.45 52.3037
2.45 52.0039
2.45 51.7755
2.46 51.6462
2.46 51.6333
2.46 51.7445
2.46 51.9775
2.47 52.3180
2.47 52.7430
2.47 53.2187
2.47 53.7076
2.48 54.1761
2.48 54.5947
2.48 54.9424
2.48 55.2043
2.49 55.3737
2.49 55.4509
2.49 55.4398
2.49 55.3512
2.5 55.1947
2.5 54.9736
2.5 54.6948
2.5 54.3710
2.51 54.0102
2.51 53.6183
2.51 53.2081
2.51 52.7961
2.52 52.3998
2.52 52.0381
2.52 51.7330
2.52 51.5083
2.53 51.3860
2.53 51.3848
2.53 51.5236
2.53 51.8108
2.54 52.2415
2.54 52.8029
2.54 53.4724
2.54 54.2203
2.55 55.0114
2.55 55.8089
2.55 56.5791
2.55 57.2927
2.56 57.9326
2.56 58.4855
2.56 58.9412
2.56 59.3022
2.57 59.5759
2.57 59.7677
2.57 59.8909
2.57 59.9616
2.58 59.9881
2.58 59.9794
2.58 59.9451
2.58 59.8936
2.59 59.8324
2.59 59.7682
2.59 59.7095
2.59 59.6577
2.6 59.6048
2.6 59.5429
2.6 59.4680
2.6 59.3737
2.61 59.2510
2.61 59.0911
2.61 58.8849
2.61 58.6242
2.62 58.3054
2.62 57.9239
2.62 57.4710
2.62 56.9409
2.63 56.3329
2.63 55.6534
2.63 54.9100
2.63 54.1155
2.64 53.2891
2.64 52.4583
2.64 51.6446
2.64 50.8639
2.65 50.1401
2.65 49.4919
2.65 48.9315
2.65 48.4670
2.66 48.1006
2.66 47.8286
2.66 47.6444
2.66 47.5407
2.67 47.5103
2.67 47.5479
2.67 47.6476
2.67 47.8076
2.68 48.0298
2.68 48.3131
2.68 48.6551
2.68 49.0541
2.69 49.5114
2.69 50.0296
2.69 50.6099
2.69 51.2525
2.7 51.9517
2.7 52.6971
2.7 53.4802
2.7 54.2931
2.71 55.1242
2.71 55.9581
2.71 56.7787
2.71 57.5686
2.72 58.3084
2.72 58.9789
2.72 59.5657
2.72 60.0562
2.73 60.4417
2.73 60.7149
2.73 60.8702
2.73 60.9094
2.74 60.8341
2.74 60.6460
2.74 60.3514
2.74 59.9615
2.75 59.4902
2.75 58.9496
2.75 58.3566
2.75 57.7261
2.76 57.0669
2.76 56.3892
2.76 55.7054
2.76 55.0243
2.77 54.3511
2.77 53.6933
2.77 53.0586
2.77 52.4581
2.78 51.9007
2.78 51.3903
2.78 50.9362
2.78 50.5512
2.79 50.2494
2.79 50.0465
2.79 49.9559
2.79 49.9890
2.8 50.1509
2.8 50.4416
2.8 50.8588
2.8 51.3931
2.81 52.0282
2.81 52.7488
2.81 53.5296
2.81 54.3352
2.82 55.1395
2.82 55.9153
2.82 56.6318
2.82 57.2657
2.83 57.7985
2.83 58.2167
2.83 58.5112
2.83 58.6752
2.84 58.7060
2.84 58.6048
2.84 58.3746
2.84 58.0214
2.85 57.5561
2.85 56.9889
2.85 56.3305
2.85 55.5945
2.86 54.7974
2.86 53.9594
2.86 53.1039
2.86 52.2495
2.87 51.4133
2.87 50.6152
2.87 49.8710
2.87 49.1936
2.88 48.5918
2.88 48.0717
2.88 47.6389
2.88 47.2989
2.89 47.0557
2.89 46.9120
2.89 46.8722
2.89 46.9416
2.9 47.1253
2.9 47.4278
2.9 47.8500
2.9 48.3922
2.91 49.0513
2.91 49.8190
2.91 50.6865
2.91 51.6449
2.92 52.6816
2.92 53.7843
2.92 54.9365
2.92 56.1180
2.93 57.3137
2.93 58.5125
2.93 59.7021
2.93 60.8708
2.94 62.0081
2.94 63.1020
2.94 64.1452
2.94 65.1298
2.95 66.0471
2.95 66.8886
2.95 67.6452
2.95 68.3100
2.96 68.8816
2.96 69.3504
2.96 69.7081
2.96 69.9437
2.97 70.0410
2.97 69.9940
2.97 69.8040
2.97 69.4743
2.98 69.0089
2.98 68.4227
2.98 67.7369
2.98 66.9794
2.99 66.1802
2.99 65.3734
2.99 64.5926
2.99 63.8696
3.0 63.2329
3.0 62.7062
3.0 62.3018
3.0 62.0194
3.01 61.8524
3.01 61.7860
3.01 61.7974
3.01 61.8570
3.02 61.9359
3.02 62.0076
3.02 62.0473
3.02 62.0351
3.03 61.9554
3.03 61.7997
3.03 61.5679
3.03 61.2597
3.04 60.8775
3.04 60.4266
3.04 59.9106
3.04 59.3384
3.05 58.7156
3.05 58.0389
3.05 57.3102
3.05 56.5343
3.06 55.7170
3.06 54.8693
3.06 54.0088
3.06 53.1581
3.07 52.3440
3.07 51.5978
3.07 50.9521
3.07 50.4377
3.08 50.0771
3.08 49.8824
3.08 49.8561
3.08 49.9858
3.09 50.2497
3.09 50.6157
3.09 51.0426
3.09 51.4908
3.1 51.9276
3.1 52.3195
3.1 52.6343
3.1 52.8514
3.11 52.9568
3.11 52.9438
3.11 52.8114
3.11 52.5678
3.12 52.2200
3.12 51.7763
3.12 51.2486
3.12 50.6502
3.13 49.9997
3.13 49.3198
3.13 48.6341
3.13 47.9654
3.14 47.3366
3.14 46.7697
3.14 46.2833
3.14 45.8906
3.15 45.5996
3.15 45.4118
3.15 45.3235
3.15 45.3266
3.16 45.4053
3.16 45.5439
3.16 45.7282
3.16 45.9404
3.17 46.1667
3.17 46.3976
3.17 46.6237
3.17 46.8366
3.18 47.0289
3.18 47.1966
3.18 47.3340
3.18 47.4303
3.19 47.4776
3.19 47.4720
3.19 47.4114
3.19 47.2987
3.2 47.1398
3.2 46.9461
3.2 46.7324
3.2 46.5162
3.21 46.3211
3.21 46.1688
3.21 46.0784
3.21 46.0673
3.22 46.1471
3.22 46.3258
3.22 46.6025
3.22 46.9680
3.23 47.4145
3.23 47.9309
3.23 48.5038
3.23 49.1212
3.24 49.7714
3.24 50.4431
3.24 51.1251
3.24 51.8073
3.25 52.4823
3.25 53.1374
3.25 53.7578
3.25 54.3335
3.26 54.8588
3.26 55.3246
3.26 55.7214
3.26 56.0474
3.27 56.3035
3.27 56.4931
3.27 56.6233
3.27 56.7025
3.28 56.7394
3.28 56.7456
3.28 56.7337
3.28 56.7173
3.29 56.7112
3.29 56.7237
3.29 56.7578
3.29 56.8180
3.3 56.9021
3.3 57.0019
3.3 57.1057
3.3 57.1986
3.31 57.2651
3.31 57.2901
3.31 57.2623
3.31 57.1766
3.32 57.0352
3.32 56.8515
3.32 56.6453
3.32 56.4409
3.33 56.2656
3.33 56.1455
3.33 56.0990
3.33 56.1230
3.34 56.1957
3.34 56.2799
3.34 56.3222
3.34 56.2685
3.35 56.0614
3.35 55.6506
3.35 55.0110
3.35 54.1364
3.36 53.0432
3.36 51.7734
3.36 50.3935
3.36 48.9872
3.37 47.6446
3.37 46.4579
3.37 45.5132
3.37 44.8769
3.38 44.5863
3.38 44.6487
3.38 45.0360
3.38 45.6924
3.39 46.5485
3.39 47.5301
3.39 48.5714
3.39 49.6186
3.4 50.6309
3.4 51.5864
3.4 52.4697
3.4 53.2647
3.41 53.9679
3.41 54.5731
3.41 55.0782
3.41 55.4796
3.42 55.7672
3.42 55.9431
3.42 56.0121
3.42 55.9842
3.43 55.8761
3.43 55.7110
3.43 55.5189
3.43 55.3289
3.44 55.1689
3.44 55.0650
3.44 55.0386
3.44 55.1029
3.45 55.2618
3.45 55.5102
3.45 55.8327
3.45 56.2124
3.46 56.6322
3.46 57.0746
3.46 57.5255
3.46 57.9709
3.47 58.4013
3.47 58.8084
3.47 59.1827
3.47 59.5156
3.48 59.7958
3.48 60.0116
3.48 60.1532
3.48 60.2091
3.49 60.1679
3.49 60.0195
3.49 59.7516
3.49 59.3574
3.5 58.8309
3.5 58.1658
3.5 57.3662
3.5 56.4380
3.51 55.3899
3.51 54.2390
3.51 53.0069
3.51 51.7200
3.52 50.4114
3.52 49.1211
3.52 47.8909
3.52 46.7568
3.53 45.7514
3.53 44.9024
3.53 44.2298
3.53 43.7429
3.54 43.4418
3.54 43.3156
3.54 43.3464
3.54 43.5128
3.55 43.7911
3.55 44.1585
3.55 44.5935
3.55 45.0782
3.56 45.5994
3.56 46.1476
3.56 46.7131
3.56 47.2876
3.57 47.8649
3.57 48.4447
3.57 49.0261
3.57 49.6016
3.58 50.1658
3.58 50.7173
3.58 51.2549
3.58 51.7775
3.59 52.2842
3.59 52.7750
3.59 53.2502
3.59 53.7092
3.6 54.1518
3.6 54.5781
3.6 54.9883
3.6 55.3831
3.61 55.7613
3.61 56.1222
3.61 56.4657
3.61 56.7905
3.62 57.0949
3.62 57.3741
3.62 57.6198
3.62 57.8259
3.63 57.9837
3.63 58.0792
3.63 58.0996
3.63 58.0340
3.64 57.8753
3.64 57.6165
3.64 57.2521
3.64 56.7826
3.65 56.2124
3.65 55.5505
3.65 54.8125
3.65 54.0156
3.66 53.1814
3.66 52.3409
3.66 51.5252
3.66 50.7665
3.67 50.1003
3.67 49.5590
3.67 49.1712
3.67 48.9611
3.68 48.9404
3.68 49.1068
3.68 49.4481
3.68 49.9401
3.69 50.5491
3.69 51.2362
3.69 51.9612
3.69 52.6865
3.7 53.3802
3.7 54.0169
3.7 54.5772
3.7 55.0502
3.71 55.4313
3.71 55.7204
3.71 55.9238
3.71 56.0515
3.72 56.1155
3.72 56.1287
3.72 56.1059
3.72 56.0626
3.73 56.0146
3.73 55.9796
3.73 55.9665
3.73 55.9742
3.74 56.0022
3.74 56.0461
3.74 56.0975
3.74 56.1481
3.75 56.1861
3.75 56.1962
3.75 56.1674
3.75 56.0934
3.76 55.9708
3.76 55.8018
3.76 55.5883
3.76 55.3304
3.77 55.0307
3.77 54.6896
3.77 54.3068
3.77 53.8833
3.78 53.4213
3.78 52.9220
3.78 52.3882
3.78 51.8303
3.79 51.2594
3.79 50.6885
3.79 50.1350
3.79 49.6169
3.8 49.1521
3.8 48.7565
3.8 48.4419
3.8 48.2163
3.81 48.0835
3.81 48.0446
3.81 48.0975
3.81 48.2370
3.82 48.4578
3.82 48.7525
3.82 49.1095
3.82 49.5164
3.83 49.9609
3.83 50.4297
3.83 50.9100
3.83 51.3896
3.84 51.8561
3.84 52.2948
3.84 52.6907
3.84 53.0298
3.85 53.3019
3.85 53.5001
3.85 53.6194
3.85 53.6596
3.86 53.6243
3.86 53.5175
3.86 53.3484
3.86 53.1279
3.87 52.8659
3.87 52.5725
3.87 52.2551
3.87 51.9217
3.88 51.5801
3.88 51.2375
3.88 50.9031
3.88 50.5868
3.89 50.2985
3.89 50.0483
3.89 49.8479
3.89 49.7085
3.9 49.6349
3.9 49.6288
3.9 49.6914
3.9 49.8163
3.91 49.9917
3.91 50.2073
3.91 50.4519
3.91 50.7126
3.92 50.9782
3.92 51.2408
3.92 51.4951
3.92 51.7371
3.93 51.9642
3.93 52.1751
3.93 52.3697
3.93 52.5461
3.94 52.7021
3.94 52.8365
3.94 52.9463
3.94 53.0300
3.95 53.0876
3.95 53.1222
3.95 53.1356
3.95 53.1316
3.96 53.1181
3.96 53.1051
3.96 53.1048
3.96 53.1347
3.97 53.2095
3.97 53.3403
3.97 53.5376
3.97 53.8047
3.98 54.1398
3.98 54.5356
3.98 54.9780
3.98 55.4482
3.99 55.9278
3.99 56.3972
3.99 56.8369
3.99 57.2334
4.0 57.5747
4.0 57.8498
4.0 58.0530
4.0 58.1812
4.01 58.2371
4.01 58.2188
4.01 58.1203
4.01 57.9417
4.02 57.6839
4.02 57.3483
4.02 56.9395
4.02 56.4650
4.03 55.9295
4.03 55.3378
4.03 54.6978
4.03 54.0193
4.04 53.3105
4.04 52.5811
4.04 51.8410
4.04 51.1007
4.05 50.3741
4.05 49.6771
4.05 49.0326
4.05 48.4646
4.06 47.9928
4.06 47.6358
4.06 47.4097
4.06 47.3245
4.07 47.3816
4.07 47.5737
4.07 47.8841
4.07 48.2901
4.08 48.7634
4.08 49.2739
4.08 49.7951
4.08 50.3041
4.09 50.7839
4.09 51.2230
4.09 51.6123
4.09 51.9487
4.1 52.2301
4.1 52.4524
4.1 52.6164
4.1 52.7223
4.11 52.7645
4.11 52.7387
4.11 52.6454
4.11 52.4867
4.12 52.2645
4.12 51.9831
4.12 51.6478
4.12 51.2671
4.13 50.8522
4.13 50.4159
4.13 49.9746
4.13 49.5435
4.14 49.1372
4.14 48.7716
4.14 48.4615
4.14 48.2199
4.15 48.0572
4.15 47.9833
4.15 48.0061
4.15 48.1297
4.16 48.3559
4.16 48.6853
4.16 49.1087
4.16 49.6091
4.17 50.1672
4.17 50.7583
4.17 51.3555
4.17 51.9336
4.18 52.4676
4.18 52.9328
4.18 53.3087
4.18 53.5798
4.19 53.7351
4.19 53.7690
4.19 53.6785
4.19 53.4633
4.2 53.1304
4.2 52.6857
4.2 52.1356
4.2 51.4906
4.21 50.7631
4.21 49.9689
4.21 49.1268
4.21 48.2576
4.22 47.3806
4.22 46.5168
4.22 45.6879
4.22 44.9148
4.23 44.2173
4.23 43.6128
4.23 43.1152
4.23 42.7335
4.24 42.4733
4.24 42.3309
4.24 42.2922
4.24 42.3405
4.25 42.4541
4.25 42.6085
4.25 42.7807
4.25 42.9522
4.26 43.1116
4.26 43.2541
4.26 43.3814
4.26 43.5041
4.27 43.6377
4.27 43.7976
4.27 43.9989
4.27 44.2554
4.28 44.5745
4.28 44.9601
4.28 45.4109
4.28 45.9226
4.29 46.4885
4.29 47.0994
4.29 47.7476
4.29 48.4275
4.3 49.1343
4.3 49.8645
4.3 50.6160
4.3 51.3852
4.31 52.1669
4.31 52.9513
4.31 53.7245
4.31 54.4698
4.32 55.1688
4.32 55.8018
4.32 56.3496
4.32 56.7943
4.33 57.1230
4.33 57.3279
4.33 57.4048
4.33 57.3565
4.34 57.1908
4.34 56.9203
4.34 56.5619
4.34 56.1345
4.35 55.6610
4.35 55.1610
4.35 54.6485
4.35 54.1389
4.36 53.6465
4.36 53.1790
4.36 52.7379
4.36 52.3190
4.37 51.9098
4.37 51.5047
4.37 51.0989
4.37 50.6829
4.38 50.2526
4.38 49.8111
4.38 49.3665
4.38 48.9275
4.39 48.5045
4.39 48.1093
4.39 47.7539
4.39 47.4525
4.4 47.2181
4.4 47.0624
4.4 46.9976
4.4 47.0350
4.41 47.1865
4.41 47.4659
4.41 47.8872
4.41 48.4615
4.42 49.1965
4.42 50.0943
4.42 51.1461
4.42 52.3280
4.43 53.6035
4.43 54.9293
4.43 56.2540
4.43 57.5239
4.44 58.6929
4.44 59.7194
4.44 60.5708
4.44 61.2209
4.45 61.6510
4.45 61.8529
4.45 61.8230
4.45 61.5651
4.46 61.0892
4.46 60.4110
4.46 59.5503
4.46 58.5320
4.47 57.3872
4.47 56.1507
4.47 54.8605
4.47 53.5593
4.48 52.2857
4.48 51.0757
4.48 49.9627
4.49 48.9721
4.49 48.1247
4.49 47.4361
4.49 46.9091
4.5 46.5357
4.5 46.3043
4.5 46.2005
4.5 46.2073
4.51 46.3063
4.51 46.4807
4.51 46.7136
4.51 46.9868
4.52 47.2842
4.52 47.5948
4.52 47.9064
4.52 48.2063
4.53 48.4901
4.53 48.7524
4.53 48.9869
4.53 49.1921
4.54 49.3685
4.54 49.5183
4.54 49.6455
4.54 49.7594
4.55 49.8681
4.55 49.9757
4.55 50.0897
4.55 50.2150
4.56 50.3516
4.56 50.4954
4.56 50.6359
4.56 50.7611
4.57 50.8580
4.57 50.9108
4.57 50.9077
4.57 50.8396
4.58 50.7008
4.58 50.4901
4.58 50.2091
4.58 49.8642
4.59 49.4699
4.59 49.0378
4.59 48.5766
4.59 48.0988
4.6 47.6193
4.6 47.1536
4.6 46.7098
4.6 46.2944
4.61 45.9194
4.61 45.5891
4.61 45.3101
4.61 45.0891
4.62 44.9255
4.62 44.8224
4.62 44.7852
4.62 44.8193
4.63 44.9304
4.63 45.1237
4.63 45.4019
4.63 45.7642
4.64 46.2088
4.64 46.7275
4.64 47.3078
4.64 47.9415
4.65 48.6137
4.65 49.3053
4.65 50.0002
4.65 50.6808
4.66 51.3318
4.66 51.9391
4.66 52.4865
4.66 52.9606
4.67 53.3493
4.67 53.6424
4.67 53.8355
4.67 53.9247
4.68 53.9089
4.68 53.7928
4.68 53.5846
4.68 53.2961
4.69 52.9413
4.69 52.5349
4.69 52.0952
4.69 51.6386
4.7 51.1787
4.7 50.7356
4.7 50.3329
4.7 49.9952
4.71 49.7443
4.71 49.5980
4.71 49.5727
4.71 49.6723
4.72 49.8824
4.72 50.1811
4.72 50.5410
4.72 50.9344
4.73 51.3333
4.73 51.7140
4.73 52.0627
4.73 52.3678
4.74 52.6219
4.74 52.8244
4.74 52.9773
4.74 53.0835
4.75 53.1461
4.75 53.1674
4.75 53.1474
4.75 53.0877
4.76 52.9906
4.76 52.8588
4.76 52.6957
4.76 52.5104
4.77 52.3103
4.77 52.0999
4.77 51.8874
4.77 51.6830
4.78 51.4965
4.78 51.3379
4.78 51.2150
4.78 51.1322
4.79 51.0945
4.79 51.1070
4.79 51.1753
4.79 51.2968
4.8 51.4693
4.8 51.6866
4.8 51.9346
4.8 52.2023
4.81 52.4773
4.81 52.7472
4.81 53.0051
4.81 53.2386
4.82 53.4278
4.82 53.5598
4.82 53.6295
4.82 53.6255
4.83 53.5331
4.83 53.3421
4.83 53.0406
4.83 52.6158
4.84 52.0549
4.84 51.3425
4.84 50.4656
4.84 49.4246
4.85 48.2249
4.85 46.8879
4.85 45.4618
4.85 44.0153
4.86 42.6364
4.86 41.4206
4.86 40.4532
4.86 39.7956
4.87 39.4695
4.87 39.4584
4.87 39.7219
4.87 40.2098
4.88 40.8743
4.88 41.6774
4.88 42.5934
4.88 43.6037
4.89 44.6915
4.89 45.8339
4.89 47.0022
4.89 48.1646
4.9 49.2827
4.9 50.3192
4.9 51.2392
4.9 52.0099
4.91 52.6099
4.91 53.0283
4.91 53.2679
4.91 53.3513
4.92 53.3079
4.92 53.1711
4.92 52.9880
4.92 52.8077
4.93 52.6777
4.93 52.6378
4.93 52.7143
4.93 52.9221
4.94 53.2611
4.94 53.7122
4.94 54.2458
4.94 54.8277
4.95 55.4213
4.95 55.9894
4.95 56.4962
4.95 56.9123
4.96 57.2174
4.96 57.3976
4.96 57.4425
4.96 57.3507
4.97 57.1303
4.97 56.7931
4.97 56.3555
4.97 55.8420
4.98 55.2814
4.98 54.7006
4.98 54.1233
4.98 53.5726
4.99 53.0638
4.99 52.6033
4.99 52.1949
4.99 51.8354
5.0 51.5179
5.0 51.2367
5.0 50.9882
5.0 50.7721
5.01 50.5944
5.01 50.4665
5.01 50.4005
5.01 50.4104
5.02 50.5088
5.02 50.7047
5.02 50.9984
5.02 51.3771
5.03 51.8196
5.03 52.2979
5.03 52.7815
5.03 53.2396
5.04 53.6475
5.04 53.9864
5.04 54.2414
5.04 54.4064
5.05 54.4845
5.05 54.4852
5.05 54.4211
5.05 54.3088
5.06 54.1659
5.06 54.0072
5.06 53.8496
5.06 53.7100
5.07 53.5997
5.07 53.5253
5.07 53.4905
5.07 53.4966
5.08 53.5413
5.08 53.6189
5.08 53.7223
5.08 53.8432
5.09 53.9753
5.09 54.1087
5.09 54.2312
5.09 54.3343
5.1 54.4094
5.1 54.4473
5.1 54.4421
5.1 54.3856
5.11 54.2686
5.11 54.0841
5.11 53.8255
5.11 53.4874
5.12 53.0639
5.12 52.5496
5.12 51.9428
5.12 51.2455
5.13 50.4635
5.13 49.6080
5.13 48.6985
5.13 47.7597
5.14 46.8254
5.14 45.9337
5.14 45.1224
5.14 44.4320
5.15 43.8980
5.15 43.5487
5.15 43.4025
5.15 43.4642
5.16 43.7226
5.16 44.1525
5.16 44.7172
5.16 45.3750
5.17 46.0802
5.17 46.7907
5.17 47.4720
5.17 48.0988
5.18 48.6559
5.18 49.1381
5.18 49.5493
5.18 49.8995
5.19 50.2046
5.19 50.4825
5.19 50.7493
5.19 51.0179
5.2 51.2988
5.2 51.5979
5.2 51.9160
5.2 52.2496
5.21 52.5913
5.21 52.9310
5.21 53.2574
5.21 53.5588
5.22 53.8277
5.22 54.0574
5.22 54.2413
5.22 54.3803
5.23 54.4785
5.23 54.5468
5.23 54.6041
5.23 54.6608
5.24 54.7250
5.24 54.8083
5.24 54.9183
5.24 55.0548
5.25 55.2101
5.25 55.3725
5.25 55.5274
5.25 55.6577
5.26 55.7528
5.26 55.7976
5.26 55.7749
5.26 55.6798
5.27 55.5119
5.27 55.2759
5.27 54.9803
5.27 54.6411
5.28 54.2716
5.28 53.8825
5.28 53.4895
5.28 53.1033
5.29 52.7289
5.29 52.3729
5.29 52.0371
5.29 51.7197
5.3 51.4215
5.3 51.1433
5.3 50.8878
5.3 50.6597
5.31 50.4650
5.31 50.3097
5.31 50.1998
5.31 50.1405
5.32 50.1374
5.32 50.1932
5.32 50.3046
5.32 50.4663
5.33 50.6710
5.33 50.9079
5.33 51.1620
5.33 51.4165
5.34 51.6542
5.34 51.8559
5.34 52.0007
5.34 52.0693
5.35 52.0447
5.35 51.9154
5.35 51.6771
5.35 51.3300
5.36 50.8812
5.36 50.3453
5.36 49.7388
5.36 49.0815
5.37 48.4001
5.37 47.7195
5.37 47.0640
5.37 46.4607
5.38 45.9332
5.38 45.5011
5.38 45.1824
5.38 44.9902
5.39 44.9326
5.39 45.0114
5.39 45.2233
5.39 45.5583
5.4 46.0015
5.4 46.5377
5.4 47.1482
5.4 47.8115
5.41 48.5090
5.41 49.2227
5.41 49.9352
5.41 50.6332
5.42 51.3066
5.42 51.9432
5.42 52.5294
5.42 53.0550
5.43 53.5143
5.43 53.9011
5.43 54.2094
5.43 54.4354
5.44 54.5785
5.44 54.6357
5.44 54.6031
5.44 54.4811
5.45 54.2713
5.45 53.9760
5.45 53.6014
5.45 53.1556
5.46 52.6469
5.46 52.0886
5.46 51.4972
5.46 50.8924
5.47 50.2950
5.47 49.7221
5.47 49.1870
5.47 48.7014
5.48 48.2728
5.48 47.9043
5.48 47.5979
5.48 47.3524
5.49 47.1645
5.49 47.0337
5.49 46.9589
5.49 46.9398
5.5 46.9769
5.5 47.0728
5.5 47.2252
5.5 47.4251
5.51 47.6643
5.51 47.9327
5.51 48.2185
5.51 48.5100
5.52 48.7994
5.52 49.0773
5.52 49.3334
5.52 49.5647
5.53 49.7708
5.53 49.9499
5.53 50.1050
5.53 50.2400
5.54 50.3583
5.54 50.4655
5.54 50.5700
5.54 50.6764
5.55 50.7848
5.55 50.8958
5.55 51.0086
5.55 51.1211
5.56 51.2297
5.56 51.3320
5.56 51.4240
5.56 51.5000
5.57 51.5587
5.57 51.6012
5.57 51.6317
5.57 51.6572
5.58 51.6872
5.58 51.7353
5.58 51.8170
5.58 51.9410
5.59 52.1130
5.59 52.3365
5.59 52.6074
5.59 52.9160
5.6 53.2497
5.6 53.5911
5.6 53.9190
5.6 54.2126
5.61 54.4524
5.61 54.6276
5.61 54.7269
5.61 54.7380
5.62 54.6593
5.62 54.4960
5.62 54.2604
5.62 53.9687
5.63 53.6403
5.63 53.2979
5.63 52.9645
5.63 52.6632
5.64 52.4128
5.64 52.2272
5.64 52.1163
5.64 52.0842
5.65 52.1299
5.65 52.2491
5.65 52.4319
5.65 52.6656
5.66 52.9334
5.66 53.2159
5.66 53.4935
5.66 53.7444
5.67 53.9476
5.67 54.0852
5.67 54.1438
5.67 54.1127
5.68 53.9872
5.68 53.7672
5.68 53.4599
5.68 53.0746
5.69 52.6203
5.69 52.1125
5.69 51.5668
5.69 50.9984
5.7 50.4232
5.7 49.8575
5.7 49.3144
5.7 48.8049
5.71 48.3396
5.71 47.9293
5.71 47.5801
5.71 47.2977
5.72 47.0883
5.72 46.9557
5.72 46.9052
5.72 46.9439
5.73 47.0790
5.73 47.3165
5.73 47.6601
5.73 48.1115
5.74 48.6694
5.74 49.3270
5.74 50.0714
5.74 50.8845
5.75 51.7439
5.75 52.6263
5.75 53.5080
5.75 54.3635
5.76 55.1708
5.76 55.9125
5.76 56.5756
5.76 57.1603
5.77 57.6636
5.77 58.0801
5.77 58.4174
5.77 58.6873
5.78 58.9034
5.78 59.0785
5.78 59.2258
5.78 59.3570
5.79 59.4813
5.79 59.6045
5.79 59.7262
5.79 59.8396
5.8 59.9367
5.8 60.0085
5.8 60.0457
5.8 60.0425
5.81 59.9922
5.81 59.8892
5.81 59.7340
5.81 59.5292
5.82 59.2767
5.82 58.9819
5.82 58.6546
5.82 58.3042
5.83 57.9395
5.83 57.5709
5.83 57.2062
5.83 56.8526
5.84 56.5145
5.84 56.1925
5.84 55.8872
5.84 55.5961
5.85 55.3178
5.85 55.0505
5.85 54.7871
5.85 54.5233
5.86 54.2582
5.86 53.9898
5.86 53.7165
5.86 53.4403
5.87 53.1639
5.87 52.8893
5.87 52.6168
5.87 52.3466
5.88 52.0794
5.88 51.8145
5.88 51.5482
5.88 51.2781
5.89 51.0034
5.89 50.7217
5.89 50.4328
5.89 50.1403
5.9 49.8512
5.9 49.5751
5.9 49.3257
5.9 49.1178
5.91 48.9665
5.91 48.8833
5.91 48.8752
5.91 48.9462
5.92 49.0934
5.92 49.3053
5.92 49.5645
5.92 49.8472
5.93 50.1262
5.93 50.3766
5.93 50.5755
5.93 50.7043
5.94 50.7516
5.94 50.7144
5.94 50.5980
5.94 50.4142
5.95 50.1843
5.95 49.9293
5.95 49.6621
5.95 49.3962
5.96 49.1443
5.96 48.9170
5.96 48.7222
5.96 48.5651
5.97 48.4551
5.97 48.4000
5.97 48.4035
5.97 48.4703
5.98 48.6014
5.98 48.7919
5.98 49.0368
5.98 49.3283
5.99 49.6521
5.99 49.9943
5.99 50.3462
5.99 50.7028
6.0 51.0633
6.0 51.4307
6.0 51.8144
6.0 52.2187
6.01 52.6415
6.01 53.0792
6.01 53.5231
6.01 53.9639
6.02 54.3923
6.02 54.7965
6.02 55.1674
6.02 55.5017
6.03 55.7967
6.03 56.0517
6.03 56.2709
6.03 56.4623
6.04 56.6339
6.04 56.7939
6.04 56.9501
6.04 57.1068
6.05 57.2683
6.05 57.4412
6.05 57.6301
6.05 57.8324
6.06 58.0416
6.06 58.2536
6.06 58.4623
6.06 58.6566
6.07 58.8242
6.07 58.9544
6.07 59.0355
6.07 59.0520
6.08 58.9906
6.08 58.8386
6.08 58.5921
6.08 58.2446
6.09 57.7878
6.09 57.2236
6.09 56.5562
6.09 55.7944
6.1 54.9515
6.1 54.0450
6.1 53.0966
6.1 52.1316
6.11 51.1803
6.11 50.2764
6.11 49.4569
6.11 48.7610
6.12 48.2268
6.12 47.8896
6.12 47.7769
6.12 47.9027
6.13 48.2641
6.13 48.8440
6.13 49.6085
6.13 50.5114
6.14 51.5004
6.14 52.5203
6.14 53.5198
6.14 54.4531
6.15 55.2799
6.15 55.9717
6.15 56.5096
6.15 56.8812
6.16 57.0834
6.16 57.1179
6.16 56.9914
6.16 56.7189
6.17 56.3284
6.17 55.8474
6.17 55.3011
6.17 54.7229
6.18 54.1497
6.18 53.6132
6.18 53.1374
6.18 52.7418
6.19 52.4384
6.19 52.2306
6.19 52.1140
6.19 52.0807
6.2 52.1188
6.2 52.2133
6.2 52.3507
6.2 52.5157
6.21 52.6897
6.21 52.8544
6.21 52.9982
6.21 53.1126
6.22 53.1900
6.22 53.2307
6.22 53.2390
6.22 53.2245
6.23 53.2009
6.23 53.1833
6.23 53.1861
6.23 53.2212
6.24 53.2979
6.24 53.4188
6.24 53.5753
6.24 53.7531
6.25 53.9328
6.25 54.0895
6.25 54.1989
6.25 54.2381
6.26 54.1879
6.26 54.0377
6.26 53.7819
6.26 53.4206
6.27 52.9646
6.27 52.4325
6.27 51.8489
6.27 51.2447
6.28 50.6524
6.28 50.1032
6.28 49.6302
6.28 49.2596
6.29 49.0109
6.29 48.8912
6.29 48.8926
6.29 48.9936
6.3 49.1602
6.3 49.3559
6.3 49.5430
6.3 49.6898
6.31 49.7764
6.31 49.7909
6.31 49.7322
6.31 49.6146
6.32 49.4601
6.32 49.2956
6.32 49.1506
6.32 49.0548
6.33 49.0311
6.33 49.0937
6.33 49.2473
6.33 49.4862
6.34 49.7978
6.34 50.1637
6.34 50.5658
6.34 50.9833
6.35 51.3980
6.35 51.7979
6.35 52.1741
6.35 52.5218
6.36 52.8400
6.36 53.1286
6.36 53.3835
6.36 53.6023
6.37 53.7773
6.37 53.8947
6.37 53.9474
6.37 53.9252
6.38 53.8159
6.38 53.6103
6.38 53.3003
6.38 52.8829
6.39 52.3580
6.39 51.7298
6.39 51.0149
6.39 50.2400
6.4 49.4366
6.4 48.6446
6.4 47.9077
6.4 47.2684
6.41 46.7660
6.41 46.4282
6.41 46.2744
6.41 46.3118
6.42 46.5349
6.42 46.9318
6.42 47.4830
6.42 48.1653
6.43 48.9509
6.43 49.8114
6.43 50.7143
6.43 51.6246
6.44 52.5106
6.44 53.3424
6.44 54.0909
6.44 54.7280
6.45 55.2304
6.45 55.5795
6.45 55.7606
6.45 55.7648
6.46 55.5929
6.46 55.2523
6.46 54.7588
6.46 54.1430
6.47 53.4493
6.47 52.7358
6.47 52.0699
6.47 51.5191
6.48 51.1438
6.48 50.9864
6.48 51.0651
6.48 51.3679
6.49 51.8523
6.49 52.4572
6.49 53.1137
6.49 53.7543
6.5 54.3206
6.5 54.7640
6.5 55.0486
6.5 55.1510
6.51 55.0572
6.51 54.7616
6.51 54.2678
6.51 53.5834
6.52 52.7201
6.52 51.6995
6.52 50.5546
6.52 49.3293
6.53 48.0797
6.53 46.8771
6.53 45.8000
6.53 44.9254
6.54 44.3176
6.54 44.0205
6.54 44.0462
6.54 44.3747
6.55 44.9656
6.55 45.7644
6.55 46.7143
6.55 47.7624
6.56 48.8646
6.56 49.9856
6.56 51.0983
6.56 52.1842
6.57 53.2306
6.57 54.2264
6.57 55.1629
6.57 56.0324
6.58 56.8289
6.58 57.5485
6.58 58.1891
6.58 58.7502
6.59 59.2329
6.59 59.6393
6.59 59.9756
6.59 60.2460
6.6 60.4518
6.6 60.5985
6.6 60.6923
6.6 60.7402
6.61 60.7500
6.61 60.7263
6.61 60.6724
6.61 60.5919
6.62 60.4909
6.62 60.3691
6.62 60.2168
6.62 60.0246
6.63 59.7832
6.63 59.4846
6.63 59.1198
6.63 58.6807
6.64 58.1612
6.64 57.5590
6.64 56.8769
6.64 56.1200
6.65 55.2963
6.65 54.4150
6.65 53.4793
6.65 52.4912
6.66 51.4487
6.66 50.3453
6.66 49.1855
6.66 47.9840
6.67 46.7662
6.67 45.5717
6.67 44.4513
6.67 43.4606
6.68 42.6523
6.68 42.0671
6.68 41.7294
6.68 41.6447
6.69 41.7968
6.69 42.1494
6.69 42.6526
6.69 43.2495
6.7 43.8808
6.7 44.4881
6.7 45.0234
6.7 45.4554
6.71 45.7630
6.71 45.9358
6.71 45.9809
6.71 45.9200
6.72 45.7793
6.72 45.5856
6.72 45.3717
6.72 45.1726
6.73 45.0181
6.73 44.9318
6.73 44.9308
6.73 45.0211
6.74 45.1991
6.74 45.4521
6.74 45.7576
6.74 46.0864
6.75 46.4078
6.75 46.6900
6.75 46.9088
6.75 47.0471
6.76 47.0931
6.76 47.0452
6.76 46.9088
6.76 46.6978
6.77 46.4301
6.77 46.1258
6.77 45.8035
6.77 45.4784
6.78 45.1615
6.78 44.8609
6.78 44.5805
6.78 44.3231
6.79 44.0943
6.79 43.9036
6.79 43.7640
6.79 43.6919
6.8 43.7050
6.8 43.8187
6.8 44.0425
6.8 44.3783
6.81 44.8193
6.81 45.3501
6.81 45.9494
6.81 46.5930
6.82 47.2544
6.82 47.9101
6.82 48.5386
6.82 49.1197
6.83 49.6398
6.83 50.0897
6.83 50.4614
6.83 50.7484
6.84 50.9526
6.84 51.0734
6.84 51.1079
6.84 51.0606
6.85 50.9371
6.85 50.7464
6.85 50.5005
6.85 50.2136
6.86 49.9003
6.86 49.5755
6.86 49.2550
6.86 48.9522
6.87 48.6761
6.87 48.4331
6.87 48.2319
6.87 48.0756
6.88 47.9639
6.88 47.8983
6.88 47.8781
6.88 47.9037
6.89 47.9769
6.89 48.0988
6.89 48.2700
6.89 48.4883
6.9 48.7503
6.9 49.0482
6.9 49.3693
6.9 49.6993
6.91 50.0225
6.91 50.3232
6.91 50.5845
6.91 50.7915
6.92 50.9330
6.92 51.0002
6.92 50.9864
6.92 50.8865
6.93 50.6995
6.93 50.4263
6.93 50.0675
6.93 49.6268
6.94 49.1150
6.94 48.5444
6.94 47.9305
6.94 47.2968
6.95 46.6665
6.95 46.0653
6.95 45.5206
6.95 45.0576
6.96 44.6991
6.96 44.4614
6.96 44.3539
6.96 44.3808
6.97 44.5426
6.97 44.8356
6.97 45.2540
6.97 45.7903
6.98 46.4356
6.98 47.1765
6.98 47.9939
6.98 48.8683
6.99 49.7787
6.99 50.7064
6.99 51.6339
6.99 52.5427
7.0 53.4206
7.0 54.2580
7.0 55.0444
7.0 55.7716
7.01 56.4300
7.01 57.0073
7.01 57.4895
7.01 57.8610
7.02 58.1072
7.02 58.2151
7.02 58.1816
7.02 58.0036
7.03 57.6774
7.03 57.2107
7.03 56.6172
7.03 55.9155
7.04 55.1238
7.04 54.2611
7.04 53.3503
7.04 52.4139
7.05 51.4758
7.05 50.5609
7.05 49.6938
7.05 48.8987
7.06 48.1963
7.06 47.6032
7.06 47.1322
7.06 46.7827
7.07 46.5424
7.07 46.3948
7.07 46.3154
7.07 46.2758
7.08 46.2483
7.08 46.2044
7.08 46.1187
7.08 45.9743
7.09 45.7624
7.09 45.4830
7.09 45.1452
7.09 44.7637
7.1 44.3557
7.1 43.9422
7.1 43.5417
7.1 43.1694
7.11 42.8350
7.11 42.5411
7.11 42.2880
7.11 42.0728
7.12 41.8931
7.12 41.7480
7.12 41.6352
7.12 41.5558
7.13 41.5157
7.13 41.5226
7.13 41.5862
7.13 41.7142
7.14 41.9118
7.14 42.1834
7.14 42.5290
7.14 42.9435
7.15 43.4197
7.15 43.9482
7.15 44.5166
7.15 45.1112
7.16 45.7223
7.16 46.3420
7.16 46.9632
7.16 47.5844
7.17 48.2014
7.17 48.8059
7.17 49.3926
7.17 49.9540
7.18 50.4800
7.18 50.9608
7.18 51.3859
7.18 51.7444
7.19 52.0270
7.19 52.2281
7.19 52.3447
7.19 52.3762
7.2 52.3258
7.2 52.2007
7.2 52.0121
7.2 51.7734
7.21 51.5032
7.21 51.2223
7.21 50.9488
7.21 50.7014
7.22 50.5018
7.22 50.3682
7.22 50.3134
7.22 50.3474
7.23 50.4795
7.23 50.7099
7.23 51.0300
7.23 51.4304
7.24 51.8980
7.24 52.4175
7.24 52.9774
7.24 53.5650
7.25 54.1658
7.25 54.7697
7.25 55.3711
7.25 55.9645
7.26 56.5397
7.26 57.0868
7.26 57.5956
7.26 58.0543
7.27 58.4500
7.27 58.7686
7.27 58.9962
7.27 59.1209
7.28 59.1352
7.28 59.0351
7.28 58.8215
7.28 58.5046
7.29 58.0961
7.29 57.6087
7.29 57.0603
7.29 56.4722
7.3 55.8637
7.3 55.2527
7.3 54.6546
7.3 54.0785
7.31 53.5335
7.31 53.0306
7.31 52.5697
7.31 52.1523
7.32 51.7799
7.32 51.4531
7.32 51.1813
7.32 50.9674
7.33 50.8129
7.33 50.7171
7.33 50.6736
7.33 50.6738
7.34 50.7026
7.34 50.7401
7.34 50.7668
7.34 50.7677
7.35 50.7290
7.35 50.6368
7.35 50.4839
7.35 50.2695
7.36 49.9975
7.36 49.6779
7.36 49.3207
7.36 48.9358
7.37 48.5327
7.37 48.1190
7.37 47.7028
7.37 47.2914
7.38 46.8890
7.38 46.4972
7.38 46.1169
7.38 45.7489
7.39 45.3919
7.39 45.0436
7.39 44.7056
7.39 44.3822
7.4 44.0833
7.4 43.8219
7.4 43.6153
7.4 43.4831
7.41 43.4455
7.41 43.5223
7.41 43.7245
7.41 44.0554
7.42 44.5133
7.42 45.0883
7.42 45.7636
7.42 46.5188
7.43 47.3320
7.43 48.1812
7.43 49.0453
7.43 49.9075
7.44 50.7573
7.44 51.5823
7.44 52.3703
7.44 53.1137
7.45 53.8065
7.45 54.4446
7.45 55.0274
7.45 55.5568
7.46 56.0309
7.46 56.4532
7.46 56.8319
7.46 57.1765
7.47 57.4965
7.47 57.8040
7.47 58.1097
7.47 58.4158
7.48 58.7194
7.48 59.0182
7.48 59.3033
7.48 59.5601
7.49 59.7747
7.49 59.9367
7.49 60.0339
7.49 60.0527
7.5 59.9863
7.5 59.8342
7.5 59.6013
7.5 59.2956
7.51 58.9281
7.51 58.5121
7.51 58.0618
7.51 57.5927
7.52 57.1207
7.52 56.6586
7.52 56.2143
7.52 55.7928
7.53 55.3958
7.53 55.0202
7.53 54.6611
7.53 54.3094
7.54 53.9531
7.54 53.5844
7.54 53.1962
7.54 52.7788
7.55 52.3258
7.55 51.8393
7.55 51.3280
7.55 50.8060
7.56 50.2923
7.56 49.8074
7.56 49.3731
7.56 49.0108
7.57 48.7410
7.57 48.5827
7.57 48.5529
7.57 48.6621
7.58 48.9125
7.58 49.3009
7.58 49.8137
7.58 50.4281
7.59 51.1204
7.59 51.8631
7.59 52.6283
7.59 53.3936
7.6 54.1388
7.6 54.8490
7.6 55.5106
7.6 56.1085
7.61 56.6323
7.61 57.0741
7.61 57.4267
7.61 57.6798
7.62 57.8245
7.62 57.8553
7.62 57.7705
7.62 57.5713
7.63 57.2610
7.63 56.8480
7.63 56.3452
7.63 55.7680
7.64 55.1346
7.64 54.4665
7.64 53.7854
7.64 53.1110
7.65 52.4652
7.65 51.8678
7.65 51.3349
7.65 50.8849
7.66 50.5331
7.66 50.2888
7.66 50.1629
7.66 50.1635
7.67 50.2892
7.67 50.5331
7.67 50.8872
7.67 51.3372
7.68 51.8630
7.68 52.4434
7.68 53.0577
7.68 53.6837
7.69 54.2993
7.69 54.8847
7.69 55.4209
7.69 55.8931
7.7 56.2897
7.7 56.6010
7.7 56.8193
7.7 56.9401
7.71 56.9613
7.71 56.8829
7.71 56.7085
7.71 56.4432
7.72 56.0931
7.72 55.6670
7.72 55.1779
7.72 54.6362
7.73 54.0466
7.73 53.4176
7.73 52.7610
7.73 52.0917
7.74 51.4251
7.74 50.7726
7.74 50.1504
7.74 49.5840
7.75 49.0998
7.75 48.7263
7.75 48.4931
7.75 48.4269
7.76 48.5488
7.76 48.8723
7.76 49.3995
7.76 50.1238
7.77 51.0282
7.77 52.0884
7.77 53.2740
7.77 54.5476
7.78 55.8725
7.78 57.2115
7.78 58.5278
7.78 59.7854
7.79 60.9524
7.79 61.9997
7.79 62.8977
7.79 63.6219
7.8 64.1537
7.8 64.4794
7.8 64.5961
7.8 64.5075
7.81 64.2215
7.81 63.7591
7.81 63.1494
7.81 62.4238
7.82 61.6231
7.82 60.7943
7.82 59.9852
7.82 59.2419
7.83 58.6058
7.83 58.1025
7.83 57.7420
7.83 57.5266
7.84 57.4480
7.84 57.4859
7.84 57.6147
7.84 57.8093
7.85 58.0445
7.85 58.2980
7.85 58.5512
7.85 58.7885
7.86 58.9942
7.86 59.1564
7.86 59.2687
7.86 59.3303
7.87 59.3446
7.87 59.3156
7.87 59.2501
7.87 59.1608
7.88 59.0494
7.88 58.9065
7.88 58.7220
7.88 58.4828
7.89 58.1699
7.89 57.7593
7.89 57.2329
7.89 56.5812
7.9 55.8079
7.9 54.9270
7.9 53.9646
7.9 52.9568
7.91 51.9429
7.91 50.9630
7.91 50.0494
7.91 49.2212
7.92 48.4809
7.92 47.8152
7.92 47.1963
7.92 46.5889
7.93 45.9604
7.93 45.2836
7.93 44.5458
7.93 43.7541
7.94 42.9343
7.94 42.1345
7.94 41.4192
7.94 40.8606
7.95 40.5304
7.95 40.4879
7.95 40.7702
7.95 41.3861
7.96 42.3162
7.96 43.5144
7.96 44.9135
7.96 46.4372
7.97 48.0109
7.97 49.5682
7.97 51.0594
7.97 52.4431
7.98 53.6890
7.98 54.7834
7.98 55.7234
7.98 56.5162
7.99 57.1675
7.99 57.6810
7.99 58.0639
7.99 58.3249
8.0 58.4732
8.0 58.5171
8.0 58.4663
8.0 58.3282
8.01 58.1098
8.01 57.8252
8.01 57.4891
8.01 57.1151
8.02 56.7196
8.02 56.3220
8.02 55.9427
8.02 55.6041
8.03 55.3245
8.03 55.1170
8.03 54.9926
8.03 54.9565
8.04 55.0076
8.04 55.1397
8.04 55.3427
8.04 55.6044
8.05 55.9092
8.05 56.2391
8.05 56.5785
8.05 56.9163
8.06 57.2404
8.06 57.5391
8.06 57.8074
8.06 58.0407
8.07 58.2320
8.07 58.3744
8.07 58.4630
8.07 58.4926
8.08 58.4548
8.08 58.3406
8.08 58.1421
8.08 57.8511
8.09 57.4627
8.09 56.9717
8.09 56.3719
8.09 55.6603
8.1 54.8415
8.1 53.9180
8.1 52.8913
8.1 51.7739
8.11 50.5843
8.11 49.3480
8.11 48.0996
8.11 46.8802
8.12 45.7332
8.12 44.7017
8.12 43.8268
8.12 43.1391
8.13 42.6534
8.13 42.3735
8.13 42.2974
8.13 42.4143
8.14 42.7098
8.14 43.1687
8.14 43.7761
8.14 44.5148
8.15 45.3657
8.15 46.3096
8.15 47.3242
8.15 48.3844
8.16 49.4718
8.16 50.5621
8.16 51.6265
8.16 52.6455
8.17 53.5995
8.17 54.4716
8.17 55.2475
8.17 55.9142
8.18 56.4624
8.18 56.8854
8.18 57.1813
8.18 57.3494
8.19 57.3904
8.19 57.3085
8.19 57.1106
8.19 56.8070
8.2 56.4108
8.2 55.9352
8.2 55.3937
8.2 54.8031
8.21 54.1804
8.21 53.5426
8.21 52.9060
8.21 52.2845
8.22 51.6874
8.22 51.1207
8.22 50.5874
8.22 50.0860
8.23 49.6107
8.23 49.1535
8.23 48.7045
8.23 48.2535
8.24 47.7932
8.24 47.3215
8.24 46.8420
8.24 46.3677
8.25 45.9208
8.25 45.5305
8.25 45.2353
8.25 45.0729
8.26 45.0754
8.26 45.2696
8.26 45.6701
8.26 46.2777
8.27 47.0802
8.27 48.0498
8.27 49.1473
8.27 50.3328
8.28 51.5625
8.28 52.7930
8.28 53.9879
8.28 55.1176
8.29 56.1579
8.29 57.0862
8.29 57.8824
8.29 58.5341
8.3 59.0335
8.3 59.3802
8.3 59.5790
8.3 59.6364
8.31 59.5668
8.31 59.3895
8.31 59.1258
8.31 58.8014
8.32 58.4409
8.32 58.0646
8.32 57.6941
8.32 57.3497
8.33 57.0478
8.33 56.7997
8.33 56.6137
8.33 56.4990
8.34 56.4583
8.34 56.4874
8.34 56.5789
8.34 56.7216
8.35 56.9015
8.35 57.1017
8.35 57.3040
8.35 57.4916
8.36 57.6484
8.36 57.7575
8.36 57.8091
8.36 57.7954
8.37 57.7095
8.37 57.5547
8.37 57.3346
8.37 57.0517
8.38 56.7117
8.38 56.3211
8.38 55.8857
8.38 55.4095
8.39 54.8946
8.39 54.3419
8.39 53.7524
8.39 53.1294
8.4 52.4772
8.4 51.8028
8.4 51.1168
8.4 50.4329
8.41 49.7704
8.41 49.1507
8.41 48.5980
8.41 48.1400
8.42 47.8031
8.42 47.6104
8.42 47.5795
8.42 47.7200
8.43 48.0266
8.43 48.4810
8.43 49.0514
8.43 49.6904
8.44 50.3503
8.44 50.9898
8.44 51.5779
8.44 52.1000
8.45 52.5544
8.45 52.9500
8.45 53.3070
8.45 53.6481
8.46 53.9927
8.46 54.3563
8.46 54.7489
8.46 55.1723
8.47 55.6218
8.47 56.0843
8.47 56.5413
8.47 56.9693
8.48 57.3416
8.48 57.6314
8.48 57.8125
8.48 57.8634
8.49 57.7655
8.49 57.5063
8.49 57.0812
8.49 56.4997
8.5 55.7830
8.5 54.9642
8.5 54.0946
8.5 53.2406
8.51 52.4837
8.51 51.8983
8.51 51.5391
8.51 51.4373
8.52 51.5903
8.52 51.9680
8.52 52.5177
8.52 53.1791
8.53 53.8967
8.53 54.6268
8.53 55.3381
8.53 56.0094
8.54 56.6305
8.54 57.1948
8.54 57.6970
8.54 58.1334
8.55 58.5000
8.55 58.7935
8.55 59.0144
8.55 59.1650
8.56 59.2494
8.56 59.2784
8.56 59.2620
8.56 59.2077
8.57 59.1270
8.57 59.0301
8.57 58.9267
8.57 58.8265
8.58 58.7398
8.58 58.6719
8.58 58.6226
8.58 58.5915
8.59 58.5743
8.59 58.5634
8.59 58.5500
8.59 58.5219
8.6 58.4634
8.6 58.3606
8.6 58.2000
8.6 57.9701
8.61 57.6631
8.61 57.2772
8.61 56.8135
8.61 56.2755
8.62 55.6702
8.62 55.0074
8.62 54.2994
8.62 53.5601
8.63 52.8072
8.63 52.0592
8.63 51.3360
8.63 50.6587
8.64 50.0499
8.64 49.5274
8.64 49.1054
8.64 48.7978
8.65 48.6142
8.65 48.5583
8.65 48.6293
8.65 48.8218
8.66 49.1255
8.66 49.5269
8.66 50.0115
8.66 50.5633
8.67 51.1650
8.67 51.8007
8.67 52.4581
8.67 53.1261
8.68 53.7940
8.68 54.4544
8.68 55.1031
8.68 55.7362
8.69 56.3497
8.69 56.9447
8.69 57.5243
8.69 58.0866
8.7 58.6291
8.7 59.1501
8.7 59.6474
8.7 60.1161
8.71 60.5485
8.71 60.9362
8.71 61.2709
8.71 61.5449
8.72 61.7543
8.72 61.8973
8.72 61.9756
8.72 61.9989
8.73 61.9809
8.73 61.9346
8.73 61.8740
8.73 61.8134
8.74 61.7625
8.74 61.7257
8.74 61.6979
8.74 61.6667
8.75 61.6161
8.75 61.5251
8.75 61.3724
8.75 61.1318
8.76 60.7784
8.76 60.2951
8.76 59.6690
8.76 58.8947
8.77 57.9759
8.77 56.9232
8.77 55.7571
8.77 54.5095
8.78 53.2227
8.78 51.9489
8.78 50.7445
8.78 49.6684
8.79 48.7787
8.79 48.1226
8.79 47.7309
8.79 47.6162
8.8 47.7724
8.8 48.1711
8.8 48.7676
8.8 49.5109
8.81 50.3459
8.81 51.2191
8.81 52.0832
8.81 52.8995
8.82 53.6395
8.82 54.2833
8.82 54.8190
8.82 55.2451
8.83 55.5650
8.83 55.7857
8.83 55.9206
8.83 55.9854
8.84 55.9964
8.84 55.9733
8.84 55.9335
8.84 55.8933
8.85 55.8675
8.85 55.8625
8.85 55.8846
8.85 55.9372
8.86 56.0192
8.86 56.1284
8.86 56.2633
8.86 56.4186
8.87 56.5870
8.87 56.7647
8.87 56.9471
8.87 57.1325
8.88 57.3217
8.88 57.5144
8.88 57.7151
8.88 57.9293
8.89 58.1538
8.89 58.3817
8.89 58.6058
8.89 58.8195
8.9 59.0050
8.9 59.1359
8.9 59.1891
8.9 59.1420
8.91 58.9762
8.91 58.6727
8.91 58.2180
8.91 57.6082
8.92 56.8498
8.92 55.9563
8.92 54.9476
8.92 53.8563
8.93 52.7168
8.93 51.5635
8.93 50.4323
8.93 49.3540
8.94 48.3527
8.94 47.4441
8.94 46.6344
8.94 45.9200
8.95 45.2913
8.95 44.7378
8.95 44.2492
8.95 43.8175
8.96 43.4389
8.96 43.1143
8.96 42.8510
8.96 42.6642
8.97 42.5751
8.97 42.6114
8.97 42.8048
8.97 43.1854
8.98 43.7772
8.98 44.5932
8.98 45.6300
8.98 46.8679
8.99 48.2687
8.99 49.7790
8.99 51.3380
8.99 52.8849
9.0 54.3635
9.0 55.7287
9.0 56.9438
9.0 57.9784
9.01 58.8159
9.01 59.4498
9.01 59.8833
9.01 60.1190
9.02 60.1576
9.02 60.0100
9.02 59.6902
9.02 59.2135
9.03 58.5993
9.03 57.8706
9.03 57.0561
9.03 56.1910
9.04 55.3108
9.04 54.4524
9.04 53.6550
9.04 52.9600
9.05 52.4084
9.05 52.0356
9.05 51.8749
9.05 51.9429
9.06 52.2397
9.06 52.7518
9.06 53.4494
9.06 54.2916
9.07 55.2272
9.07 56.1996
9.07 57.1528
9.07 58.0382
9.08 58.8130
9.08 59.4399
9.08 59.8937
9.08 60.1582
9.09 60.2251
9.09 60.0972
9.09 59.7829
9.09 59.2964
9.1 58.6614
9.1 57.9087
9.1 57.0737
9.1 56.1943
9.11 55.3127
9.11 54.4705
9.11 53.7024
9.11 53.0377
9.12 52.4975
9.12 52.0929
9.12 51.8305
9.12 51.7107
9.13 51.7348
9.13 51.9033
9.13 52.2157
9.13 52.6765
9.14 53.2856
9.14 54.0342
9.14 54.9021
9.14 55.8570
9.15 56.8625
9.15 57.8753
9.15 58.8509
9.15 59.7554
9.16 60.5596
9.16 61.2432
9.16 61.7949
9.16 62.2097
9.17 62.4889
9.17 62.6376
9.17 62.6652
9.17 62.5838
9.18 62.4102
9.18 62.1601
9.18 61.8488
9.18 61.4941
9.19 61.1120
9.19 60.7206
9.19 60.3365
9.19 59.9705
9.2 59.6305
9.2 59.3227
9.2 59.0515
9.2 58.8185
9.21 58.6182
9.21 58.4482
9.21 58.3006
9.21 58.1618
9.22 58.0231
9.22 57.8753
9.22 57.7118
9.22 57.5260
9.23 57.3116
9.23 57.0645
9.23 56.7836
9.23 56.4699
9.24 56.1256
9.24 55.7544
9.24 55.3614
9.24 54.9511
9.25 54.5275
9.25 54.0982
9.25 53.6686
9.25 53.2431
9.26 52.8274
9.26 52.4255
9.26 52.0415
9.26 51.6795
9.27 51.3411
9.27 51.0267
9.27 50.7356
9.27 50.4640
9.28 50.2063
9.28 49.9537
9.28 49.6959
9.28 49.4233
9.29 49.1273
9.29 48.8032
9.29 48.4474
9.29 48.0613
9.3 47.6500
9.3 47.2288
9.3 46.8130
9.3 46.4139
9.31 46.0527
9.31 45.7532
9.31 45.5359
9.31 45.4164
9.32 45.4038
9.32 45.4985
9.32 45.6926
9.32 45.9700
9.33 46.3063
9.33 46.6752
9.33 47.0528
9.33 47.4202
9.34 47.7639
9.34 48.0764
9.34 48.3575
9.34 48.6120
9.35 48.8493
9.35 49.0772
9.35 49.3019
9.35 49.5335
9.36 49.7736
9.36 50.0187
9.36 50.2697
9.36 50.5264
9.37 50.7898
9.37 51.0617
9.37 51.3451
9.37 51.6480
9.38 51.9714
9.38 52.3098
9.38 52.6596
9.38 53.0124
9.39 53.3591
9.39 53.6859
9.39 53.9749
9.39 54.2115
9.4 54.3824
9.4 54.4725
9.4 54.4705
9.4 54.3718
9.41 54.1775
9.41 53.8933
9.41 53.5299
9.41 53.1048
9.42 52.6354
9.42 52.1394
9.42 51.6376
9.42 51.1497
9.43 50.6911
9.43 50.2750
9.43 49.9112
9.43 49.6050
9.44 49.3593
9.44 49.1716
9.44 49.0361
9.44 48.9462
9.45 48.8912
9.45 48.8580
9.45 48.8340
9.45 48.8089
9.46 48.7723
9.46 48.7104
9.46 48.6128
9.46 48.4741
9.47 48.2914
9.47 48.0638
9.47 47.7934
9.47 47.4868
9.48 47.1530
9.48 46.8042
9.48 46.4510
9.48 46.1044
9.49 45.7740
9.49 45.4649
9.49 45.1857
9.49 44.9481
9.5 44.7637
9.5 44.6417
9.5 44.5946
9.5 44.6364
9.51 44.7810
9.51 45.0375
9.51 45.4071
9.51 45.8860
9.52 46.4642
9.52 47.1212
9.52 47.8297
9.52 48.5644
9.53 49.2983
9.53 50.0025
9.53 50.6556
9.53 51.2435
9.54 51.7553
9.54 52.1883
9.54 52.5423
9.54 52.8151
9.55 53.0106
9.55 53.1312
9.55 53.1776
9.55 53.1527
9.56 53.0602
9.56 52.9041
9.56 52.6908
9.56 52.4348
9.57 52.1508
9.57 51.8501
9.57 51.5503
9.57 51.2703
9.58 51.0304
9.58 50.8463
9.58 50.7270
9.58 50.6771
9.59 50.6919
9.59 50.7620
9.59 50.8764
9.59 51.0192
9.6 51.1701
9.6 51.3120
9.6 51.4327
9.6 51.5265
9.61 51.5926
9.61 51.6311
9.61 51.6468
9.61 51.6502
9.62 51.6531
9.62 51.6654
9.62 51.6967
9.62 51.7525
9.63 51.8314
9.63 51.9252
9.63 52.0202
9.63 52.1014
9.64 52.1529
9.64 52.1612
9.64 52.1158
9.64 52.0102
9.65 51.8482
9.65 51.6383
9.65 51.3945
9.65 51.1363
9.66 50.8844
9.66 50.6589
9.66 50.4774
9.66 50.3533
9.67 50.2940
9.67 50.2985
9.67 50.3603
9.67 50.4708
9.68 50.6160
9.68 50.7763
9.68 50.9355
9.68 51.0786
9.69 51.1899
9.69 51.2584
9.69 51.2769
9.69 51.2405
9.7 51.1478
9.7 51.0026
9.7 50.8053
9.7 50.5583
9.71 50.2708
9.71 49.9530
9.71 49.6135
9.71 49.2583
9.72 48.8940
9.72 48.5265
9.72 48.1605
9.72 47.7984
9.73 47.4397
9.73 47.0846
9.73 46.7343
9.73 46.3950
9.74 46.0721
9.74 45.7718
9.74 45.5061
9.74 45.2941
9.75 45.1560
9.75 45.0996
9.75 45.1294
9.75 45.2499
9.76 45.4657
9.76 45.7707
9.76 46.1486
9.76 46.5850
9.77 47.0606
9.77 47.5532
9.77 48.0423
9.77 48.5104
9.78 48.9415
9.78 49.3227
9.78 49.6447
9.78 49.9024
9.79 50.0968
9.79 50.2267
9.79 50.2926
9.79 50.2981
9.8 50.2484
9.8 50.1526
9.8 50.0202
9.8 49.8597
9.81 49.6824
9.81 49.4981
9.81 49.3165
9.81 49.1498
9.82 49.0112
9.82 48.9124
9.82 48.8608
9.82 48.8651
9.83 48.9342
9.83 49.0751
9.83 49.2891
9.83 49.5737
9.84 49.9226
9.84 50.3227
9.84 50.7603
9.84 51.2179
9.85 51.6757
9.85 52.1142
9.85 52.5146
9.85 52.8607
9.86 53.1418
9.86 53.3502
9.86 53.4817
9.86 53.5372
9.87 53.5212
9.87 53.4464
9.87 53.3306
9.87 53.1879
9.88 53.0341
9.88 52.8886
9.88 52.7687
9.88 52.6888
9.89 52.6588
9.89 52.6826
9.89 52.7559
9.89 52.8682
9.9 53.0069
9.9 53.1534
9.9 53.2875
9.9 53.3922
9.91 53.4535
9.91 53.4597
9.91 53.4028
9.91 53.2851
9.92 53.1109
9.92 52.8849
9.92 52.6171
9.92 52.3188
9.93 52.0003
9.93 51.6715
9.93 51.3396
9.93 51.0075
9.94 50.6761
9.94 50.3465
9.94 50.0241
9.94 49.7151
9.95 49.4270
9.95 49.1755
9.95 48.9821
9.95 48.8747
9.96 48.8844
9.96 49.0408
9.96 49.3653
9.96 49.8650
9.97 50.5264
9.97 51.3159
9.97 52.1854
9.97 53.0781
9.98 53.9411
9.98 54.7264
9.98 55.4021
9.98 55.9520
9.99 56.3633
9.99 56.6375
9.99 56.7879
9.99 56.8316
10.0 56.7836
10.0 56.6598
