0.000 -196.8159
0.003 -197.0028
0.005 -197.1005
0.007 -197.1068
0.010 -197.0177
0.013 -196.8274
0.015 -196.5288
0.018 -196.1128
0.020 -195.5689
0.022 -194.8852
0.025 -194.0482
0.027 -193.0437
0.030 -191.8565
0.032 -190.4714
0.035 -188.8739
0.037 -187.0508
0.040 -184.9921
0.043 -182.6921
0.045 -180.1515
0.048 -177.3794
0.050 -174.3956
0.053 -171.2320
0.055 -167.9338
0.058 -164.5600
0.060 -161.1824
0.063 -157.8814
0.065 -154.7388
0.068 -151.8348
0.070 -149.2428
0.073 -147.0141
0.075 -145.1826
0.078 -143.7589
0.080 -142.7330
0.083 -142.0769
0.085 -141.7502
0.088 -141.7060
0.090 -141.8941
0.093 -142.2669
0.095 -142.7779
0.098 -143.3872
0.100 -144.0631
0.103 -144.7801
0.105 -145.5183
0.108 -146.2649
0.110 -147.0125
0.113 -147.7590
0.115 -148.5029
0.118 -149.2498
0.120 -149.9983
0.123 -150.7396
0.125 -151.4665
0.128 -152.1689
0.130 -152.8284
0.133 -153.4202
0.135 -153.9208
0.138 -154.3094
0.140 -154.5703
0.143 -154.6993
0.145 -154.6987
0.148 -154.5789
0.150 -154.3606
0.153 -154.0757
0.155 -153.7581
0.158 -153.4477
0.160 -153.1785
0.163 -152.9822
0.165 -152.8827
0.168 -152.8941
0.170 -153.0244
0.173 -153.2617
0.175 -153.5850
0.178 -153.9694
0.180 -154.3840
0.183 -154.7975
0.185 -155.1811
0.188 -155.5116
0.190 -155.7685
0.193 -155.9348
0.195 -156.0024
0.198 -155.9718
0.200 -155.8490
0.203 -155.6469
0.205 -155.3827
0.208 -155.0762
0.210 -154.7545
0.213 -154.4434
0.215 -154.1689
0.218 -153.9576
0.220 -153.8317
0.223 -153.8023
0.225 -153.8800
0.228 -154.0562
0.230 -154.3209
0.233 -154.6572
0.235 -155.0441
0.238 -155.4549
0.240 -155.8709
0.243 -156.2680
0.245 -156.6178
0.248 -156.9075
0.250 -157.1135
0.253 -157.2184
0.255 -157.2117
0.258 -157.0916
0.260 -156.8545
0.263 -156.5026
0.265 -156.0381
0.268 -155.4724
0.270 -154.8239
0.273 -154.1136
0.275 -153.3649
0.278 -152.6021
0.280 -151.8488
0.283 -151.1291
0.285 -150.4611
0.288 -149.8618
0.290 -149.3465
0.293 -148.9284
0.295 -148.6162
0.298 -148.4173
0.300 -148.3465
0.303 -148.4103
0.305 -148.6122
0.308 -148.9495
0.310 -149.4206
0.313 -150.0053
0.315 -150.6842
0.318 -151.4231
0.320 -152.1866
0.323 -152.9364
0.325 -153.6352
0.328 -154.2476
0.330 -154.7462
0.333 -155.1107
0.335 -155.3303
0.338 -155.3996
0.340 -155.3248
0.343 -155.1204
0.345 -154.8065
0.348 -154.4061
0.350 -153.9474
0.353 -153.4571
0.355 -152.9622
0.358 -152.4838
0.360 -152.0365
0.363 -151.6346
0.365 -151.2804
0.368 -150.9760
0.370 -150.7220
0.373 -150.5205
0.375 -150.3784
0.378 -150.2899
0.380 -150.2578
0.383 -150.2820
0.385 -150.3636
0.388 -150.5040
0.390 -150.7026
0.393 -150.9524
0.395 -151.2446
0.398 -151.5697
0.400 -151.9175
0.403 -152.2695
0.405 -152.6083
0.408 -152.9177
0.410 -153.1892
0.413 -153.4157
0.415 -153.5989
0.418 -153.7467
0.420 -153.8766
0.423 -154.0086
0.425 -154.1646
0.428 -154.3670
0.430 -154.6257
0.433 -154.9443
0.435 -155.3193
0.438 -155.7323
0.440 -156.1542
0.443 -156.5477
0.445 -156.8781
0.448 -157.1105
0.450 -157.2142
0.453 -157.1664
0.455 -156.9576
0.458 -156.5842
0.460 -156.0576
0.463 -155.4104
0.465 -154.6637
0.468 -153.8567
0.470 -153.0384
0.473 -152.2591
0.475 -151.5688
0.478 -151.0141
0.480 -150.6321
0.483 -150.4501
0.485 -150.4873
0.488 -150.7561
0.490 -151.2561
0.493 -151.9808
0.495 -152.9167
0.498 -154.0411
0.500 -155.3197
0.503 -156.7143
0.505 -158.1845
0.508 -159.6867
0.510 -161.1764
0.513 -162.6118
0.515 -163.9576
0.517 -165.1787
0.520 -166.2455
0.522 -167.1375
0.525 -167.8415
0.527 -168.3497
0.530 -168.6601
0.532 -168.7746
0.535 -168.7067
0.537 -168.4683
0.540 -168.0697
0.542 -167.5348
0.545 -166.8873
0.547 -166.1390
0.550 -165.3126
0.552 -164.4363
0.555 -163.5296
0.557 -162.6198
0.560 -161.7289
0.562 -160.8826
0.565 -160.0984
0.567 -159.3879
0.570 -158.7587
0.572 -158.2080
0.575 -157.7243
0.577 -157.2856
0.580 -156.8697
0.582 -156.4538
0.585 -156.0081
0.587 -155.5175
0.590 -154.9722
0.592 -154.3666
0.595 -153.7106
0.597 -153.0228
0.600 -152.3301
0.602 -151.6636
0.605 -151.0588
0.607 -150.5499
0.610 -150.1694
0.612 -149.9419
0.615 -149.8866
0.617 -150.0167
0.620 -150.3433
0.622 -150.8549
0.625 -151.5371
0.627 -152.3722
0.630 -153.3342
0.632 -154.3906
0.635 -155.5111
0.637 -156.6664
0.640 -157.8357
0.642 -158.9806
0.645 -160.0774
0.647 -161.1084
0.650 -162.0605
0.652 -162.9227
0.655 -163.6895
0.657 -164.3620
0.660 -164.9301
0.662 -165.3874
0.665 -165.7291
0.667 -165.9521
0.670 -166.0583
0.672 -166.0420
0.675 -165.9075
0.677 -165.6494
0.680 -165.2705
0.682 -164.7842
0.685 -164.1992
0.687 -163.5314
0.690 -162.7981
0.692 -162.0299
0.695 -161.2507
0.697 -160.4859
0.700 -159.7638
0.702 -159.1064
0.705 -158.5300
0.707 -158.0479
0.710 -157.6546
0.712 -157.3420
0.715 -157.0992
0.717 -156.9056
0.720 -156.7403
0.722 -156.5877
0.725 -156.4395
0.727 -156.2930
0.730 -156.1550
0.732 -156.0408
0.735 -155.9701
0.737 -155.9643
0.740 -156.0417
0.742 -156.2143
0.745 -156.4827
0.747 -156.8394
0.750 -157.2641
0.752 -157.7335
0.755 -158.2202
0.757 -158.6980
0.760 -159.1421
0.762 -159.5317
0.765 -159.8513
0.767 -160.0899
0.770 -160.2424
0.772 -160.3045
0.775 -160.2790
0.777 -160.1674
0.780 -159.9745
0.782 -159.6992
0.785 -159.3462
0.787 -158.9234
0.790 -158.4364
0.792 -157.8936
0.795 -157.3050
0.797 -156.6832
0.800 -156.0440
0.802 -155.4045
0.805 -154.7791
0.807 -154.1846
0.810 -153.6456
0.812 -153.1779
0.815 -152.7940
0.817 -152.5077
0.820 -152.3274
0.822 -152.2585
0.825 -152.3019
0.827 -152.4550
0.830 -152.7073
0.832 -153.0476
0.835 -153.4540
0.837 -153.9133
0.840 -154.4068
0.842 -154.9147
0.845 -155.4207
0.847 -155.9146
0.850 -156.3895
0.852 -156.8431
0.855 -157.2753
0.857 -157.6869
0.860 -158.0796
0.862 -158.4555
0.865 -158.8167
0.867 -159.1612
0.870 -159.4852
0.872 -159.7899
0.875 -160.0735
0.877 -160.3286
0.880 -160.5480
0.882 -160.7269
0.885 -160.8603
0.887 -160.9454
0.890 -160.9812
0.892 -160.9641
0.895 -160.8934
0.897 -160.7751
0.900 -160.6112
0.902 -160.3983
0.905 -160.1418
0.907 -159.8429
0.910 -159.5060
0.912 -159.1429
0.915 -158.7504
0.917 -158.3287
0.920 -157.8783
0.922 -157.3999
0.925 -156.8940
0.927 -156.3614
0.930 -155.7935
0.932 -155.1845
0.935 -154.5285
0.937 -153.8196
0.940 -153.0521
0.942 -152.2203
0.945 -151.3225
0.947 -150.3614
0.950 -149.3449
0.952 -148.2834
0.955 -147.1921
0.957 -146.0956
0.960 -145.0244
0.962 -144.0174
0.965 -143.1206
0.967 -142.3866
0.970 -141.8643
0.972 -141.6032
0.975 -141.6451
0.977 -142.0248
0.980 -142.7518
0.982 -143.8162
0.985 -145.1823
0.987 -146.7959
0.990 -148.5840
0.992 -150.4674
0.995 -152.3586
0.997 -154.1836
1.000 -155.8757
1.002 -157.3832
1.005 -158.6697
1.007 -159.7130
1.010 -160.5044
1.012 -161.0471
1.015 -161.3500
1.017 -161.4336
1.020 -161.3260
1.022 -161.0586
1.025 -160.6695
1.027 -160.2023
1.030 -159.7017
1.032 -159.2117
1.035 -158.7707
1.037 -158.4114
1.040 -158.1498
1.042 -157.9918
1.045 -157.9304
1.047 -157.9541
1.050 -158.0384
1.052 -158.1490
1.055 -158.2597
1.057 -158.3468
1.060 -158.3818
1.062 -158.3508
1.065 -158.2394
1.067 -158.0424
1.070 -157.7523
1.072 -157.3712
1.075 -156.9057
1.077 -156.3631
1.080 -155.7554
1.082 -155.0970
1.085 -154.4152
1.087 -153.7255
1.090 -153.0402
1.092 -152.3785
1.095 -151.7583
1.097 -151.1910
1.100 -150.6843
1.102 -150.2478
1.105 -149.8762
1.107 -149.5662
1.110 -149.3095
1.112 -149.1001
1.115 -148.9327
1.117 -148.7991
1.120 -148.6954
1.122 -148.6203
1.125 -148.5739
1.127 -148.5572
1.130 -148.5732
1.132 -148.6173
1.135 -148.6856
1.137 -148.7764
1.140 -148.8916
1.142 -149.0325
1.145 -149.2036
1.147 -149.4197
1.150 -149.6895
1.152 -150.0176
1.155 -150.4106
1.157 -150.8723
1.160 -151.4000
1.162 -151.9899
1.165 -152.6314
1.167 -153.3106
1.170 -154.0128
1.172 -154.7226
1.175 -155.4272
1.177 -156.1147
1.180 -156.7662
1.182 -157.3731
1.185 -157.9219
1.187 -158.4017
1.190 -158.8043
1.192 -159.1208
1.195 -159.3389
1.197 -159.4444
1.200 -159.4337
1.202 -159.2845
1.205 -158.9903
1.207 -158.5497
1.210 -157.9689
1.212 -157.2597
1.215 -156.4461
1.217 -155.5589
1.220 -154.6322
1.222 -153.7064
1.225 -152.8188
1.227 -152.0149
1.230 -151.3226
1.232 -150.7738
1.235 -150.3822
1.237 -150.1559
1.240 -150.0884
1.242 -150.1597
1.245 -150.3414
1.247 -150.6001
1.250 -150.8985
1.252 -151.2006
1.255 -151.4744
1.257 -151.6947
1.260 -151.8464
1.262 -151.9251
1.265 -151.9382
1.267 -151.9009
1.270 -151.8412
1.272 -151.7875
1.275 -151.7679
1.277 -151.8143
1.280 -151.9530
1.282 -152.1950
1.285 -152.5371
1.287 -152.9724
1.290 -153.4894
1.292 -154.0662
1.295 -154.6853
1.297 -155.3215
1.300 -155.9535
1.302 -156.5702
1.305 -157.1524
1.307 -157.6900
1.310 -158.1726
1.312 -158.5916
1.315 -158.9273
1.317 -159.1628
1.320 -159.2836
1.322 -159.2736
1.325 -159.1229
1.327 -158.8258
1.330 -158.3889
1.332 -157.8115
1.335 -157.1047
1.337 -156.2927
1.340 -155.3992
1.342 -154.4566
1.345 -153.5007
1.347 -152.5701
1.350 -151.6980
1.352 -150.9135
1.355 -150.2362
1.357 -149.6815
1.360 -149.2474
1.362 -148.9299
1.365 -148.7260
1.367 -148.6364
1.370 -148.6695
1.372 -148.8435
1.375 -149.1787
1.377 -149.6924
1.380 -150.3906
1.382 -151.2624
1.385 -152.2776
1.387 -153.3877
1.390 -154.5392
1.392 -155.6754
1.395 -156.7518
1.397 -157.7360
1.400 -158.6027
1.402 -159.3455
1.405 -159.9653
1.407 -160.4712
1.410 -160.8732
1.412 -161.1831
1.415 -161.4057
1.417 -161.5466
1.420 -161.6106
1.422 -161.6017
1.425 -161.5223
1.427 -161.3760
1.430 -161.1677
1.432 -160.9117
1.435 -160.6229
1.437 -160.3214
1.440 -160.0273
1.442 -159.7607
1.445 -159.5395
1.447 -159.3766
1.450 -159.2856
1.452 -159.2570
1.455 -159.2780
1.457 -159.3400
1.460 -159.4301
1.462 -159.5350
1.465 -159.6439
1.467 -159.7458
1.470 -159.8303
1.472 -159.8894
1.475 -159.9124
1.477 -159.8892
1.480 -159.8074
1.482 -159.6570
1.485 -159.4291
1.487 -159.1184
1.490 -158.7235
1.492 -158.2512
1.495 -157.7111
1.497 -157.1212
1.500 -156.5075
1.502 -155.9046
1.505 -155.3439
1.507 -154.8527
1.510 -154.4631
1.512 -154.1938
1.515 -154.0568
1.517 -154.0552
1.520 -154.1812
1.522 -154.4196
1.525 -154.7475
1.527 -155.1403
1.530 -155.5707
1.532 -156.0072
1.535 -156.4227
1.537 -156.7932
1.540 -157.1021
1.542 -157.3360
1.545 -157.4777
1.547 -157.5240
1.550 -157.4739
1.552 -157.3303
1.555 -157.1006
1.557 -156.7940
1.560 -156.4209
1.562 -155.9926
1.565 -155.5226
1.567 -155.0276
1.570 -154.5186
1.572 -154.0073
1.575 -153.5072
1.577 -153.0343
1.580 -152.5997
1.582 -152.2101
1.585 -151.8723
1.587 -151.5843
1.590 -151.3461
1.592 -151.1384
1.595 -150.9481
1.597 -150.7623
1.600 -150.5699
1.602 -150.3657
1.605 -150.1420
1.607 -149.8980
1.610 -149.6364
1.612 -149.3604
1.615 -149.0769
1.617 -148.7926
1.620 -148.5200
1.622 -148.2649
1.625 -148.0346
1.627 -147.8406
1.630 -147.6932
1.632 -147.6062
1.635 -147.5915
1.637 -147.6612
1.640 -147.8265
1.642 -148.0952
1.645 -148.4729
1.647 -148.9595
1.650 -149.5513
1.652 -150.2366
1.655 -151.0035
1.657 -151.8342
1.660 -152.7112
1.662 -153.6137
1.665 -154.5138
1.667 -155.3912
1.670 -156.2184
1.672 -156.9768
1.675 -157.6379
1.677 -158.1838
1.680 -158.6008
1.682 -158.8772
1.685 -159.0042
1.687 -158.9776
1.690 -158.8006
1.692 -158.4748
1.695 -158.0085
1.697 -157.4084
1.700 -156.6917
1.702 -155.8824
1.705 -155.0133
1.707 -154.1265
1.710 -153.2723
1.712 -152.5077
1.715 -151.8858
1.717 -151.4500
1.720 -151.2215
1.722 -151.1998
1.725 -151.3616
1.727 -151.6642
1.730 -152.0592
1.732 -152.4989
1.735 -152.9393
1.737 -153.3501
1.740 -153.7069
1.742 -153.9934
1.745 -154.1999
1.747 -154.3194
1.750 -154.3462
1.752 -154.2730
1.755 -154.0977
1.757 -153.8193
1.760 -153.4358
1.762 -152.9493
1.765 -152.3689
1.767 -151.7014
1.770 -150.9630
1.772 -150.1788
1.775 -149.3681
1.777 -148.5670
1.780 -147.8189
1.782 -147.1745
1.785 -146.6869
1.787 -146.4054
1.790 -146.3659
1.792 -146.5846
1.795 -147.0536
1.797 -147.7393
1.800 -148.5876
1.802 -149.5366
1.805 -150.5222
1.807 -151.4878
1.810 -152.3839
1.812 -153.1776
1.815 -153.8518
1.817 -154.3988
1.820 -154.8211
1.822 -155.1285
1.825 -155.3327
1.827 -155.4575
1.830 -155.5199
1.832 -155.5366
1.835 -155.5301
1.837 -155.5173
1.840 -155.5073
1.842 -155.5049
1.845 -155.5159
1.847 -155.5354
1.850 -155.5535
1.852 -155.5605
1.855 -155.5453
1.857 -155.4949
1.860 -155.3940
1.862 -155.2370
1.865 -155.0211
1.867 -154.7485
1.870 -154.4280
1.872 -154.0774
1.875 -153.7180
1.877 -153.3677
1.880 -153.0479
1.882 -152.7804
1.885 -152.5789
1.887 -152.4549
1.890 -152.4147
1.892 -152.4645
1.895 -152.6011
1.897 -152.8145
1.900 -153.0931
1.902 -153.4246
1.905 -153.7870
1.907 -154.1508
1.910 -154.4877
1.912 -154.7688
1.915 -154.9619
1.917 -155.0465
1.920 -155.0117
1.922 -154.8574
1.925 -154.5964
1.927 -154.2514
1.930 -153.8468
1.932 -153.4152
1.935 -152.9897
1.937 -152.5946
1.940 -152.2560
1.942 -151.9925
1.945 -151.8148
1.947 -151.7263
1.950 -151.7271
1.952 -151.8084
1.955 -151.9617
1.957 -152.1752
1.960 -152.4375
1.962 -152.7417
1.965 -153.0804
1.967 -153.4484
1.970 -153.8431
1.972 -154.2548
1.975 -154.6831
1.977 -155.1163
1.980 -155.5526
1.982 -155.9872
1.985 -156.4055
1.987 -156.8000
1.990 -157.1593
1.992 -157.4796
1.995 -157.7491
1.997 -157.9600
2.000 -158.1092
2.002 -158.1841
2.005 -158.1843
2.007 -158.1112
2.010 -157.9817
2.012 -157.8018
2.015 -157.5845
2.017 -157.3490
2.020 -157.1140
2.022 -156.8999
2.025 -156.7146
2.027 -156.5645
2.030 -156.4455
2.032 -156.3501
2.035 -156.2651
2.037 -156.1788
2.040 -156.0804
2.042 -155.9628
2.045 -155.8291
2.047 -155.6851
2.050 -155.5383
2.052 -155.4089
2.055 -155.3084
2.057 -155.2468
2.060 -155.2373
2.062 -155.2859
2.065 -155.3922
2.067 -155.5558
2.070 -155.7690
2.072 -156.0257
2.075 -156.3168
2.077 -156.6336
2.080 -156.9727
2.082 -157.3245
2.085 -157.6807
2.087 -158.0360
2.090 -158.3804
2.092 -158.7055
2.095 -159.0035
2.097 -159.2705
2.100 -159.4952
2.102 -159.6740
2.105 -159.7914
2.107 -159.8383
2.110 -159.8061
2.112 -159.6875
2.115 -159.4840
2.117 -159.1999
2.120 -158.8372
2.122 -158.4131
2.125 -157.9273
2.127 -157.3884
2.130 -156.8065
2.132 -156.1907
2.135 -155.5499
2.137 -154.8901
2.140 -154.2182
2.142 -153.5417
2.145 -152.8685
2.147 -152.2093
2.150 -151.5669
2.152 -150.9494
2.155 -150.3710
2.157 -149.8448
2.160 -149.3934
2.162 -149.0395
2.165 -148.8097
2.167 -148.7286
2.170 -148.8138
2.172 -149.0783
2.175 -149.5141
2.177 -150.1015
2.180 -150.8127
2.182 -151.6145
2.185 -152.4714
2.187 -153.3500
2.190 -154.2220
2.192 -155.0634
2.195 -155.8569
2.197 -156.5941
2.200 -157.2744
2.202 -157.9050
2.205 -158.4870
2.207 -159.0210
2.210 -159.5095
2.212 -159.9581
2.215 -160.3741
2.217 -160.7599
2.220 -161.1186
2.222 -161.4557
2.225 -161.7736
2.227 -162.0818
2.230 -162.3773
2.232 -162.6582
2.235 -162.9218
2.237 -163.1666
2.240 -163.3925
2.242 -163.5890
2.245 -163.7518
2.247 -163.8560
2.250 -163.8804
2.252 -163.8076
2.255 -163.6257
2.257 -163.3213
2.260 -162.8855
2.262 -162.3145
2.265 -161.6150
2.267 -160.8037
2.270 -159.9052
2.272 -158.9515
2.275 -157.9823
2.277 -157.0351
2.280 -156.1522
2.282 -155.3498
2.285 -154.6470
2.287 -154.0549
2.290 -153.5771
2.292 -153.2129
2.295 -152.9586
2.297 -152.8140
2.300 -152.7702
2.302 -152.8248
2.305 -152.9626
2.307 -153.1751
2.310 -153.4471
2.312 -153.7757
2.315 -154.1366
2.317 -154.5109
2.320 -154.8818
2.322 -155.2404
2.325 -155.5747
2.327 -155.8815
2.330 -156.1564
2.332 -156.4063
2.335 -156.6366
2.337 -156.8565
2.340 -157.0800
2.342 -157.3187
2.345 -157.5823
2.347 -157.8813
2.350 -158.2211
2.352 -158.6058
2.355 -159.0335
2.357 -159.5008
2.360 -159.9988
2.362 -160.5186
2.365 -161.0471
2.367 -161.5710
2.370 -162.0842
2.372 -162.5699
2.375 -163.0092
2.377 -163.3894
2.380 -163.6988
2.382 -163.9262
2.385 -164.0607
2.387 -164.0966
2.390 -164.0327
2.392 -163.8671
2.395 -163.6012
2.397 -163.2378
2.400 -162.7857
2.402 -162.2580
2.405 -161.6745
2.407 -161.0473
2.410 -160.4033
2.412 -159.7579
2.415 -159.1254
2.417 -158.5150
2.420 -157.9413
2.422 -157.4116
2.425 -156.9265
2.427 -156.4846
2.430 -156.0834
2.432 -155.7226
2.435 -155.3775
2.437 -155.0370
2.440 -154.6906
2.442 -154.3323
2.445 -153.9657
2.447 -153.6014
2.450 -153.2573
2.452 -152.9558
2.455 -152.7248
2.457 -152.5949
2.460 -152.5814
2.462 -152.6927
2.465 -152.9263
2.467 -153.2698
2.470 -153.6969
2.472 -154.1748
2.475 -154.6664
2.477 -155.1366
2.480 -155.5565
2.482 -155.9051
2.485 -156.1673
2.487 -156.3365
2.490 -156.4130
2.492 -156.4016
2.495 -156.3104
2.497 -156.1542
2.500 -155.9327
2.502 -155.6536
2.505 -155.3280
2.507 -154.9667
2.510 -154.5742
2.512 -154.1631
2.515 -153.7490
2.517 -153.3517
2.520 -152.9897
2.522 -152.6833
2.525 -152.4570
2.527 -152.3335
2.530 -152.3317
2.532 -152.4699
2.535 -152.7580
2.537 -153.1890
2.540 -153.7519
2.542 -154.4232
2.545 -155.1734
2.547 -155.9667
2.550 -156.7658
2.552 -157.5371
2.555 -158.2518
2.557 -158.8908
2.560 -159.4430
2.562 -159.8995
2.565 -160.2597
2.567 -160.5292
2.570 -160.7198
2.572 -160.8413
2.575 -160.9108
2.577 -160.9359
2.580 -160.9271
2.582 -160.8922
2.585 -160.8402
2.587 -160.7787
2.590 -160.7129
2.592 -160.6589
2.595 -160.6053
2.597 -160.5526
2.600 -160.4913
2.602 -160.4179
2.605 -160.3241
2.607 -160.2012
2.610 -160.0422
2.612 -159.8366
2.615 -159.5766
2.617 -159.2574
2.620 -158.8758
2.622 -158.4238
2.625 -157.8938
2.627 -157.2852
2.630 -156.6070
2.632 -155.8629
2.635 -155.0659
2.637 -154.2377
2.640 -153.4061
2.642 -152.5914
2.645 -151.8096
2.647 -151.0857
2.650 -150.4369
2.652 -149.8763
2.655 -149.4123
2.657 -149.0458
2.660 -148.7746
2.662 -148.5911
2.665 -148.4878
2.667 -148.4581
2.670 -148.4956
2.672 -148.5956
2.675 -148.7553
2.677 -148.9783
2.680 -149.2593
2.682 -149.6011
2.685 -150.0000
2.687 -150.4566
2.690 -150.9756
2.692 -151.5565
2.695 -152.1977
2.697 -152.8972
2.700 -153.6430
2.702 -154.4266
2.705 -155.2396
2.707 -156.0706
2.710 -156.9044
2.712 -157.7254
2.715 -158.5151
2.717 -159.2558
2.720 -159.9272
2.722 -160.5145
2.725 -161.0055
2.727 -161.3935
2.730 -161.6671
2.732 -161.8218
2.735 -161.8617
2.737 -161.7847
2.740 -161.5967
2.742 -161.3015
2.745 -160.9124
2.747 -160.4404
2.750 -159.8990
2.752 -159.3042
2.755 -158.6731
2.757 -158.0130
2.760 -157.3346
2.762 -156.6491
2.765 -155.9677
2.767 -155.2944
2.770 -154.6366
2.772 -154.0015
2.775 -153.4001
2.777 -152.8408
2.780 -152.3298
2.782 -151.8742
2.785 -151.4880
2.787 -151.1853
2.790 -150.9834
2.792 -150.8919
2.795 -150.9247
2.797 -151.0863
2.800 -151.3767
2.802 -151.7949
2.805 -152.3295
2.807 -152.9655
2.810 -153.6925
2.812 -154.4755
2.815 -155.2830
2.817 -156.0889
2.820 -156.8671
2.822 -157.5849
2.825 -158.2196
2.827 -158.7531
2.830 -159.1715
2.832 -159.4658
2.835 -159.6299
2.837 -159.6600
2.840 -159.5586
2.842 -159.3280
2.845 -158.9735
2.847 -158.5080
2.850 -157.9403
2.852 -157.2814
2.855 -156.5445
2.857 -155.7466
2.860 -154.9071
2.862 -154.0509
2.865 -153.1953
2.867 -152.3573
2.870 -151.5569
2.872 -150.8122
2.875 -150.1335
2.877 -149.5313
2.880 -149.0110
2.882 -148.5783
2.885 -148.2382
2.887 -147.9945
2.890 -147.8506
2.892 -147.8113
2.895 -147.8801
2.897 -148.0629
2.900 -148.3656
2.902 -148.7888
2.905 -149.3306
2.907 -149.9908
2.910 -150.7593
2.912 -151.6268
2.915 -152.5863
2.917 -153.6246
2.920 -154.7308
2.922 -155.8836
2.925 -157.0659
2.927 -158.2622
2.930 -159.4613
2.932 -160.6513
2.935 -161.8214
2.937 -162.9592
2.940 -164.0536
2.942 -165.0960
2.945 -166.0822
2.947 -166.9995
2.950 -167.8410
2.952 -168.5977
2.955 -169.2618
2.957 -169.8333
2.960 -170.3031
2.962 -170.6642
2.965 -170.9005
2.967 -170.9987
2.970 -170.9519
2.972 -170.7590
2.975 -170.4292
2.977 -169.9638
2.980 -169.3766
2.982 -168.6892
2.985 -167.9299
2.987 -167.1292
2.990 -166.3195
2.992 -165.5367
2.995 -164.8121
2.997 -164.1741
3.000 -163.6452
3.002 -163.2405
3.005 -162.9584
3.007 -162.7921
3.010 -162.7290
3.012 -162.7416
3.015 -162.8034
3.017 -162.8861
3.020 -162.9586
3.022 -163.0002
3.025 -162.9863
3.027 -162.9060
3.030 -162.7504
3.032 -162.5188
3.035 -162.2103
3.037 -161.8267
3.040 -161.3752
3.042 -160.8589
3.045 -160.2842
3.047 -159.6607
3.050 -158.9841
3.052 -158.2556
3.055 -157.4799
3.057 -156.6621
3.060 -155.8135
3.062 -154.9517
3.065 -154.0993
3.067 -153.2834
3.070 -152.5351
3.072 -151.8874
3.075 -151.3728
3.077 -151.0117
3.080 -150.8169
3.082 -150.7917
3.085 -150.9229
3.087 -151.1862
3.090 -151.5546
3.092 -151.9837
3.095 -152.4342
3.097 -152.8762
3.100 -153.2695
3.102 -153.5851
3.105 -153.8028
3.107 -153.9088
3.110 -153.8957
3.112 -153.7634
3.115 -153.5201
3.117 -153.1720
3.120 -152.7249
3.122 -152.1962
3.125 -151.5966
3.127 -150.9448
3.130 -150.2630
3.132 -149.5759
3.135 -148.9052
3.137 -148.2749
3.140 -147.7063
3.142 -147.2192
3.145 -146.8260
3.147 -146.5343
3.150 -146.3469
3.152 -146.2612
3.155 -146.2633
3.157 -146.3431
3.160 -146.4832
3.162 -146.6690
3.165 -146.8820
3.167 -147.1091
3.170 -147.3400
3.172 -147.5670
3.175 -147.7809
3.177 -147.9734
3.180 -148.1376
3.182 -148.2748
3.185 -148.3716
3.187 -148.4193
3.190 -148.4137
3.192 -148.3531
3.195 -148.2395
3.197 -148.0800
3.200 -147.8867
3.202 -147.6719
3.205 -147.4539
3.207 -147.2569
3.210 -147.1037
3.212 -147.0119
3.215 -147.0006
3.217 -147.0800
3.220 -147.2618
3.222 -147.5389
3.225 -147.9050
3.227 -148.3503
3.230 -148.8675
3.232 -149.4407
3.235 -150.0589
3.237 -150.7097
3.240 -151.3820
3.242 -152.0645
3.245 -152.7471
3.247 -153.4207
3.250 -154.0764
3.252 -154.6971
3.255 -155.2739
3.257 -155.7985
3.260 -156.2646
3.262 -156.6616
3.265 -156.9875
3.267 -157.2436
3.270 -157.4327
3.272 -157.5624
3.275 -157.6411
3.277 -157.6774
3.280 -157.6827
3.282 -157.6699
3.285 -157.6527
3.287 -157.6473
3.290 -157.6595
3.292 -157.6934
3.295 -157.7537
3.297 -157.8384
3.300 -157.9393
3.302 -158.0442
3.305 -158.1385
3.307 -158.2063
3.310 -158.2323
3.312 -158.2053
3.315 -158.1197
3.317 -157.9778
3.320 -157.7939
3.322 -157.5867
3.325 -157.3810
3.327 -157.2042
3.330 -157.0837
3.332 -157.0395
3.335 -157.0647
3.337 -157.1392
3.340 -157.2254
3.342 -157.2722
3.345 -157.2255
3.347 -157.0218
3.350 -156.6136
3.352 -155.9746
3.355 -155.0995
3.357 -154.0040
3.360 -152.7305
3.362 -151.3467
3.365 -149.9350
3.367 -148.5866
3.370 -147.3946
3.372 -146.4458
3.375 -145.8073
3.377 -145.5166
3.380 -145.5788
3.382 -145.9694
3.385 -146.6318
3.387 -147.4926
3.390 -148.4783
3.392 -149.5225
3.395 -150.5715
3.397 -151.5848
3.400 -152.5392
3.402 -153.4220
3.405 -154.2168
3.407 -154.9192
3.410 -155.5243
3.412 -156.0242
3.415 -156.4253
3.417 -156.7126
3.420 -156.8897
3.422 -156.9579
3.425 -156.9297
3.427 -156.8200
3.430 -156.6538
3.432 -156.4589
3.435 -156.2671
3.437 -156.1051
3.440 -155.9998
3.442 -155.9733
3.445 -156.0373
3.447 -156.1963
3.450 -156.4467
3.452 -156.7701
3.455 -157.1496
3.457 -157.5704
3.460 -158.0131
3.462 -158.4647
3.465 -158.9106
3.467 -159.3420
3.470 -159.7499
3.472 -160.1245
3.475 -160.4589
3.477 -160.7396
3.480 -160.9561
3.482 -161.0975
3.485 -161.1539
3.487 -161.1155
3.490 -160.9669
3.492 -160.6996
3.495 -160.3052
3.497 -159.7789
3.500 -159.1140
3.502 -158.3139
3.505 -157.3858
3.507 -156.3373
3.510 -155.1866
3.512 -153.9531
3.515 -152.6639
3.517 -151.3531
3.520 -150.0615
3.522 -148.8302
3.525 -147.6935
3.527 -146.6863
3.530 -145.8362
3.532 -145.1632
3.535 -144.6767
3.537 -144.3751
3.540 -144.2500
3.542 -144.2823
3.545 -144.4497
3.547 -144.7298
3.550 -145.0987
3.552 -145.5346
3.555 -146.0201
3.557 -146.5418
3.560 -147.0912
3.562 -147.6569
3.565 -148.2319
3.567 -148.8093
3.570 -149.3870
3.572 -149.9674
3.575 -150.5428
3.577 -151.1072
3.580 -151.6585
3.582 -152.1960
3.585 -152.7186
3.587 -153.2252
3.590 -153.7158
3.592 -154.1909
3.595 -154.6500
3.597 -155.0927
3.600 -155.5194
3.602 -155.9291
3.605 -156.3238
3.607 -156.7020
3.610 -157.0636
3.612 -157.4076
3.615 -157.7330
3.617 -158.0369
3.620 -158.3166
3.622 -158.5633
3.625 -158.7691
3.627 -158.9280
3.630 -159.0241
3.632 -159.0450
3.635 -158.9803
3.637 -158.8230
3.640 -158.5644
3.642 -158.2001
3.645 -157.7304
3.647 -157.1597
3.650 -156.4977
3.652 -155.7579
3.655 -154.9597
3.657 -154.1240
3.660 -153.2805
3.662 -152.4628
3.665 -151.7012
3.667 -151.0333
3.670 -150.4902
3.672 -150.1014
3.675 -149.8914
3.677 -149.8705
3.680 -150.0376
3.682 -150.3802
3.685 -150.8742
3.687 -151.4856
3.690 -152.1752
3.692 -152.9025
3.695 -153.6300
3.697 -154.3249
3.700 -154.9633
3.702 -155.5241
3.705 -155.9978
3.707 -156.3787
3.710 -156.6670
3.712 -156.8702
3.715 -156.9962
3.717 -157.0591
3.720 -157.0714
3.722 -157.0474
3.725 -157.0032
3.727 -156.9541
3.730 -156.9189
3.732 -156.9058
3.735 -156.9136
3.737 -156.9419
3.740 -156.9864
3.742 -157.0388
3.745 -157.0892
3.747 -157.1277
3.750 -157.1385
3.752 -157.1103
3.755 -157.0359
3.757 -156.9137
3.760 -156.7468
3.762 -156.5333
3.765 -156.2748
3.767 -155.9760
3.770 -155.6349
3.772 -155.2522
3.775 -154.8285
3.777 -154.3653
3.780 -153.8659
3.782 -153.3320
3.785 -152.7755
3.787 -152.2036
3.790 -151.6308
3.792 -151.0762
3.795 -150.5570
3.797 -150.0914
3.800 -149.6950
3.802 -149.3800
3.805 -149.1545
3.807 -149.0218
3.810 -148.9826
3.812 -149.0360
3.815 -149.1759
3.817 -149.3968
3.820 -149.6935
3.822 -150.0511
3.825 -150.4587
3.827 -150.9038
3.830 -151.3733
3.832 -151.8544
3.835 -152.3336
3.837 -152.7997
3.840 -153.2398
3.842 -153.6363
3.845 -153.9759
3.847 -154.2483
3.850 -154.4465
3.852 -154.5658
3.855 -154.6067
3.857 -154.5706
3.860 -154.4632
3.862 -154.2934
3.865 -154.0720
3.867 -153.8086
3.870 -153.5141
3.872 -153.1965
3.875 -152.8624
3.877 -152.5202
3.880 -152.1774
3.882 -151.8432
3.885 -151.5263
3.887 -151.2385
3.890 -150.9874
3.892 -150.7866
3.895 -150.6459
3.897 -150.5721
3.900 -150.5657
3.902 -150.6298
3.905 -150.7556
3.907 -150.9311
3.910 -151.1477
3.912 -151.3922
3.915 -151.6530
3.917 -151.9188
3.920 -152.1815
3.922 -152.4360
3.925 -152.6780
3.927 -152.9057
3.930 -153.1165
3.932 -153.3105
3.935 -153.4871
3.937 -153.6440
3.940 -153.7788
3.942 -153.8889
3.945 -153.9725
3.947 -154.0301
3.950 -154.0658
3.952 -154.0791
3.955 -154.0748
3.957 -154.0605
3.960 -154.0468
3.962 -154.0456
3.965 -154.0740
3.967 -154.1481
3.970 -154.2789
3.972 -154.4770
3.975 -154.7436
3.977 -155.0790
3.980 -155.4763
3.982 -155.9198
3.985 -156.3913
3.987 -156.8717
3.990 -157.3422
3.992 -157.7827
3.995 -158.1811
3.997 -158.5229
4.000 -158.7984
4.002 -159.0022
4.005 -159.1312
4.007 -159.1910
4.010 -159.1729
4.012 -159.0749
4.015 -158.8964
4.017 -158.6388
4.020 -158.3030
4.022 -157.8950
4.025 -157.4186
4.027 -156.8826
4.030 -156.2904
4.032 -155.6501
4.035 -154.9712
4.037 -154.2620
4.040 -153.5312
4.042 -152.7905
4.045 -152.0494
4.047 -151.3218
4.050 -150.6237
4.052 -149.9773
4.055 -149.4090
4.057 -148.9360
4.060 -148.5779
4.062 -148.3513
4.065 -148.2659
4.067 -148.3235
4.070 -148.5164
4.072 -148.8279
4.075 -149.2354
4.077 -149.7106
4.080 -150.2229
4.082 -150.7453
4.085 -151.2553
4.087 -151.7356
4.090 -152.1746
4.092 -152.5640
4.095 -152.9016
4.097 -153.1831
4.100 -153.4047
4.102 -153.5700
4.105 -153.6736
4.107 -153.7160
4.110 -153.6902
4.112 -153.5963
4.115 -153.4363
4.117 -153.2136
4.120 -152.9316
4.122 -152.5959
4.125 -152.2148
4.127 -151.7991
4.130 -151.3626
4.132 -150.9211
4.135 -150.4892
4.137 -150.0821
4.140 -149.7159
4.142 -149.4050
4.145 -149.1630
4.147 -148.9997
4.150 -148.9247
4.152 -148.9469
4.155 -149.0704
4.157 -149.2971
4.160 -149.6292
4.162 -150.0533
4.165 -150.5543
4.167 -151.1135
4.170 -151.7058
4.172 -152.3049
4.175 -152.8857
4.177 -153.4208
4.180 -153.8886
4.182 -154.2657
4.185 -154.5385
4.187 -154.6941
4.190 -154.7282
4.192 -154.6376
4.195 -154.4206
4.197 -154.0896
4.200 -153.6440
4.202 -153.0944
4.205 -152.4486
4.207 -151.7201
4.210 -150.9249
4.212 -150.0822
4.215 -149.2117
4.217 -148.3336
4.220 -147.4685
4.222 -146.6383
4.225 -145.8639
4.227 -145.1658
4.230 -144.5604
4.232 -144.0619
4.235 -143.6802
4.237 -143.4224
4.240 -143.2808
4.242 -143.2434
4.245 -143.2930
4.247 -143.4081
4.250 -143.5638
4.252 -143.7373
4.255 -143.9096
4.257 -144.0696
4.260 -144.2119
4.262 -144.3386
4.265 -144.4603
4.267 -144.5926
4.270 -144.7513
4.272 -144.9520
4.275 -145.2078
4.277 -145.5267
4.280 -145.9125
4.282 -146.3636
4.285 -146.8764
4.287 -147.4430
4.290 -148.0545
4.292 -148.7026
4.295 -149.3817
4.297 -150.0885
4.300 -150.8185
4.302 -151.5701
4.305 -152.3402
4.307 -153.1233
4.310 -153.9077
4.312 -154.6827
4.315 -155.4281
4.317 -156.1275
4.320 -156.7614
4.322 -157.3104
4.325 -157.7557
4.327 -158.0845
4.330 -158.2894
4.332 -158.3662
4.335 -158.3173
4.337 -158.1507
4.340 -157.8792
4.342 -157.5196
4.345 -157.0909
4.347 -156.6163
4.350 -156.1152
4.352 -155.6020
4.355 -155.0921
4.357 -154.5959
4.360 -154.1297
4.362 -153.6846
4.365 -153.2685
4.367 -152.8599
4.370 -152.4571
4.372 -152.0525
4.375 -151.6367
4.377 -151.2066
4.380 -150.7642
4.382 -150.3203
4.385 -149.8796
4.387 -149.4567
4.390 -149.0607
4.392 -148.7045
4.395 -148.4026
4.397 -148.1676
4.400 -148.0119
4.402 -147.9458
4.405 -147.9825
4.407 -148.1332
4.410 -148.4116
4.412 -148.8324
4.415 -149.4060
4.417 -150.1404
4.420 -151.0395
4.422 -152.0915
4.425 -153.2755
4.427 -154.5536
4.430 -155.8824
4.432 -157.2102
4.435 -158.4828
4.437 -159.6541
4.440 -160.6824
4.442 -161.5324
4.445 -162.1834
4.447 -162.6145
4.450 -162.8165
4.452 -162.7861
4.455 -162.5276
4.457 -162.0508
4.460 -161.3719
4.462 -160.5096
4.465 -159.4894
4.467 -158.3423
4.470 -157.1025
4.472 -155.8104
4.475 -154.5060
4.478 -153.2301
4.480 -152.0179
4.483 -150.9033
4.485 -149.9115
4.488 -149.0625
4.490 -148.3761
4.493 -147.8496
4.495 -147.4767
4.498 -147.2463
4.500 -147.1435
4.503 -147.1515
4.505 -147.2517
4.508 -147.4271
4.510 -147.6613
4.513 -147.9352
4.515 -148.2332
4.518 -148.5467
4.520 -148.8588
4.523 -149.1592
4.525 -149.4420
4.528 -149.7046
4.530 -149.9392
4.533 -150.1446
4.535 -150.3212
4.538 -150.4708
4.540 -150.5976
4.543 -150.7098
4.545 -150.8180
4.548 -150.9252
4.550 -151.0398
4.553 -151.1646
4.555 -151.3018
4.558 -151.4457
4.560 -151.5870
4.563 -151.7138
4.565 -151.8115
4.568 -151.8651
4.570 -151.8630
4.573 -151.7958
4.575 -151.6575
4.578 -151.4462
4.580 -151.1648
4.583 -150.8194
4.585 -150.4264
4.588 -149.9937
4.590 -149.5324
4.593 -149.0539
4.595 -148.5731
4.598 -148.1096
4.600 -147.6655
4.603 -147.2503
4.605 -146.8753
4.608 -146.5448
4.610 -146.2626
4.613 -146.0419
4.615 -145.8779
4.618 -145.7743
4.620 -145.7369
4.623 -145.7707
4.625 -145.8815
4.628 -146.0748
4.630 -146.3530
4.633 -146.7158
4.635 -147.1593
4.638 -147.6785
4.640 -148.2595
4.643 -148.8904
4.645 -149.5639
4.648 -150.2571
4.650 -150.9529
4.653 -151.6343
4.655 -152.2879
4.658 -152.8961
4.660 -153.4443
4.663 -153.9195
4.665 -154.3088
4.668 -154.6025
4.670 -154.7949
4.673 -154.8843
4.675 -154.8685
4.678 -154.7521
4.680 -154.5433
4.683 -154.2542
4.685 -153.8992
4.688 -153.4917
4.690 -153.0514
4.693 -152.5939
4.695 -152.1329
4.698 -151.6884
4.700 -151.2851
4.703 -150.9468
4.705 -150.6947
4.708 -150.5476
4.710 -150.5227
4.713 -150.6215
4.715 -150.8324
4.718 -151.1327
4.720 -151.4941
4.723 -151.8894
4.725 -152.2897
4.728 -152.6707
4.730 -153.0192
4.733 -153.3245
4.735 -153.5788
4.738 -153.7804
4.740 -153.9325
4.743 -154.0385
4.745 -154.1002
4.748 -154.1215
4.750 -154.1008
4.753 -154.0409
4.755 -153.9429
4.758 -153.8107
4.760 -153.6471
4.763 -153.4586
4.765 -153.2578
4.768 -153.0468
4.770 -152.8335
4.773 -152.6283
4.775 -152.4406
4.778 -152.2822
4.780 -152.1588
4.783 -152.0757
4.785 -152.0376
4.788 -152.0507
4.790 -152.1215
4.793 -152.2431
4.795 -152.4109
4.798 -152.6289
4.800 -152.8775
4.803 -153.1461
4.805 -153.4221
4.808 -153.6936
4.810 -153.9487
4.813 -154.1832
4.815 -154.3733
4.818 -154.5057
4.820 -154.5745
4.823 -154.5714
4.825 -154.4790
4.828 -154.2893
4.830 -153.9886
4.833 -153.5660
4.835 -153.0062
4.838 -152.2953
4.840 -151.4188
4.843 -150.3762
4.845 -149.1758
4.848 -147.8377
4.850 -146.4071
4.853 -144.9556
4.855 -143.5708
4.858 -142.3496
4.860 -141.3787
4.863 -140.7192
4.865 -140.3943
4.868 -140.3858
4.870 -140.6525
4.873 -141.1435
4.875 -141.8100
4.878 -142.6141
4.880 -143.5305
4.883 -144.5407
4.885 -145.6318
4.888 -146.7749
4.890 -147.9455
4.893 -149.1096
4.895 -150.2298
4.898 -151.2664
4.900 -152.1878
4.903 -152.9601
4.905 -153.5606
4.908 -153.9785
4.910 -154.2169
4.913 -154.3013
4.915 -154.2554
4.918 -154.1158
4.920 -153.9288
4.923 -153.7453
4.925 -153.6127
4.928 -153.5714
4.930 -153.6463
4.933 -153.8551
4.935 -154.1946
4.938 -154.6475
4.940 -155.1831
4.943 -155.7671
4.945 -156.3639
4.948 -156.9341
4.950 -157.4427
4.953 -157.8602
4.955 -158.1663
4.958 -158.3469
4.960 -158.3916
4.963 -158.2981
4.965 -158.0769
4.968 -157.7388
4.970 -157.2998
4.973 -156.7844
4.975 -156.2218
4.978 -155.6393
4.980 -155.0610
4.983 -154.5112
4.985 -154.0014
4.988 -153.5411
4.990 -153.1329
4.993 -152.7738
4.995 -152.4568
4.998 -152.1759
5.000 -151.9275
5.003 -151.7112
5.005 -151.5328
5.008 -151.4036
5.010 -151.3368
5.013 -151.3457
5.015 -151.4435
5.018 -151.6392
5.020 -151.9340
5.023 -152.3142
5.025 -152.7588
5.028 -153.2396
5.030 -153.7246
5.033 -154.1846
5.035 -154.5934
5.038 -154.9333
5.040 -155.1884
5.043 -155.3529
5.045 -155.4300
5.048 -155.4294
5.050 -155.3639
5.053 -155.2496
5.055 -155.1051
5.058 -154.9452
5.060 -154.7855
5.063 -154.6468
5.065 -154.5365
5.068 -154.4625
5.070 -154.4276
5.073 -154.4349
5.075 -154.4798
5.078 -154.5577
5.080 -154.6617
5.083 -154.7834
5.085 -154.9158
5.088 -155.0496
5.090 -155.1723
5.093 -155.2752
5.095 -155.3502
5.098 -155.3885
5.100 -155.3827
5.103 -155.3269
5.105 -155.2104
5.108 -155.0265
5.110 -154.7686
5.113 -154.4315
5.115 -154.0085
5.118 -153.4948
5.120 -152.8888
5.123 -152.1912
5.125 -151.4087
5.128 -150.5526
5.130 -149.6418
5.133 -148.7013
5.135 -147.7641
5.138 -146.8701
5.140 -146.0556
5.143 -145.3631
5.145 -144.8277
5.148 -144.4775
5.150 -144.3308
5.153 -144.3934
5.155 -144.6528
5.158 -145.0850
5.160 -145.6527
5.163 -146.3142
5.165 -147.0218
5.168 -147.7340
5.170 -148.4167
5.173 -149.0440
5.175 -149.6011
5.178 -150.0832
5.180 -150.4933
5.183 -150.8427
5.185 -151.1458
5.188 -151.4213
5.190 -151.6867
5.193 -151.9543
5.195 -152.2343
5.198 -152.5330
5.200 -152.8514
5.203 -153.1855
5.205 -153.5278
5.208 -153.8680
5.210 -154.1952
5.213 -154.4973
5.215 -154.7688
5.218 -154.9985
5.220 -155.1826
5.223 -155.3215
5.225 -155.4192
5.228 -155.4870
5.230 -155.5385
5.233 -155.5942
5.235 -155.6583
5.238 -155.7407
5.240 -155.8495
5.243 -155.9864
5.245 -156.1423
5.248 -156.3056
5.250 -156.4625
5.253 -156.5938
5.255 -156.6926
5.258 -156.7379
5.260 -156.7163
5.263 -156.6216
5.265 -156.4545
5.268 -156.2171
5.270 -155.9212
5.273 -155.5839
5.275 -155.2134
5.278 -154.8233
5.280 -154.4286
5.283 -154.0418
5.285 -153.6671
5.288 -153.3118
5.290 -152.9757
5.293 -152.6581
5.295 -152.3598
5.298 -152.0819
5.300 -151.8259
5.303 -151.5973
5.305 -151.4018
5.308 -151.2459
5.310 -151.1360
5.313 -151.0764
5.315 -151.0740
5.318 -151.1297
5.320 -151.2413
5.323 -151.4035
5.325 -151.6093
5.328 -151.8471
5.330 -152.1025
5.333 -152.3586
5.335 -152.5972
5.338 -152.7995
5.340 -152.9447
5.343 -153.0147
5.345 -152.9909
5.348 -152.8625
5.350 -152.6245
5.353 -152.2769
5.355 -151.8289
5.358 -151.2935
5.360 -150.6855
5.363 -150.0261
5.365 -149.3435
5.368 -148.6614
5.370 -148.0039
5.373 -147.3989
5.375 -146.8700
5.378 -146.4369
5.380 -146.1175
5.383 -145.9249
5.385 -145.8671
5.388 -145.9463
5.390 -146.1589
5.393 -146.4947
5.395 -146.9389
5.398 -147.4773
5.400 -148.0888
5.403 -148.7531
5.405 -149.4512
5.408 -150.1657
5.410 -150.8790
5.413 -151.5792
5.415 -152.2524
5.418 -152.8885
5.420 -153.4744
5.423 -154.0005
5.425 -154.4608
5.428 -154.8476
5.430 -155.1561
5.433 -155.3826
5.435 -155.5252
5.438 -155.5825
5.440 -155.5500
5.443 -155.4284
5.445 -155.2191
5.448 -154.9234
5.450 -154.5500
5.453 -154.1035
5.455 -153.5938
5.458 -153.0345
5.460 -152.4421
5.463 -151.8368
5.465 -151.2388
5.468 -150.6650
5.470 -150.1294
5.473 -149.6434
5.475 -149.2146
5.478 -148.8462
5.480 -148.5404
5.483 -148.2948
5.485 -148.1072
5.488 -147.9763
5.490 -147.9014
5.493 -147.8825
5.495 -147.9193
5.498 -148.0147
5.500 -148.1673
5.503 -148.3677
5.505 -148.6076
5.508 -148.8767
5.510 -149.1631
5.513 -149.4552
5.515 -149.7433
5.518 -150.0216
5.520 -150.2774
5.523 -150.5090
5.525 -150.7155
5.528 -150.8944
5.530 -151.0474
5.533 -151.1821
5.535 -151.3001
5.538 -151.4073
5.540 -151.5131
5.543 -151.6196
5.545 -151.7279
5.548 -151.8393
5.550 -151.9523
5.553 -152.0648
5.555 -152.1737
5.558 -152.2779
5.560 -152.3702
5.563 -152.4464
5.565 -152.5051
5.568 -152.5474
5.570 -152.5772
5.573 -152.6022
5.575 -152.6315
5.578 -152.6792
5.580 -152.7613
5.583 -152.8848
5.585 -153.0569
5.588 -153.2809
5.590 -153.5525
5.593 -153.8620
5.595 -154.1963
5.598 -154.5396
5.600 -154.8694
5.603 -155.1640
5.605 -155.4049
5.608 -155.5787
5.610 -155.6790
5.613 -155.6902
5.615 -155.6112
5.618 -155.4471
5.620 -155.2119
5.623 -154.9188
5.625 -154.5888
5.628 -154.2448
5.630 -153.9102
5.633 -153.6076
5.635 -153.3563
5.638 -153.1701
5.640 -153.0589
5.643 -153.0269
5.645 -153.0730
5.648 -153.1926
5.650 -153.3763
5.653 -153.6120
5.655 -153.8810
5.658 -154.1640
5.660 -154.4430
5.663 -154.6954
5.665 -154.9000
5.668 -155.0385
5.670 -155.0980
5.673 -155.0673
5.675 -154.9420
5.678 -154.7218
5.680 -154.4131
5.683 -154.0270
5.685 -153.5718
5.688 -153.0629
5.690 -152.5163
5.693 -151.9470
5.695 -151.3708
5.698 -150.8045
5.700 -150.2612
5.703 -149.7516
5.705 -149.2856
5.708 -148.8761
5.710 -148.5266
5.713 -148.2454
5.715 -148.0358
5.718 -147.9027
5.720 -147.8519
5.723 -147.8915
5.725 -148.0265
5.728 -148.2633
5.730 -148.6067
5.733 -149.0576
5.735 -149.6151
5.738 -150.2726
5.740 -151.0186
5.743 -151.8332
5.745 -152.6940
5.748 -153.5771
5.750 -154.4603
5.753 -155.3171
5.755 -156.1255
5.758 -156.8678
5.760 -157.5313
5.763 -158.1185
5.765 -158.6215
5.768 -159.0370
5.770 -159.3733
5.773 -159.6407
5.775 -159.8567
5.778 -160.0307
5.780 -160.1775
5.783 -160.3082
5.785 -160.4320
5.788 -160.5543
5.790 -160.6768
5.793 -160.7908
5.795 -160.8886
5.798 -160.9610
5.800 -160.9989
5.803 -160.9949
5.805 -160.9449
5.808 -160.8421
5.810 -160.6885
5.813 -160.4829
5.815 -160.2301
5.818 -159.9348
5.820 -159.6065
5.823 -159.2556
5.825 -158.8903
5.828 -158.5210
5.830 -158.1561
5.833 -157.8025
5.835 -157.4645
5.838 -157.1427
5.840 -156.8383
5.843 -156.5476
5.845 -156.2687
5.848 -156.0018
5.850 -155.7384
5.853 -155.4733
5.855 -155.2091
5.858 -154.9413
5.860 -154.6681
5.863 -154.3911
5.865 -154.1151
5.868 -153.8407
5.870 -153.5682
5.873 -153.2981
5.875 -153.0301
5.878 -152.7650
5.880 -152.4988
5.883 -152.2294
5.885 -151.9543
5.888 -151.6726
5.890 -151.3831
5.893 -151.0904
5.895 -150.8011
5.898 -150.5244
5.900 -150.2736
5.903 -150.0643
5.905 -149.9107
5.908 -149.8269
5.910 -149.8186
5.913 -149.8897
5.915 -150.0372
5.918 -150.2503
5.920 -150.5115
5.923 -150.7959
5.925 -151.0767
5.928 -151.3296
5.930 -151.5296
5.933 -151.6591
5.935 -151.7066
5.938 -151.6693
5.940 -151.5525
5.943 -151.3680
5.945 -151.1413
5.948 -150.8842
5.950 -150.6161
5.953 -150.3495
5.955 -150.0972
5.958 -149.8686
5.960 -149.6736
5.963 -149.5161
5.965 -149.4048
5.968 -149.3486
5.970 -149.3516
5.973 -149.4178
5.975 -149.5491
5.978 -149.7401
5.980 -149.9866
5.983 -150.2790
5.985 -150.6042
5.988 -150.9468
5.990 -151.2995
5.993 -151.6559
5.995 -152.0161
5.998 -152.3830
6.000 -152.7658
6.003 -153.1695
6.005 -153.5935
6.008 -154.0314
6.010 -154.4758
6.013 -154.9167
6.015 -155.3475
6.018 -155.7519
6.020 -156.1227
6.023 -156.4553
6.025 -156.7502
6.028 -157.0047
6.030 -157.2232
6.033 -157.4139
6.035 -157.5845
6.038 -157.7441
6.040 -157.8995
6.043 -158.0557
6.045 -158.2169
6.048 -158.3895
6.050 -158.5787
6.053 -158.7824
6.055 -158.9919
6.058 -159.2035
6.060 -159.4130
6.063 -159.6080
6.065 -159.7766
6.068 -159.9089
6.070 -159.9921
6.073 -160.0093
6.075 -159.9479
6.078 -159.7966
6.080 -159.5486
6.083 -159.2016
6.085 -158.7456
6.088 -158.1820
6.090 -157.5148
6.093 -156.7529
6.095 -155.9091
6.098 -155.0014
6.100 -154.0516
6.103 -153.0851
6.105 -152.1314
6.108 -151.2251
6.110 -150.4029
6.113 -149.7046
6.115 -149.1683
6.118 -148.8294
6.120 -148.7168
6.123 -148.8425
6.125 -149.2051
6.128 -149.7874
6.130 -150.5549
6.133 -151.4609
6.135 -152.4540
6.138 -153.4771
6.140 -154.4787
6.143 -155.4147
6.145 -156.2430
6.148 -156.9351
6.150 -157.4730
6.153 -157.8445
6.155 -158.0485
6.158 -158.0823
6.160 -157.9550
6.163 -157.6814
6.165 -157.2855
6.168 -156.8025
6.170 -156.2550
6.173 -155.6747
6.175 -155.0987
6.178 -154.5606
6.180 -154.0841
6.183 -153.6881
6.185 -153.3840
6.188 -153.1768
6.190 -153.0607
6.193 -153.0280
6.195 -153.0670
6.198 -153.1626
6.200 -153.3015
6.203 -153.4691
6.205 -153.6449
6.208 -153.8103
6.210 -153.9538
6.213 -154.0691
6.215 -154.1472
6.218 -154.1873
6.220 -154.1949
6.223 -154.1796
6.225 -154.1554
6.228 -154.1366
6.230 -154.1385
6.233 -154.1734
6.235 -154.2517
6.238 -154.3727
6.240 -154.5302
6.243 -154.7101
6.245 -154.8915
6.248 -155.0500
6.250 -155.1608
6.253 -155.2013
6.255 -155.1519
6.258 -155.0030
6.260 -154.7473
6.263 -154.3855
6.265 -153.9285
6.268 -153.3948
6.270 -152.8096
6.273 -152.2047
6.275 -151.6109
6.278 -151.0592
6.280 -150.5844
6.283 -150.2127
6.285 -149.9655
6.288 -149.8467
6.290 -149.8509
6.293 -149.9540
6.295 -150.1230
6.298 -150.3214
6.300 -150.5106
6.303 -150.6595
6.305 -150.7468
6.308 -150.7611
6.310 -150.7015
6.313 -150.5813
6.315 -150.4247
6.318 -150.2580
6.320 -150.1111
6.323 -150.0136
6.325 -149.9887
6.328 -150.0514
6.330 -150.2053
6.333 -150.4448
6.335 -150.7574
6.338 -151.1251
6.340 -151.5291
6.343 -151.9476
6.345 -152.3630
6.348 -152.7637
6.350 -153.1402
6.353 -153.4879
6.355 -153.8043
6.358 -154.0938
6.360 -154.3502
6.363 -154.5695
6.365 -154.7450
6.368 -154.8630
6.370 -154.9180
6.373 -154.8968
6.375 -154.7884
6.378 -154.5837
6.380 -154.2744
6.383 -153.8578
6.385 -153.3329
6.388 -152.7041
6.390 -151.9890
6.393 -151.2132
6.395 -150.4076
6.398 -149.6114
6.400 -148.8719
6.403 -148.2315
6.405 -147.7267
6.408 -147.3879
6.410 -147.2323
6.413 -147.2700
6.415 -147.4938
6.418 -147.8917
6.420 -148.4444
6.423 -149.1281
6.425 -149.9154
6.428 -150.7800
6.430 -151.6849
6.433 -152.5980
6.435 -153.4852
6.438 -154.3171
6.440 -155.0671
6.443 -155.7054
6.445 -156.2087
6.448 -156.5587
6.450 -156.7403
6.453 -156.7447
6.455 -156.5733
6.458 -156.2318
6.460 -155.7364
6.463 -155.1180
6.465 -154.4208
6.468 -153.7034
6.470 -153.0336
6.473 -152.4786
6.475 -152.1004
6.478 -151.9419
6.480 -152.0232
6.483 -152.3286
6.485 -152.8167
6.488 -153.4261
6.490 -154.0867
6.493 -154.7314
6.495 -155.3017
6.498 -155.7473
6.500 -156.0338
6.503 -156.1365
6.505 -156.0425
6.508 -155.7468
6.510 -155.2521
6.513 -154.5670
6.515 -153.7024
6.518 -152.6801
6.520 -151.5335
6.523 -150.3049
6.525 -149.0508
6.528 -147.8433
6.530 -146.7610
6.533 -145.8821
6.535 -145.2713
6.538 -144.9718
6.540 -144.9986
6.543 -145.3296
6.545 -145.9238
6.548 -146.7262
6.550 -147.6791
6.553 -148.7300
6.555 -149.8339
6.558 -150.9562
6.560 -152.0697
6.563 -153.1566
6.565 -154.2031
6.568 -155.1980
6.570 -156.1344
6.573 -157.0040
6.575 -157.8004
6.578 -158.5199
6.580 -159.1605
6.583 -159.7210
6.585 -160.2039
6.588 -160.6099
6.590 -160.9457
6.593 -161.2158
6.595 -161.4210
6.598 -161.5679
6.600 -161.6613
6.603 -161.7096
6.605 -161.7178
6.608 -161.6939
6.610 -161.6391
6.613 -161.5594
6.615 -161.4615
6.618 -161.3391
6.620 -161.1879
6.623 -160.9964
6.625 -160.7562
6.628 -160.4569
6.630 -160.0939
6.633 -159.6557
6.635 -159.1362
6.638 -158.5339
6.640 -157.8512
6.643 -157.0942
6.645 -156.2705
6.648 -155.3884
6.650 -154.4531
6.653 -153.4657
6.655 -152.4240
6.658 -151.3209
6.660 -150.1617
6.663 -148.9596
6.665 -147.7394
6.668 -146.5415
6.670 -145.4177
6.673 -144.4226
6.675 -143.6113
6.678 -143.0248
6.680 -142.6867
6.683 -142.6029
6.685 -142.7573
6.688 -143.1131
6.690 -143.6198
6.693 -144.2218
6.695 -144.8567
6.698 -145.4668
6.700 -146.0037
6.703 -146.4367
6.705 -146.7447
6.708 -146.9168
6.710 -146.9615
6.713 -146.8974
6.715 -146.7545
6.718 -146.5585
6.720 -146.3425
6.723 -146.1412
6.725 -145.9850
6.728 -145.8972
6.730 -145.8955
6.733 -145.9859
6.735 -146.1648
6.738 -146.4190
6.740 -146.7264
6.743 -147.0570
6.745 -147.3798
6.748 -147.6637
6.750 -147.8827
6.753 -148.0216
6.755 -148.0654
6.758 -148.0165
6.760 -147.8789
6.763 -147.6666
6.765 -147.3977
6.768 -147.0926
6.770 -146.7693
6.773 -146.4439
6.775 -146.1261
6.778 -145.8243
6.780 -145.5438
6.783 -145.2862
6.785 -145.0569
6.788 -144.8653
6.790 -144.7247
6.793 -144.6516
6.795 -144.6633
6.798 -144.7767
6.800 -145.0007
6.803 -145.3369
6.805 -145.7788
6.808 -146.3109
6.810 -146.9117
6.813 -147.5576
6.815 -148.2205
6.818 -148.8782
6.820 -149.5078
6.823 -150.0893
6.825 -150.6113
6.828 -151.0617
6.830 -151.4335
6.833 -151.7205
6.835 -151.9265
6.838 -152.0472
6.840 -152.0819
6.843 -152.0339
6.845 -151.9098
6.848 -151.7183
6.850 -151.4712
6.853 -151.1836
6.855 -150.8693
6.858 -150.5438
6.860 -150.2220
6.863 -149.9181
6.865 -149.6415
6.868 -149.3983
6.870 -149.1975
6.873 -149.0411
6.875 -148.9301
6.878 -148.8651
6.880 -148.8448
6.883 -148.8699
6.885 -148.9428
6.888 -149.0648
6.890 -149.2360
6.893 -149.4545
6.895 -149.7175
6.898 -150.0160
6.900 -150.3379
6.903 -150.6691
6.905 -150.9935
6.908 -151.2947
6.910 -151.5569
6.913 -151.7644
6.915 -151.9059
6.918 -151.9731
6.920 -151.9594
6.923 -151.8597
6.925 -151.6718
6.928 -151.3985
6.930 -151.0395
6.933 -150.5985
6.935 -150.0837
6.938 -149.5123
6.940 -148.8971
6.943 -148.2635
6.945 -147.6317
6.948 -147.0292
6.950 -146.4830
6.953 -146.0188
6.955 -145.6595
6.958 -145.4214
6.960 -145.3134
6.963 -145.3402
6.965 -145.5018
6.968 -145.7953
6.970 -146.2140
6.973 -146.7509
6.975 -147.3977
6.978 -148.1393
6.980 -148.9583
6.983 -149.8333
6.985 -150.7445
6.988 -151.6716
6.990 -152.5994
6.993 -153.5090
6.995 -154.3897
6.998 -155.2274
7.000 -156.0142
7.003 -156.7419
7.005 -157.4009
7.008 -157.9792
7.010 -158.4622
7.013 -158.8346
7.015 -159.0814
7.018 -159.1897
7.020 -159.1513
7.023 -158.9733
7.025 -158.6465
7.028 -158.1785
7.030 -157.5845
7.033 -156.8810
7.035 -156.0883
7.038 -155.2250
7.040 -154.3137
7.043 -153.3760
7.045 -152.4367
7.048 -151.5203
7.050 -150.6523
7.053 -149.8555
7.055 -149.1522
7.058 -148.5585
7.060 -148.0872
7.063 -147.7382
7.065 -147.4992
7.068 -147.3532
7.070 -147.2757
7.073 -147.2377
7.075 -147.2106
7.078 -147.1678
7.080 -147.0839
7.083 -146.9402
7.085 -146.7284
7.088 -146.4484
7.090 -146.1095
7.093 -145.7267
7.095 -145.3175
7.098 -144.9028
7.100 -144.5013
7.103 -144.1296
7.105 -143.7949
7.108 -143.5013
7.110 -143.2484
7.113 -143.0336
7.115 -142.8531
7.118 -142.7074
7.120 -142.5945
7.123 -142.5144
7.125 -142.4728
7.128 -142.4787
7.130 -142.5415
7.133 -142.6691
7.135 -142.8664
7.138 -143.1382
7.140 -143.4841
7.143 -143.8991
7.145 -144.3762
7.148 -144.9070
7.150 -145.4761
7.153 -146.0712
7.155 -146.6836
7.158 -147.3038
7.160 -147.9251
7.163 -148.5431
7.165 -149.1603
7.168 -149.7652
7.170 -150.3525
7.173 -150.9140
7.175 -151.4406
7.178 -151.9223
7.180 -152.3480
7.183 -152.7068
7.185 -152.9897
7.188 -153.1902
7.190 -153.3065
7.193 -153.3375
7.195 -153.2867
7.198 -153.1613
7.200 -152.9719
7.203 -152.7322
7.205 -152.4594
7.208 -152.1772
7.210 -151.9025
7.213 -151.6539
7.215 -151.4537
7.218 -151.3191
7.220 -151.2636
7.223 -151.2973
7.225 -151.4294
7.228 -151.6602
7.230 -151.9809
7.233 -152.3822
7.235 -152.8507
7.238 -153.3712
7.240 -153.9345
7.243 -154.5227
7.245 -155.1240
7.248 -155.7282
7.250 -156.3294
7.253 -156.9224
7.255 -157.4981
7.258 -158.0459
7.260 -158.5554
7.263 -159.0148
7.265 -159.4116
7.268 -159.7310
7.270 -159.9592
7.273 -160.0844
7.275 -160.0990
7.278 -159.9988
7.280 -159.7856
7.283 -159.4653
7.285 -159.0557
7.288 -158.5668
7.290 -158.0171
7.293 -157.4274
7.295 -156.8178
7.298 -156.2068
7.300 -155.6084
7.303 -155.0319
7.305 -154.4874
7.308 -153.9857
7.310 -153.5248
7.313 -153.1094
7.315 -152.7367
7.318 -152.4095
7.320 -152.1367
7.323 -151.9227
7.325 -151.7675
7.328 -151.6721
7.330 -151.6294
7.333 -151.6295
7.335 -151.6596
7.338 -151.6984
7.340 -151.7261
7.343 -151.7307
7.345 -151.6925
7.348 -151.6011
7.350 -151.4484
7.353 -151.2336
7.355 -150.9613
7.358 -150.6401
7.360 -150.2821
7.363 -149.8985
7.365 -149.4948
7.368 -149.0812
7.370 -148.6646
7.373 -148.2537
7.375 -147.8512
7.378 -147.4601
7.380 -147.0799
7.383 -146.7132
7.385 -146.3562
7.388 -146.0080
7.390 -145.6698
7.393 -145.3460
7.395 -145.0459
7.398 -144.7836
7.400 -144.5759
7.403 -144.4423
7.405 -144.4029
7.408 -144.4800
7.410 -144.6813
7.413 -145.0120
7.415 -145.4700
7.418 -146.0459
7.420 -146.7225
7.423 -147.4790
7.425 -148.2933
7.428 -149.1436
7.430 -150.0085
7.433 -150.8716
7.435 -151.7240
7.438 -152.5493
7.440 -153.3372
7.443 -154.0807
7.445 -154.7729
7.448 -155.4110
7.450 -155.9929
7.453 -156.5222
7.455 -156.9959
7.458 -157.4179
7.460 -157.7964
7.463 -158.1409
7.465 -158.4600
7.468 -158.7665
7.470 -159.0735
7.473 -159.3805
7.475 -159.6848
7.478 -159.9811
7.480 -160.2665
7.483 -160.5249
7.485 -160.7404
7.488 -160.9044
7.490 -161.0021
7.493 -161.0214
7.495 -160.9552
7.498 -160.8032
7.500 -160.5696
7.503 -160.2634
7.505 -159.8951
7.508 -159.4784
7.510 -159.0273
7.513 -158.5574
7.515 -158.0839
7.518 -157.6216
7.520 -157.1776
7.523 -156.7567
7.525 -156.3598
7.528 -155.9847
7.530 -155.6275
7.533 -155.2768
7.535 -154.9214
7.538 -154.5538
7.540 -154.1666
7.543 -153.7498
7.545 -153.2969
7.548 -152.8095
7.550 -152.2975
7.553 -151.7753
7.555 -151.2598
7.558 -150.7729
7.560 -150.3380
7.563 -149.9745
7.565 -149.7034
7.568 -149.5441
7.570 -149.5125
7.573 -149.6213
7.575 -149.8719
7.578 -150.2618
7.580 -150.7756
7.583 -151.3914
7.585 -152.0848
7.588 -152.8288
7.590 -153.5952
7.593 -154.3622
7.595 -155.1082
7.598 -155.8185
7.600 -156.4803
7.603 -157.0785
7.605 -157.6026
7.608 -158.0449
7.610 -158.3985
7.613 -158.6519
7.615 -158.7968
7.618 -158.8278
7.620 -158.7428
7.623 -158.5434
7.625 -158.2325
7.628 -157.8185
7.630 -157.3145
7.633 -156.7362
7.635 -156.1015
7.638 -155.4326
7.640 -154.7511
7.643 -154.0756
7.645 -153.4288
7.648 -152.8311
7.650 -152.2969
7.653 -151.8460
7.655 -151.4938
7.658 -151.2490
7.660 -151.1230
7.663 -151.1219
7.665 -151.2480
7.668 -151.4925
7.670 -151.8476
7.673 -152.2988
7.675 -152.8259
7.678 -153.4077
7.680 -154.0235
7.683 -154.6508
7.685 -155.2674
7.688 -155.8539
7.690 -156.3910
7.693 -156.8641
7.695 -157.2615
7.698 -157.5733
7.700 -157.7919
7.703 -157.9129
7.705 -157.9344
7.708 -157.8560
7.710 -157.6822
7.713 -157.4167
7.715 -157.0649
7.718 -156.6393
7.720 -156.1496
7.723 -155.6076
7.725 -155.0168
7.728 -154.3876
7.730 -153.7322
7.733 -153.0621
7.735 -152.3921
7.738 -151.7385
7.740 -151.1148
7.743 -150.5475
7.745 -150.0614
7.748 -149.6860
7.750 -149.4512
7.753 -149.3836
7.755 -149.5049
7.758 -149.8282
7.760 -150.3558
7.763 -151.0798
7.765 -151.9857
7.768 -153.0482
7.770 -154.2358
7.773 -155.5115
7.775 -156.8385
7.778 -158.1801
7.780 -159.4984
7.783 -160.7581
7.785 -161.9277
7.788 -162.9773
7.790 -163.8766
7.793 -164.6018
7.795 -165.1342
7.798 -165.4603
7.800 -165.5758
7.803 -165.4870
7.805 -165.2002
7.808 -164.7390
7.810 -164.1272
7.813 -163.3990
7.815 -162.5952
7.818 -161.7635
7.820 -160.9515
7.823 -160.2056
7.825 -159.5657
7.828 -159.0616
7.830 -158.7010
7.833 -158.4857
7.835 -158.4093
7.838 -158.4486
7.840 -158.5800
7.843 -158.7761
7.845 -159.0126
7.848 -159.2673
7.850 -159.5211
7.853 -159.7600
7.855 -159.9665
7.858 -160.1290
7.860 -160.2414
7.863 -160.3024
7.865 -160.3151
7.868 -160.2856
7.870 -160.2186
7.873 -160.1267
7.875 -160.0151
7.878 -159.8728
7.880 -159.6892
7.883 -159.4504
7.885 -159.1384
7.888 -158.7290
7.890 -158.2034
7.893 -157.5519
7.895 -156.7774
7.898 -155.8950
7.900 -154.9307
7.903 -153.9210
7.905 -152.9048
7.908 -151.9231
7.910 -151.0081
7.913 -150.1802
7.915 -149.4410
7.918 -148.7772
7.920 -148.1611
7.923 -147.5565
7.925 -146.9282
7.928 -146.2531
7.930 -145.5166
7.933 -144.7236
7.935 -143.9010
7.938 -143.0969
7.940 -142.3768
7.943 -141.8136
7.945 -141.4794
7.948 -141.4347
7.950 -141.7162
7.953 -142.3333
7.955 -143.2668
7.958 -144.4696
7.960 -145.8731
7.963 -147.4012
7.965 -148.9786
7.968 -150.5387
7.970 -152.0319
7.973 -153.4166
7.975 -154.6628
7.978 -155.7568
7.980 -156.6957
7.983 -157.4906
7.985 -158.1404
7.988 -158.6529
7.990 -159.0349
7.993 -159.2949
7.995 -159.4427
7.998 -159.4855
8.000 -159.4341
8.003 -159.2951
8.005 -159.0762
8.008 -158.7892
8.010 -158.4507
8.013 -158.0755
8.015 -157.6789
8.018 -157.2800
8.020 -156.8994
8.023 -156.5581
8.025 -156.2774
8.028 -156.0696
8.030 -155.9450
8.033 -155.9087
8.035 -155.9603
8.038 -156.0932
8.040 -156.2976
8.043 -156.5598
8.045 -156.8655
8.048 -157.1962
8.050 -157.5361
8.053 -157.8740
8.055 -158.1984
8.058 -158.4980
8.060 -158.7674
8.063 -159.0016
8.065 -159.1935
8.068 -159.3362
8.070 -159.4264
8.073 -159.4569
8.075 -159.4198
8.078 -159.3057
8.080 -159.1078
8.083 -158.8175
8.085 -158.4295
8.088 -157.9389
8.090 -157.3395
8.093 -156.6283
8.095 -155.8112
8.098 -154.8878
8.100 -153.8608
8.103 -152.7430
8.105 -151.5522
8.108 -150.3142
8.110 -149.0637
8.113 -147.8412
8.115 -146.6917
8.118 -145.6582
8.120 -144.7841
8.123 -144.0928
8.125 -143.6068
8.128 -143.3273
8.130 -143.2516
8.133 -143.3693
8.135 -143.6656
8.138 -144.1254
8.140 -144.7336
8.143 -145.4732
8.145 -146.3251
8.148 -147.2705
8.150 -148.2863
8.153 -149.3478
8.155 -150.4334
8.158 -151.5249
8.160 -152.5905
8.163 -153.6096
8.165 -154.5647
8.168 -155.4362
8.170 -156.2122
8.173 -156.8791
8.175 -157.4273
8.178 -157.8504
8.180 -158.1477
8.183 -158.3156
8.185 -158.3566
8.188 -158.2743
8.190 -158.0766
8.193 -157.7719
8.195 -157.3750
8.198 -156.8985
8.200 -156.3560
8.203 -155.7643
8.205 -155.1406
8.208 -154.5021
8.210 -153.8657
8.213 -153.2433
8.215 -152.6461
8.218 -152.0793
8.220 -151.5467
8.223 -151.0458
8.225 -150.5712
8.228 -150.1148
8.230 -149.6667
8.233 -149.2165
8.235 -148.7566
8.238 -148.2843
8.240 -147.8043
8.243 -147.3288
8.245 -146.8800
8.248 -146.4868
8.250 -146.1887
8.253 -146.0237
8.255 -146.0241
8.258 -146.2173
8.260 -146.6179
8.263 -147.2261
8.265 -148.0292
8.268 -149.0011
8.270 -150.1008
8.273 -151.2895
8.275 -152.5215
8.278 -153.7542
8.280 -154.9509
8.283 -156.0820
8.285 -157.1234
8.288 -158.0532
8.290 -158.8500
8.293 -159.5032
8.295 -160.0026
8.298 -160.3505
8.300 -160.5488
8.303 -160.6055
8.305 -160.5349
8.308 -160.3562
8.310 -160.0910
8.313 -159.7654
8.315 -159.4029
8.318 -159.0257
8.320 -158.6527
8.323 -158.3064
8.325 -158.0033
8.328 -157.7545
8.330 -157.5681
8.333 -157.4528
8.335 -157.4121
8.338 -157.4423
8.340 -157.5339
8.343 -157.6781
8.345 -157.8581
8.348 -158.0597
8.350 -158.2635
8.353 -158.4515
8.355 -158.6102
8.358 -158.7201
8.360 -158.7718
8.363 -158.7584
8.365 -158.6726
8.368 -158.5163
8.370 -158.2956
8.373 -158.0125
8.375 -157.6722
8.378 -157.2815
8.380 -156.8459
8.383 -156.3697
8.385 -155.8551
8.388 -155.3029
8.390 -154.7136
8.393 -154.0902
8.395 -153.4379
8.398 -152.7624
8.400 -152.0759
8.403 -151.3912
8.405 -150.7274
8.408 -150.1065
8.410 -149.5523
8.413 -149.0928
8.415 -148.7541
8.418 -148.5602
8.420 -148.5286
8.423 -148.6694
8.425 -148.9775
8.428 -149.4348
8.430 -150.0093
8.433 -150.6513
8.435 -151.3126
8.438 -151.9539
8.440 -152.5430
8.443 -153.0656
8.445 -153.5188
8.448 -153.9128
8.450 -154.2684
8.453 -154.6085
8.455 -154.9510
8.458 -155.3134
8.460 -155.7053
8.463 -156.1290
8.465 -156.5795
8.468 -157.0431
8.470 -157.5024
8.473 -157.9321
8.475 -158.3052
8.478 -158.5968
8.480 -158.7794
8.483 -158.8313
8.485 -158.7350
8.488 -158.4764
8.490 -158.0515
8.493 -157.4709
8.495 -156.7518
8.498 -155.9304
8.500 -155.0573
8.503 -154.1988
8.505 -153.4352
8.508 -152.8465
8.510 -152.4842
8.513 -152.3825
8.515 -152.5377
8.518 -152.9182
8.520 -153.4716
8.523 -154.1367
8.525 -154.8565
8.528 -155.5875
8.530 -156.2994
8.533 -156.9708
8.535 -157.5909
8.538 -158.1546
8.540 -158.6564
8.543 -159.0936
8.545 -159.4607
8.548 -159.7540
8.550 -159.9732
8.553 -160.1233
8.555 -160.2059
8.558 -160.2341
8.560 -160.2183
8.563 -160.1638
8.565 -160.0818
8.568 -159.9841
8.570 -159.8794
8.573 -159.7787
8.575 -159.6916
8.578 -159.6235
8.580 -159.5742
8.583 -159.5434
8.585 -159.5268
8.588 -159.5168
8.590 -159.5041
8.593 -159.4772
8.595 -159.4197
8.598 -159.3187
8.600 -159.1589
8.603 -158.9293
8.605 -158.6227
8.608 -158.2372
8.610 -157.7747
8.613 -157.2352
8.615 -156.6293
8.618 -155.9656
8.620 -155.2565
8.623 -154.5167
8.625 -153.7626
8.628 -153.0135
8.630 -152.2890
8.633 -151.6106
8.635 -151.0016
8.638 -150.4779
8.640 -150.0551
8.643 -149.7471
8.645 -149.5632
8.648 -149.5073
8.650 -149.5787
8.653 -149.7719
8.655 -150.0761
8.658 -150.4786
8.660 -150.9643
8.663 -151.5175
8.665 -152.1200
8.668 -152.7565
8.670 -153.4139
8.673 -154.0825
8.675 -154.7508
8.678 -155.4114
8.680 -156.0609
8.683 -156.6943
8.685 -157.3078
8.688 -157.9050
8.690 -158.4854
8.693 -159.0479
8.695 -159.5905
8.698 -160.1115
8.700 -160.6090
8.703 -161.0782
8.705 -161.5112
8.708 -161.8999
8.710 -162.2354
8.713 -162.5099
8.715 -162.7192
8.718 -162.8619
8.720 -162.9396
8.723 -162.9616
8.725 -162.9432
8.728 -162.8960
8.730 -162.8345
8.733 -162.7729
8.735 -162.7214
8.738 -162.6863
8.740 -162.6592
8.743 -162.6307
8.745 -162.5813
8.748 -162.4929
8.750 -162.3436
8.753 -162.1045
8.755 -161.7525
8.758 -161.2708
8.760 -160.6454
8.763 -159.8713
8.765 -158.9523
8.768 -157.8984
8.770 -156.7301
8.773 -155.4804
8.775 -154.1906
8.778 -152.9121
8.780 -151.7040
8.783 -150.6243
8.785 -149.7309
8.788 -149.0731
8.790 -148.6807
8.793 -148.5663
8.795 -148.7256
8.798 -149.1270
8.800 -149.7272
8.803 -150.4736
8.805 -151.3119
8.808 -152.1878
8.810 -153.0541
8.813 -153.8721
8.815 -154.6132
8.818 -155.2573
8.820 -155.7930
8.823 -156.2177
8.825 -156.5372
8.828 -156.7569
8.830 -156.8912
8.833 -156.9544
8.835 -156.9641
8.838 -156.9412
8.840 -156.9005
8.843 -156.8585
8.845 -156.8318
8.848 -156.8264
8.850 -156.8481
8.853 -156.9007
8.855 -156.9827
8.858 -157.0923
8.860 -157.2272
8.863 -157.3829
8.865 -157.5514
8.868 -157.7300
8.870 -157.9130
8.873 -158.0998
8.875 -158.2885
8.878 -158.4811
8.880 -158.6809
8.883 -158.8949
8.885 -159.1199
8.888 -159.3484
8.890 -159.5724
8.893 -159.7837
8.895 -159.9706
8.898 -160.1023
8.900 -160.1572
8.903 -160.1112
8.905 -159.9465
8.908 -159.6439
8.910 -159.1897
8.913 -158.5798
8.915 -157.8209
8.918 -156.9261
8.920 -155.9158
8.923 -154.8237
8.925 -153.6819
8.928 -152.5265
8.930 -151.3935
8.933 -150.3140
8.935 -149.3117
8.938 -148.4029
8.940 -147.5933
8.943 -146.8792
8.945 -146.2509
8.948 -145.6983
8.950 -145.2104
8.953 -144.7792
8.955 -144.4008
8.958 -144.0760
8.960 -143.8119
8.963 -143.6233
8.965 -143.5328
8.968 -143.5683
8.970 -143.7594
8.973 -144.1378
8.975 -144.7284
8.978 -145.5444
8.980 -146.5824
8.983 -147.8218
8.985 -149.2256
8.988 -150.7397
8.990 -152.3023
8.993 -153.8528
8.995 -155.3340
8.998 -156.7009
9.000 -157.9175
9.003 -158.9528
9.005 -159.7911
9.008 -160.4248
9.010 -160.8566
9.013 -161.0916
9.015 -161.1296
9.018 -160.9813
9.020 -160.6614
9.023 -160.1832
9.025 -159.5678
9.028 -158.8377
9.030 -158.0220
9.033 -157.1544
9.035 -156.2707
9.038 -155.4107
9.040 -154.6110
9.043 -153.9144
9.045 -153.3605
9.048 -152.9859
9.050 -152.8217
9.053 -152.8896
9.055 -153.1873
9.058 -153.7015
9.060 -154.4030
9.063 -155.2500
9.065 -156.1885
9.068 -157.1646
9.070 -158.1208
9.073 -159.0091
9.075 -159.7856
9.078 -160.4139
9.080 -160.8680
9.083 -161.1329
9.085 -161.1997
9.088 -161.0731
9.090 -160.7576
9.093 -160.2699
9.095 -159.6332
9.098 -158.8785
9.100 -158.0411
9.103 -157.1593
9.105 -156.2757
9.108 -155.4307
9.110 -154.6609
9.113 -153.9937
9.115 -153.4530
9.118 -153.0481
9.120 -152.7868
9.123 -152.6673
9.125 -152.6891
9.128 -152.8575
9.130 -153.1698
9.133 -153.6322
9.135 -154.2412
9.138 -154.9895
9.140 -155.8591
9.143 -156.8163
9.145 -157.8218
9.148 -158.8370
9.150 -159.8140
9.153 -160.7208
9.155 -161.5261
9.158 -162.2117
9.160 -162.7635
9.163 -163.1767
9.165 -163.4552
9.168 -163.6035
9.170 -163.6302
9.173 -163.5473
9.175 -163.3744
9.178 -163.1230
9.180 -162.8116
9.183 -162.4559
9.185 -162.0726
9.188 -161.6808
9.190 -161.2954
9.193 -160.9288
9.195 -160.5886
9.198 -160.2805
9.200 -160.0093
9.203 -159.7754
9.205 -159.5755
9.208 -159.4112
9.210 -159.2643
9.213 -159.1268
9.215 -158.9884
9.218 -158.8418
9.220 -158.6778
9.223 -158.4933
9.225 -158.2794
9.228 -158.0324
9.230 -157.7511
9.233 -157.4369
9.235 -157.0923
9.238 -156.7210
9.240 -156.3265
9.243 -155.9156
9.245 -155.4913
9.248 -155.0630
9.250 -154.6329
9.253 -154.2077
9.255 -153.7914
9.258 -153.3894
9.260 -153.0050
9.263 -152.6428
9.265 -152.3045
9.268 -151.9894
9.270 -151.6983
9.273 -151.4268
9.275 -151.1700
9.278 -150.9182
9.280 -150.6611
9.283 -150.3892
9.285 -150.0938
9.288 -149.7715
9.290 -149.4159
9.293 -149.0289
9.295 -148.6171
9.298 -148.1911
9.300 -147.7744
9.303 -147.3740
9.305 -147.0113
9.308 -146.7113
9.310 -146.4930
9.313 -146.3728
9.315 -146.3603
9.318 -146.4556
9.320 -146.6502
9.323 -146.9291
9.325 -147.2669
9.328 -147.6373
9.330 -148.0162
9.333 -148.3848
9.335 -148.7289
9.338 -149.0413
9.340 -149.3222
9.343 -149.5765
9.345 -149.8136
9.348 -150.0412
9.350 -150.2645
9.353 -150.4930
9.355 -150.7330
9.358 -150.9780
9.360 -151.2293
9.363 -151.4858
9.365 -151.7487
9.368 -152.0204
9.370 -152.3039
9.373 -152.6113
9.375 -152.9347
9.378 -153.2727
9.380 -153.6229
9.383 -153.9765
9.385 -154.3258
9.388 -154.6538
9.390 -154.9439
9.393 -155.1814
9.395 -155.3536
9.398 -155.4441
9.400 -155.4426
9.403 -155.3440
9.405 -155.1492
9.408 -154.8643
9.410 -154.4989
9.413 -154.0728
9.415 -153.6022
9.418 -153.1050
9.420 -152.6011
9.423 -152.1126
9.425 -151.6532
9.428 -151.2365
9.430 -150.8724
9.433 -150.5660
9.435 -150.3208
9.438 -150.1337
9.440 -149.9984
9.443 -149.9099
9.445 -149.8559
9.448 -149.8236
9.450 -149.8004
9.453 -149.7757
9.455 -149.7403
9.458 -149.6791
9.460 -149.5821
9.463 -149.4433
9.465 -149.2607
9.468 -149.0329
9.470 -148.7622
9.473 -148.4553
9.475 -148.1209
9.478 -147.7717
9.480 -147.4177
9.483 -147.0742
9.485 -146.7432
9.488 -146.4335
9.490 -146.1538
9.493 -145.9166
9.495 -145.7322
9.498 -145.6094
9.500 -145.5613
9.503 -145.6026
9.505 -145.7471
9.508 -146.0026
9.510 -146.3724
9.513 -146.8520
9.515 -147.4318
9.518 -148.0904
9.520 -148.8005
9.523 -149.5350
9.525 -150.2713
9.528 -150.9768
9.530 -151.6300
9.533 -152.2195
9.535 -152.7315
9.538 -153.1656
9.540 -153.5195
9.543 -153.7922
9.545 -153.9881
9.548 -154.1088
9.550 -154.1551
9.553 -154.1301
9.555 -154.0372
9.558 -153.8811
9.560 -153.6674
9.563 -153.4116
9.565 -153.1271
9.568 -152.8251
9.570 -152.5239
9.573 -152.2427
9.575 -152.0014
9.578 -151.8162
9.580 -151.6974
9.583 -151.6484
9.585 -151.6638
9.588 -151.7350
9.590 -151.8518
9.593 -151.9964
9.595 -152.1482
9.598 -152.2908
9.600 -152.4122
9.603 -152.5062
9.605 -152.5713
9.608 -152.6093
9.610 -152.6242
9.613 -152.6271
9.615 -152.6290
9.618 -152.6406
9.620 -152.6715
9.623 -152.7265
9.625 -152.8047
9.628 -152.8996
9.630 -152.9957
9.633 -153.0781
9.635 -153.1303
9.638 -153.1394
9.640 -153.0948
9.643 -152.9891
9.645 -152.8268
9.648 -152.6159
9.650 -152.3708
9.653 -152.1111
9.655 -151.8580
9.658 -151.6313
9.660 -151.4490
9.663 -151.3247
9.665 -151.2663
9.668 -151.2713
9.670 -151.3330
9.673 -151.4424
9.675 -151.5872
9.678 -151.7485
9.680 -151.9067
9.683 -152.0506
9.685 -152.1624
9.688 -152.2314
9.690 -152.2497
9.693 -152.2135
9.695 -152.1216
9.698 -151.9761
9.700 -151.7785
9.703 -151.5306
9.705 -151.2442
9.708 -150.9242
9.710 -150.5832
9.713 -150.2276
9.715 -149.8630
9.718 -149.4953
9.720 -149.1286
9.723 -148.7666
9.725 -148.4080
9.728 -148.0527
9.730 -147.7023
9.733 -147.3655
9.735 -147.0422
9.738 -146.7409
9.740 -146.4741
9.743 -146.2567
9.745 -146.1180
9.748 -146.0603
9.750 -146.0901
9.753 -146.2106
9.755 -146.4247
9.758 -146.7304
9.760 -147.1091
9.763 -147.5461
9.765 -148.0230
9.768 -148.5167
9.770 -149.0069
9.773 -149.4754
9.775 -149.9072
9.778 -150.2895
9.780 -150.6117
9.783 -150.8692
9.785 -151.0658
9.788 -151.1964
9.790 -151.2613
9.793 -151.2664
9.795 -151.2162
9.798 -151.1200
9.800 -150.9873
9.803 -150.8266
9.805 -150.6494
9.808 -150.4645
9.810 -150.2816
9.813 -150.1142
9.815 -149.9755
9.818 -149.8759
9.820 -149.8237
9.823 -149.8268
9.825 -149.8952
9.828 -150.0369
9.830 -150.2510
9.833 -150.5345
9.835 -150.8841
9.838 -151.2844
9.840 -151.7230
9.843 -152.1815
9.845 -152.6407
9.848 -153.0805
9.850 -153.4819
9.853 -153.8287
9.855 -154.1103
9.858 -154.3195
9.860 -154.4509
9.863 -154.5059
9.865 -154.4892
9.868 -154.4153
9.870 -154.2975
9.873 -154.1536
9.875 -153.9986
9.878 -153.8515
9.880 -153.7306
9.883 -153.6506
9.885 -153.6210
9.888 -153.6453
9.890 -153.7192
9.893 -153.8328
9.895 -153.9724
9.898 -154.1202
9.900 -154.2564
9.903 -154.3620
9.905 -154.4230
9.908 -154.4296
9.910 -154.3728
9.913 -154.2576
9.915 -154.0831
9.918 -153.8565
9.920 -153.5882
9.923 -153.2893
9.925 -152.9708
9.928 -152.6417
9.930 -152.3102
9.933 -151.9784
9.935 -151.6472
9.938 -151.3179
9.940 -150.9958
9.943 -150.6865
9.945 -150.3976
9.948 -150.1451
9.950 -149.9502
9.953 -149.8415
9.955 -149.8505
9.958 -150.0065
9.960 -150.3300
9.963 -150.8308
9.965 -151.4942
9.968 -152.2867
9.970 -153.1594
9.973 -154.0559
9.975 -154.9206
9.978 -155.7082
9.980 -156.3877
9.983 -156.9398
9.985 -157.3504
9.988 -157.6235
9.990 -157.7730
9.993 -157.8154
9.995 -157.7663
9.998 -157.6428
