0.000 -218.8449
0.005 -218.9597
0.010 -219.0186
0.015 -219.0203
0.020 -218.9646
0.025 -218.8528
0.030 -218.6880
0.035 -218.4748
0.040 -218.2191
0.045 -217.9286
0.050 -217.6122
0.055 -217.2801
0.060 -216.9431
0.065 -216.6125
0.070 -216.2995
0.075 -216.0145
0.080 -215.7690
0.085 -215.5715
0.090 -215.4275
0.095 -215.3410
0.100 -215.3110
0.105 -215.3360
0.110 -215.4131
0.115 -215.5340
0.120 -215.6905
0.125 -215.8730
0.130 -216.0713
0.135 -216.2780
0.140 -216.4846
0.145 -216.6879
0.150 -216.8779
0.155 -217.0479
0.160 -217.1933
0.165 -217.3131
0.170 -217.4076
0.175 -217.4717
0.180 -217.5042
0.185 -217.5080
0.190 -217.4845
0.195 -217.4399
0.200 -217.3746
0.205 -217.2941
0.210 -217.1991
0.215 -217.0948
0.220 -216.9886
0.225 -216.8834
0.230 -216.7819
0.235 -216.6880
0.240 -216.6096
0.245 -216.5512
0.250 -216.5068
0.255 -216.4785
0.260 -216.4651
0.265 -216.4671
0.270 -216.4869
0.275 -216.5216
0.280 -216.5677
0.285 -216.6218
0.290 -216.6838
0.295 -216.7516
0.300 -216.8210
0.305 -216.8897
0.310 -216.9545
0.315 -217.0143
0.320 -217.0680
0.325 -217.1132
0.330 -217.1504
0.335 -217.1778
0.340 -217.1974
0.345 -217.2132
0.350 -217.2203
0.355 -217.2245
0.360 -217.2242
0.365 -217.2239
0.370 -217.2207
0.375 -217.2152
0.380 -217.2117
0.385 -217.2221
0.390 -217.2372
0.395 -217.2581
0.400 -217.2832
0.405 -217.3142
0.410 -217.3547
0.415 -217.3931
0.420 -217.4280
0.425 -217.4599
0.430 -217.4857
0.435 -217.5036
0.440 -217.5212
0.445 -217.5338
0.450 -217.5397
0.455 -217.5434
0.460 -217.5496
0.465 -217.5511
0.470 -217.5553
0.475 -217.5534
0.480 -217.5477
0.485 -217.5332
0.490 -217.5165
0.495 -217.4954
0.500 -217.4641
0.505 -217.4214
0.510 -217.3711
0.515 -217.3086
0.520 -217.2400
0.525 -217.1598
0.530 -217.0697
0.535 -216.9746
0.540 -216.8772
0.545 -216.7802
0.550 -216.6834
0.555 -216.5910
0.560 -216.5048
0.565 -216.4287
0.570 -216.3628
0.575 -216.3085
0.580 -216.2665
0.585 -216.2444
0.590 -216.2361
0.595 -216.2433
0.600 -216.2684
0.605 -216.3074
0.610 -216.3570
0.615 -216.4166
0.620 -216.4848
0.625 -216.5600
0.630 -216.6413
0.635 -216.7280
0.640 -216.8237
0.645 -216.9191
0.650 -217.0130
0.655 -217.1053
0.660 -217.1908
0.665 -217.2664
0.670 -217.3296
0.675 -217.3807
0.680 -217.4183
0.685 -217.4398
0.690 -217.4463
0.695 -217.4369
0.700 -217.4121
0.705 -217.3680
0.710 -217.3065
0.715 -217.2287
0.720 -217.1382
0.725 -217.0375
0.730 -216.9342
0.735 -216.8270
0.740 -216.7214
0.745 -216.6265
0.750 -216.5414
0.755 -216.4693
0.760 -216.4144
0.765 -216.3789
0.770 -216.3657
0.775 -216.3791
0.780 -216.4178
0.785 -216.4815
0.790 -216.5637
0.795 -216.6631
0.800 -216.7758
0.805 -216.8990
0.810 -217.0310
0.815 -217.1650
0.820 -217.2961
0.825 -217.4172
0.830 -217.5305
0.835 -217.6315
0.840 -217.7159
0.845 -217.7868
0.850 -217.8553
0.855 -217.9031
0.860 -217.9308
0.865 -217.9406
0.870 -217.9320
0.875 -217.9034
0.880 -217.8571
0.885 -217.7965
0.890 -217.7172
0.895 -217.6290
0.900 -217.5321
0.905 -217.4262
0.910 -217.3232
0.915 -217.2172
0.920 -217.1095
0.925 -217.0028
0.930 -216.9011
0.935 -216.8157
0.940 -216.7447
0.945 -216.6920
0.950 -216.6506
0.955 -216.6217
0.960 -216.6044
0.965 -216.5962
0.970 -216.5982
0.975 -216.6078
0.980 -216.6225
0.985 -216.6398
0.990 -216.6604
0.995 -216.6822
1.000 -216.7067
1.005 -216.7321
1.010 -216.7615
1.015 -216.7948
1.020 -216.8305
1.025 -216.8653
1.030 -216.9002
1.035 -216.9339
1.040 -216.9670
1.045 -216.9994
1.050 -217.0313
1.055 -217.0604
1.060 -217.0848
1.065 -217.1050
1.070 -217.1183
1.075 -217.1249
1.080 -217.1244
1.085 -217.1133
1.090 -217.0937
1.095 -217.0687
1.100 -217.0387
1.105 -217.0021
1.110 -216.9663
1.115 -216.9258
1.120 -216.8850
1.125 -216.8450
1.130 -216.8057
1.135 -216.7693
1.140 -216.7417
1.145 -216.7241
1.150 -216.7130
1.155 -216.7085
1.160 -216.7106
1.165 -216.7189
1.170 -216.7359
1.175 -216.7622
1.180 -216.7902
1.185 -216.8186
1.190 -216.8470
1.195 -216.8759
1.200 -216.9030
1.205 -216.9279
1.210 -216.9513
1.215 -216.9740
1.220 -216.9956
1.225 -217.0162
1.230 -217.0415
1.235 -217.0679
1.240 -217.0972
1.245 -217.1309
1.250 -217.1681
1.255 -217.2059
1.260 -217.2429
1.265 -217.2791
1.270 -217.3132
1.275 -217.3475
1.280 -217.3859
1.285 -217.4210
1.290 -217.4552
1.295 -217.4831
1.300 -217.5059
1.305 -217.5283
1.310 -217.5424
1.315 -217.5461
1.320 -217.5413
1.325 -217.5295
1.330 -217.5093
1.335 -217.4836
1.340 -217.4543
1.345 -217.4227
1.350 -217.3937
1.355 -217.3601
1.360 -217.3218
1.365 -217.2790
1.370 -217.2313
1.375 -217.1815
1.380 -217.1292
1.385 -217.0748
1.390 -217.0177
1.395 -216.9598
1.400 -216.9079
1.405 -216.8556
1.410 -216.8009
1.415 -216.7437
1.420 -216.6883
1.425 -216.6321
1.430 -216.5778
1.435 -216.5267
1.440 -216.4837
1.445 -216.4479
1.450 -216.4210
1.455 -216.4018
1.460 -216.3927
1.465 -216.3971
1.470 -216.4142
1.475 -216.4417
1.480 -216.4800
1.485 -216.5275
1.490 -216.5827
1.495 -216.6468
1.500 -216.7132
1.505 -216.7819
1.510 -216.8517
1.515 -216.9189
1.520 -216.9809
1.525 -217.0333
1.530 -217.0756
1.535 -217.1073
1.540 -217.1300
1.545 -217.1405
1.550 -217.1387
1.555 -217.1304
1.560 -217.1150
1.565 -217.0919
1.570 -217.0634
1.575 -217.0428
1.580 -217.0209
1.585 -216.9997
1.590 -216.9833
1.595 -216.9723
1.600 -216.9656
1.605 -216.9632
1.610 -216.9662
1.615 -216.9789
1.620 -217.0022
1.625 -217.0328
1.630 -217.0754
1.635 -217.1276
1.640 -217.1806
1.645 -217.2354
1.650 -217.2897
1.655 -217.3488
1.660 -217.3998
1.665 -217.4421
1.670 -217.4744
1.675 -217.4965
1.680 -217.5085
1.685 -217.5070
1.690 -217.4914
1.695 -217.4773
1.700 -217.4595
1.705 -217.4372
1.710 -217.4075
1.715 -217.3708
1.720 -217.3281
1.725 -217.2852
1.730 -217.2514
1.735 -217.2231
1.740 -217.2029
1.745 -217.1867
1.750 -217.1743
1.755 -217.1626
1.760 -217.1544
1.765 -217.1467
1.770 -217.1385
1.775 -217.1264
1.780 -217.1183
1.785 -217.1172
1.790 -217.1175
1.795 -217.1194
1.800 -217.1147
1.805 -217.1062
1.810 -217.0965
1.815 -217.0798
1.820 -217.0550
1.825 -217.0203
1.830 -216.9777
1.835 -216.9275
1.840 -216.8728
1.845 -216.8222
1.850 -216.7682
1.855 -216.7140
1.860 -216.6621
1.865 -216.6171
1.870 -216.5770
1.875 -216.5413
1.880 -216.5118
1.885 -216.4945
1.890 -216.4917
1.895 -216.4970
1.900 -216.5120
1.905 -216.5348
1.910 -216.5645
1.915 -216.6013
1.920 -216.6459
1.925 -216.6973
1.930 -216.7544
1.935 -216.8191
1.940 -216.8887
1.945 -216.9674
1.950 -217.0508
1.955 -217.1348
1.960 -217.2175
1.965 -217.2951
1.970 -217.3661
1.975 -217.4274
1.980 -217.4778
1.985 -217.5194
1.990 -217.5471
1.995 -217.5572
2.000 -217.5546
2.005 -217.5352
2.010 -217.5059
2.015 -217.4718
2.020 -217.4281
2.025 -217.3739
2.030 -217.3167
2.035 -217.2551
2.040 -217.1915
2.045 -217.1307
2.050 -217.0766
2.055 -217.0317
2.060 -217.0010
2.065 -216.9748
2.070 -216.9540
2.075 -216.9425
2.080 -216.9426
2.085 -216.9556
2.090 -216.9740
2.095 -216.9975
2.100 -217.0301
2.105 -217.0674
2.110 -217.1057
2.115 -217.1457
2.120 -217.1855
2.125 -217.2228
2.130 -217.2566
2.135 -217.2818
2.140 -217.3030
2.145 -217.3174
2.150 -217.3281
2.155 -217.3287
2.160 -217.3235
2.165 -217.3084
2.170 -217.2802
2.175 -217.2401
2.180 -217.1893
2.185 -217.1329
2.190 -217.0727
2.195 -217.0048
2.200 -216.9347
2.205 -216.8633
2.210 -216.7921
2.215 -216.7241
2.220 -216.6598
2.225 -216.6064
2.230 -216.5627
2.235 -216.5305
2.240 -216.5084
2.245 -216.4973
2.250 -216.4976
2.255 -216.5158
2.260 -216.5490
2.265 -216.5962
2.270 -216.6540
2.275 -216.7210
2.280 -216.7954
2.285 -216.8738
2.290 -216.9573
2.295 -217.0473
2.300 -217.1363
2.305 -217.2232
2.310 -217.3111
2.315 -217.3865
2.320 -217.4535
2.325 -217.5079
2.330 -217.5471
2.335 -217.5700
2.340 -217.5789
2.345 -217.5722
2.350 -217.5499
2.355 -217.5149
2.360 -217.4708
2.365 -217.4205
2.370 -217.3644
2.375 -217.3047
2.380 -217.2438
2.385 -217.1870
2.390 -217.1402
2.395 -217.0972
2.400 -217.0592
2.405 -217.0289
2.410 -217.0047
2.415 -216.9855
2.420 -216.9701
2.425 -216.9567
2.430 -216.9459
2.435 -216.9377
2.440 -216.9307
2.445 -216.9237
2.450 -216.9321
2.455 -216.9426
2.460 -216.9516
2.465 -216.9596
2.470 -216.9729
2.475 -216.9936
2.480 -217.0224
2.485 -217.0532
2.490 -217.0853
2.495 -217.1171
2.500 -217.1487
2.505 -217.1811
2.510 -217.2125
2.515 -217.2440
2.520 -217.2800
2.525 -217.3197
2.530 -217.3518
2.535 -217.3772
2.540 -217.3971
2.545 -217.4111
2.550 -217.4181
2.555 -217.4165
2.560 -217.4051
2.565 -217.3861
2.570 -217.3642
2.575 -217.3373
2.580 -217.3054
2.585 -217.2658
2.590 -217.2192
2.595 -217.1679
2.600 -217.1112
2.605 -217.0503
2.610 -216.9850
2.615 -216.9228
2.620 -216.8610
2.625 -216.7989
2.630 -216.7415
2.635 -216.6881
2.640 -216.6402
2.645 -216.6021
2.650 -216.5774
2.655 -216.5609
2.660 -216.5550
2.665 -216.5595
2.670 -216.5745
2.675 -216.6030
2.680 -216.6392
2.685 -216.6822
2.690 -216.7329
2.695 -216.7873
2.700 -216.8431
2.705 -216.8977
2.710 -216.9502
2.715 -217.0033
2.720 -217.0550
2.725 -217.1049
2.730 -217.1508
2.735 -217.1936
2.740 -217.2283
2.745 -217.2568
2.750 -217.2749
2.755 -217.2838
2.760 -217.2836
2.765 -217.2811
2.770 -217.2769
2.775 -217.2738
2.780 -217.2647
2.785 -217.2523
2.790 -217.2333
2.795 -217.2097
2.800 -217.1821
2.805 -217.1534
2.810 -217.1263
2.815 -217.1134
2.820 -217.1035
2.825 -217.0964
2.830 -217.0932
2.835 -217.0945
2.840 -217.0956
2.845 -217.0949
2.850 -217.0899
2.855 -217.0868
2.860 -217.0897
2.865 -217.0880
2.870 -217.0833
2.875 -217.0723
2.880 -217.0499
2.885 -217.0226
2.890 -216.9913
2.895 -216.9570
2.900 -216.9233
2.905 -216.8928
2.910 -216.8671
2.915 -216.8490
2.920 -216.8431
2.925 -216.8505
2.930 -216.8722
2.935 -216.9114
2.940 -216.9617
2.945 -217.0224
2.950 -217.0952
2.955 -217.1747
2.960 -217.2552
2.965 -217.3353
2.970 -217.4082
2.975 -217.4696
2.980 -217.5192
2.985 -217.5559
2.990 -217.5800
2.995 -217.5891
3.000 -217.5815
3.005 -217.5575
3.010 -217.5191
3.015 -217.4687
3.020 -217.4075
3.025 -217.3374
3.030 -217.2597
3.035 -217.1770
3.040 -217.0914
3.045 -217.0096
3.050 -216.9411
3.055 -216.8802
3.060 -216.8291
3.065 -216.7906
3.070 -216.7634
3.075 -216.7473
3.080 -216.7382
3.085 -216.7341
3.090 -216.7360
3.095 -216.7423
3.100 -216.7491
3.105 -216.7516
3.110 -216.7493
3.115 -216.7433
3.120 -216.7384
3.125 -216.7290
3.130 -216.7130
3.135 -216.6963
3.140 -216.6766
3.145 -216.6574
3.150 -216.6409
3.155 -216.6285
3.160 -216.6220
3.165 -216.6259
3.170 -216.6447
3.175 -216.6871
3.180 -216.7531
3.185 -216.8302
3.190 -216.9172
3.195 -217.0114
3.200 -217.1134
3.205 -217.2223
3.210 -217.3313
3.215 -217.4456
3.220 -217.5569
3.225 -217.6595
3.230 -217.7477
3.235 -217.8173
3.240 -217.8685
3.245 -217.9071
3.250 -217.9219
3.255 -217.9172
3.260 -217.8947
3.265 -217.8619
3.270 -217.8111
3.275 -217.7453
3.280 -217.6630
3.285 -217.5645
3.290 -217.4533
3.295 -217.3337
3.300 -217.2063
3.305 -217.0754
3.310 -216.9480
3.315 -216.8257
3.320 -216.7146
3.325 -216.6116
3.330 -216.5205
3.335 -216.4446
3.340 -216.3921
3.345 -216.3591
3.350 -216.3489
3.355 -216.3568
3.360 -216.3797
3.365 -216.4181
3.370 -216.4696
3.375 -216.5292
3.380 -216.5941
3.385 -216.6610
3.390 -216.7316
3.395 -216.7981
3.400 -216.8602
3.405 -216.9167
3.410 -216.9690
3.415 -217.0144
3.420 -217.0537
3.425 -217.0895
3.430 -217.1177
3.435 -217.1362
3.440 -217.1440
3.445 -217.1414
3.450 -217.1317
3.455 -217.1212
3.460 -217.1072
3.465 -217.0888
3.470 -217.0689
3.475 -217.0480
3.480 -217.0305
3.485 -217.0183
3.490 -217.0133
3.495 -217.0181
3.500 -217.0255
3.505 -217.0332
3.510 -217.0414
3.515 -217.0549
3.520 -217.0730
3.525 -217.0951
3.530 -217.1170
3.535 -217.1399
3.540 -217.1611
3.545 -217.1847
3.550 -217.2053
3.555 -217.2258
3.560 -217.2403
3.565 -217.2476
3.570 -217.2459
3.575 -217.2330
3.580 -217.2088
3.585 -217.1741
3.590 -217.1314
3.595 -217.0830
3.600 -217.0323
3.605 -216.9770
3.610 -216.9223
3.615 -216.8690
3.620 -216.8181
3.625 -216.7759
3.630 -216.7399
3.635 -216.7143
3.640 -216.6975
3.645 -216.6907
3.650 -216.6932
3.655 -216.7079
3.660 -216.7386
3.665 -216.7783
3.670 -216.8288
3.675 -216.8847
3.680 -216.9436
3.685 -217.0042
3.690 -217.0629
3.695 -217.1194
3.700 -217.1731
3.705 -217.2241
3.710 -217.2730
3.715 -217.3170
3.720 -217.3539
3.725 -217.3816
3.730 -217.3982
3.735 -217.4017
3.740 -217.3917
3.745 -217.3700
3.750 -217.3449
3.755 -217.3143
3.760 -217.2781
3.765 -217.2482
3.770 -217.2205
3.775 -217.1954
3.780 -217.1753
3.785 -217.1630
3.790 -217.1578
3.795 -217.1574
3.800 -217.1586
3.805 -217.1595
3.810 -217.1597
3.815 -217.1552
3.820 -217.1439
3.825 -217.1259
3.830 -217.1017
3.835 -217.0694
3.840 -217.0315
3.845 -216.9888
3.850 -216.9417
3.855 -216.8921
3.860 -216.8456
3.865 -216.8040
3.870 -216.7666
3.875 -216.7355
3.880 -216.7140
3.885 -216.7065
3.890 -216.7223
3.895 -216.7592
3.900 -216.8120
3.905 -216.8766
3.910 -216.9490
3.915 -217.0260
3.920 -217.1019
3.925 -217.1742
3.930 -217.2458
3.935 -217.3059
3.940 -217.3528
3.945 -217.3842
3.950 -217.4003
3.955 -217.4069
3.960 -217.4009
3.965 -217.3782
3.970 -217.3385
3.975 -217.2858
3.980 -217.2313
3.985 -217.1708
3.990 -217.1076
3.995 -217.0423
4.000 -216.9780
4.005 -216.9309
4.010 -216.8941
4.015 -216.8660
4.020 -216.8495
4.025 -216.8443
4.030 -216.8494
4.035 -216.8633
4.040 -216.8900
4.045 -216.9231
4.050 -216.9576
4.055 -216.9916
4.060 -217.0243
4.065 -217.0547
4.070 -217.0784
4.075 -217.0964
4.080 -217.1125
4.085 -217.1253
4.090 -217.1350
4.095 -217.1429
4.100 -217.1449
4.105 -217.1462
4.110 -217.1435
4.115 -217.1378
4.120 -217.1305
4.125 -217.1256
4.130 -217.1177
4.135 -217.1102
4.140 -217.1067
4.145 -217.1051
4.150 -217.1071
4.155 -217.1157
4.160 -217.1294
4.165 -217.1467
4.170 -217.1674
4.175 -217.1883
4.180 -217.2086
4.185 -217.2254
4.190 -217.2388
4.195 -217.2504
4.200 -217.2587
4.205 -217.2644
4.210 -217.2654
4.215 -217.2588
4.220 -217.2464
4.225 -217.2297
4.230 -217.2077
4.235 -217.1858
4.240 -217.1598
4.245 -217.1286
4.250 -217.0950
4.255 -217.0623
4.260 -217.0328
4.265 -217.0069
4.270 -216.9902
4.275 -216.9803
4.280 -216.9723
4.285 -216.9719
4.290 -216.9777
4.295 -216.9825
4.300 -216.9845
4.305 -216.9883
4.310 -216.9908
4.315 -216.9879
4.320 -216.9783
4.325 -216.9652
4.330 -216.9475
4.335 -216.9284
4.340 -216.9050
4.345 -216.8818
4.350 -216.8645
4.355 -216.8606
4.360 -216.8634
4.365 -216.8738
4.370 -216.8951
4.375 -216.9257
4.380 -216.9701
4.385 -217.0249
4.390 -217.0886
4.395 -217.1642
4.400 -217.2462
4.405 -217.3324
4.410 -217.4176
4.415 -217.4983
4.420 -217.5673
4.425 -217.6250
4.430 -217.6689
4.435 -217.6955
4.440 -217.7033
4.445 -217.6893
4.450 -217.6534
4.455 -217.5961
4.460 -217.5198
4.465 -217.4258
4.470 -217.3190
4.475 -217.2081
4.480 -217.0968
4.485 -216.9851
4.490 -216.8812
4.495 -216.7892
4.500 -216.7106
4.505 -216.6459
4.510 -216.5988
4.515 -216.5727
4.520 -216.5671
4.525 -216.5834
4.530 -216.6169
4.535 -216.6649
4.540 -216.7267
4.545 -216.8016
4.550 -216.8850
4.555 -216.9720
4.560 -217.0597
4.565 -217.1437
4.570 -217.2234
4.575 -217.2973
4.580 -217.3617
4.585 -217.4134
4.590 -217.4495
4.595 -217.4684
4.600 -217.4693
4.605 -217.4515
4.610 -217.4180
4.615 -217.3715
4.620 -217.3092
4.625 -217.2384
4.630 -217.1593
4.635 -217.0779
4.640 -216.9911
4.645 -216.8995
4.650 -216.8112
4.655 -216.7278
4.660 -216.6558
4.665 -216.5968
4.670 -216.5483
4.675 -216.5143
4.680 -216.4950
4.685 -216.4888
4.690 -216.4969
4.695 -216.5203
4.700 -216.5571
4.705 -216.6031
4.710 -216.6579
4.715 -216.7223
4.720 -216.7912
4.725 -216.8628
4.730 -216.9457
4.735 -217.0303
4.740 -217.1118
4.745 -217.1903
4.750 -217.2667
4.755 -217.3390
4.760 -217.4021
4.765 -217.4570
4.770 -217.5037
4.775 -217.5393
4.780 -217.5624
4.785 -217.5750
4.790 -217.5773
4.795 -217.5676
4.800 -217.5450
4.805 -217.5147
4.810 -217.4787
4.815 -217.4368
4.820 -217.3872
4.825 -217.3294
4.830 -217.2697
4.835 -217.2106
4.840 -217.1499
4.845 -217.0916
4.850 -217.0323
4.855 -216.9758
4.860 -216.9208
4.865 -216.8703
4.870 -216.8262
4.875 -216.7901
4.880 -216.7585
4.885 -216.7360
4.890 -216.7213
4.895 -216.7255
4.900 -216.7421
4.905 -216.7652
4.910 -216.7951
4.915 -216.8307
4.920 -216.8705
4.925 -216.9141
4.930 -216.9589
4.935 -217.0007
4.940 -217.0386
4.945 -217.0718
4.950 -217.1042
4.955 -217.1315
4.960 -217.1533
4.965 -217.1721
4.970 -217.1812
4.975 -217.1812
4.980 -217.1749
4.985 -217.1625
4.990 -217.1431
4.995 -217.1259
5.000 -217.1038
5.005 -217.0776
5.010 -217.0527
5.015 -217.0373
5.020 -217.0248
5.025 -217.0200
5.030 -217.0199
5.035 -217.0248
5.040 -217.0342
5.045 -217.0494
5.050 -217.0713
5.055 -217.0977
5.060 -217.1241
5.065 -217.1529
5.070 -217.1840
5.075 -217.2198
5.080 -217.2621
5.085 -217.2993
5.090 -217.3301
5.095 -217.3542
5.100 -217.3698
5.105 -217.3847
5.110 -217.3963
5.115 -217.4006
5.120 -217.3966
5.125 -217.3848
5.130 -217.3645
5.135 -217.3366
5.140 -217.3028
5.145 -217.2670
5.150 -217.2290
5.155 -217.1870
5.160 -217.1470
5.165 -217.1065
5.170 -217.0661
5.175 -217.0273
5.180 -216.9917
5.185 -216.9608
5.190 -216.9318
5.195 -216.9037
5.200 -216.8781
5.205 -216.8568
5.210 -216.8346
5.215 -216.8100
5.220 -216.7854
5.225 -216.7625
5.230 -216.7388
5.235 -216.7171
5.240 -216.6943
5.245 -216.6746
5.250 -216.6588
5.255 -216.6487
5.260 -216.6492
5.265 -216.6545
5.270 -216.6653
5.275 -216.6853
5.280 -216.7122
5.285 -216.7422
5.290 -216.7734
5.295 -216.8069
5.300 -216.8493
5.305 -216.8941
5.310 -216.9386
5.315 -216.9824
5.320 -217.0241
5.325 -217.0638
5.330 -217.0998
5.335 -217.1386
5.340 -217.1757
5.345 -217.2076
5.350 -217.2384
5.355 -217.2623
5.360 -217.2789
5.365 -217.2926
5.370 -217.3035
5.375 -217.3119
5.380 -217.3188
5.385 -217.3210
5.390 -217.3154
5.395 -217.3107
5.400 -217.3048
5.405 -217.2986
5.410 -217.2892
5.415 -217.2758
5.420 -217.2559
5.425 -217.2304
5.430 -217.2013
5.435 -217.1681
5.440 -217.1334
5.445 -217.0971
5.450 -217.0579
5.455 -217.0166
5.460 -216.9788
5.465 -216.9433
5.470 -216.9177
5.475 -216.8951
5.480 -216.8777
5.485 -216.8703
5.490 -216.8718
5.495 -216.8772
5.500 -216.8882
5.505 -216.9104
5.510 -216.9392
5.515 -216.9710
5.520 -217.0079
5.525 -217.0468
5.530 -217.0872
5.535 -217.1308
5.540 -217.1783
5.545 -217.2256
5.550 -217.2740
5.555 -217.3164
5.560 -217.3519
5.565 -217.3777
5.570 -217.3898
5.575 -217.3856
5.580 -217.3746
5.585 -217.3516
5.590 -217.3121
5.595 -217.2584
5.600 -217.1896
5.605 -217.1088
5.610 -217.0175
5.615 -216.9195
5.620 -216.8184
5.625 -216.7210
5.630 -216.6295
5.635 -216.5490
5.640 -216.4849
5.645 -216.4469
5.650 -216.4298
5.655 -216.4336
5.660 -216.4617
5.665 -216.5111
5.670 -216.5788
5.675 -216.6603
5.680 -216.7497
5.685 -216.8421
5.690 -216.9340
5.695 -217.0229
5.700 -217.1047
5.705 -217.1763
5.710 -217.2364
5.715 -217.2794
5.720 -217.3015
5.725 -217.3056
5.730 -217.2934
5.735 -217.2656
5.740 -217.2233
5.745 -217.1691
5.750 -217.1049
5.755 -217.0362
5.760 -216.9688
5.765 -216.9052
5.770 -216.8474
5.775 -216.8037
5.780 -216.7759
5.785 -216.7644
5.790 -216.7667
5.795 -216.7862
5.800 -216.8178
5.805 -216.8615
5.810 -216.9199
5.815 -216.9919
5.820 -217.0692
5.825 -217.1502
5.830 -217.2307
5.835 -217.3057
5.840 -217.3760
5.845 -217.4434
5.850 -217.4964
5.855 -217.5330
5.860 -217.5551
5.865 -217.5624
5.870 -217.5478
5.875 -217.5120
5.880 -217.4614
5.885 -217.3965
5.890 -217.3137
5.895 -217.2164
5.900 -217.1108
5.905 -217.0010
5.910 -216.8930
5.915 -216.7911
5.920 -216.6950
5.925 -216.6129
5.930 -216.5459
5.935 -216.4939
5.940 -216.4653
5.945 -216.4571
5.950 -216.4664
5.955 -216.4944
5.960 -216.5410
5.965 -216.6051
5.970 -216.6846
5.975 -216.7734
5.980 -216.8656
5.985 -216.9584
5.990 -217.0502
5.995 -217.1391
6.000 -217.2218
6.005 -217.3000
6.010 -217.3722
6.015 -217.4400
6.020 -217.4956
6.025 -217.5412
6.030 -217.5727
6.035 -217.5880
6.040 -217.5906
6.045 -217.5812
6.050 -217.5598
6.055 -217.5287
6.060 -217.4905
6.065 -217.4439
6.070 -217.3984
6.075 -217.3465
6.080 -217.2915
6.085 -217.2353
6.090 -217.1809
6.095 -217.1278
6.100 -217.0733
6.105 -217.0186
6.110 -216.9674
6.115 -216.9176
6.120 -216.8666
6.125 -216.8154
6.130 -216.7674
6.135 -216.7216
6.140 -216.6789
6.145 -216.6414
6.150 -216.6081
6.155 -216.5758
6.160 -216.5454
6.165 -216.5159
6.170 -216.4885
6.175 -216.4642
6.180 -216.4464
6.185 -216.4323
6.190 -216.4236
6.195 -216.4181
6.200 -216.4192
6.205 -216.4289
6.210 -216.4497
6.215 -216.4802
6.220 -216.5206
6.225 -216.5719
6.230 -216.6362
6.235 -216.7087
6.240 -216.7873
6.245 -216.8721
6.250 -216.9636
6.255 -217.0596
6.260 -217.1544
6.265 -217.2446
6.270 -217.3307
6.275 -217.4114
6.280 -217.4816
6.285 -217.5409
6.290 -217.5865
6.295 -217.6200
6.300 -217.6369
6.305 -217.6345
6.310 -217.6140
6.315 -217.5761
6.320 -217.5243
6.325 -217.4583
6.330 -217.3895
6.335 -217.3186
6.340 -217.2439
6.345 -217.1683
6.350 -217.0932
6.355 -217.0278
6.360 -216.9691
6.365 -216.9212
6.370 -216.8839
6.375 -216.8636
6.380 -216.8620
6.385 -216.8723
6.390 -216.8962
6.395 -216.9257
6.400 -216.9598
6.405 -216.9991
6.410 -217.0409
6.415 -217.0893
6.420 -217.1431
6.425 -217.1985
6.430 -217.2536
6.435 -217.3061
6.440 -217.3592
6.445 -217.4048
6.450 -217.4411
6.455 -217.4788
6.460 -217.5110
6.465 -217.5325
6.470 -217.5434
6.475 -217.5474
6.480 -217.5392
6.485 -217.5214
6.490 -217.4930
6.495 -217.4524
6.500 -217.4044
6.505 -217.3445
6.510 -217.2795
6.515 -217.2119
6.520 -217.1384
6.525 -217.0612
6.530 -216.9798
6.535 -216.8950
6.540 -216.8098
6.545 -216.7251
6.550 -216.6422
6.555 -216.5623
6.560 -216.4912
6.565 -216.4304
6.570 -216.3857
6.575 -216.3553
6.580 -216.3397
6.585 -216.3407
6.590 -216.3662
6.595 -216.4083
6.600 -216.4630
6.605 -216.5290
6.610 -216.6006
6.615 -216.6751
6.620 -216.7486
6.625 -216.8171
6.630 -216.8806
6.635 -216.9354
6.640 -216.9794
6.645 -217.0128
6.650 -217.0377
6.655 -217.0517
6.660 -217.0558
6.665 -217.0580
6.670 -217.0551
6.675 -217.0480
6.680 -217.0323
6.685 -217.0118
6.690 -216.9957
6.695 -216.9815
6.700 -216.9759
6.705 -216.9766
6.710 -216.9855
6.715 -217.0086
6.720 -217.0450
6.725 -217.0934
6.730 -217.1549
6.735 -217.2248
6.740 -217.3027
6.745 -217.3843
6.750 -217.4629
6.755 -217.5375
6.760 -217.6050
6.765 -217.6621
6.770 -217.7123
6.775 -217.7678
6.780 -217.8083
6.785 -217.8270
6.790 -217.8301
6.795 -217.8181
6.800 -217.7836
6.805 -217.7298
6.810 -217.6563
6.815 -217.5750
6.820 -217.4789
6.825 -217.3697
6.830 -217.2530
6.835 -217.1269
6.840 -216.9963
6.845 -216.8634
6.850 -216.7301
6.855 -216.6069
6.860 -216.4940
6.865 -216.3980
6.870 -216.3198
6.875 -216.2671
6.880 -216.2462
6.885 -216.2517
6.890 -216.2881
6.895 -216.3517
6.900 -216.4441
6.905 -216.5546
6.910 -216.6796
6.915 -216.8137
6.920 -216.9543
6.925 -217.0929
6.930 -217.2240
6.935 -217.3459
6.940 -217.4496
6.945 -217.5337
6.950 -217.5984
6.955 -217.6406
6.960 -217.6571
6.965 -217.6472
6.970 -217.6157
6.975 -217.5591
6.980 -217.4792
6.985 -217.3844
6.990 -217.2720
6.995 -217.1474
7.000 -217.0186
7.005 -216.8899
7.010 -216.7664
7.015 -216.6509
7.020 -216.5469
7.025 -216.4551
7.030 -216.3800
7.035 -216.3317
7.040 -216.3035
7.045 -216.2967
7.050 -216.3121
7.055 -216.3495
7.060 -216.4048
7.065 -216.4765
7.070 -216.5664
7.075 -216.6688
7.080 -216.7799
7.085 -216.8942
7.090 -217.0052
7.095 -217.1097
7.100 -217.2079
7.105 -217.3054
7.110 -217.4026
7.115 -217.4867
7.120 -217.5568
7.125 -217.6157
7.130 -217.6642
7.135 -217.6977
7.140 -217.7161
7.145 -217.7220
7.150 -217.7185
7.155 -217.7031
7.160 -217.6777
7.165 -217.6446
7.170 -217.6096
7.175 -217.5682
7.180 -217.5245
7.185 -217.4758
7.190 -217.4213
7.195 -217.3613
7.200 -217.3007
7.205 -217.2408
7.210 -217.1835
7.215 -217.1275
7.220 -217.0737
7.225 -217.0204
7.230 -216.9707
7.235 -216.9210
7.240 -216.8726
7.245 -216.8296
7.250 -216.7916
7.255 -216.7541
7.260 -216.7172
7.265 -216.6828
7.270 -216.6550
7.275 -216.6315
7.280 -216.6091
7.285 -216.5894
7.290 -216.5793
7.295 -216.5761
7.300 -216.5778
7.305 -216.5857
7.310 -216.6050
7.315 -216.6357
7.320 -216.6706
7.325 -216.7089
7.330 -216.7500
7.335 -216.7924
7.340 -216.8353
7.345 -216.8772
7.350 -216.9209
7.355 -216.9621
7.360 -217.0012
7.365 -217.0419
7.370 -217.0833
7.375 -217.1227
7.380 -217.1558
7.385 -217.1811
7.390 -217.1972
7.395 -217.2052
7.400 -217.2059
7.405 -217.1992
7.410 -217.1904
7.415 -217.1807
7.420 -217.1695
7.425 -217.1608
7.430 -217.1539
7.435 -217.1489
7.440 -217.1495
7.445 -217.1537
7.450 -217.1614
7.455 -217.1711
7.460 -217.1858
7.465 -217.2029
7.470 -217.2236
7.475 -217.2429
7.480 -217.2582
7.485 -217.2778
7.490 -217.2966
7.495 -217.3080
7.500 -217.3143
7.505 -217.3250
7.510 -217.3337
7.515 -217.3346
7.520 -217.3264
7.525 -217.3079
7.530 -217.2772
7.535 -217.2368
7.540 -217.1867
7.545 -217.1267
7.550 -217.0587
7.555 -216.9882
7.560 -216.9149
7.565 -216.8469
7.570 -216.7831
7.575 -216.7258
7.580 -216.6775
7.585 -216.6407
7.590 -216.6129
7.595 -216.6021
7.600 -216.6051
7.605 -216.6183
7.610 -216.6412
7.615 -216.6796
7.620 -216.7273
7.625 -216.7776
7.630 -216.8310
7.635 -216.8921
7.640 -216.9521
7.645 -217.0076
7.650 -217.0617
7.655 -217.1096
7.660 -217.1438
7.665 -217.1648
7.670 -217.1755
7.675 -217.1753
7.680 -217.1666
7.685 -217.1474
7.690 -217.1176
7.695 -217.0871
7.700 -217.0587
7.705 -217.0363
7.710 -217.0180
7.715 -217.0058
7.720 -216.9993
7.725 -217.0036
7.730 -217.0174
7.735 -217.0407
7.740 -217.0752
7.745 -217.1192
7.750 -217.1710
7.755 -217.2229
7.760 -217.2755
7.765 -217.3214
7.770 -217.3597
7.775 -217.3902
7.780 -217.4105
7.785 -217.4260
7.790 -217.4355
7.795 -217.4372
7.800 -217.4285
7.805 -217.4097
7.810 -217.3828
7.815 -217.3462
7.820 -217.3074
7.825 -217.2626
7.830 -217.2216
7.835 -217.1779
7.840 -217.1301
7.845 -217.0796
7.850 -217.0249
7.855 -216.9667
7.860 -216.9081
7.865 -216.8466
7.870 -216.7848
7.875 -216.7262
7.880 -216.6737
7.885 -216.6242
7.890 -216.5785
7.895 -216.5414
7.900 -216.5189
7.905 -216.5052
7.910 -216.5031
7.915 -216.5143
7.920 -216.5384
7.925 -216.5791
7.930 -216.6364
7.935 -216.7110
7.940 -216.7936
7.945 -216.8812
7.950 -216.9742
7.955 -217.0680
7.960 -217.1611
7.965 -217.2492
7.970 -217.3315
7.975 -217.4043
7.980 -217.4631
7.985 -217.5094
7.990 -217.5477
7.995 -217.5689
8.000 -217.5703
8.005 -217.5618
8.010 -217.5415
8.015 -217.5044
8.020 -217.4615
8.025 -217.4069
8.030 -217.3395
8.035 -217.2612
8.040 -217.1750
8.045 -217.0821
8.050 -216.9859
8.055 -216.8930
8.060 -216.8070
8.065 -216.7372
8.070 -216.6815
8.075 -216.6373
8.080 -216.6097
8.085 -216.5966
8.090 -216.6006
8.095 -216.6246
8.100 -216.6621
8.105 -216.7115
8.110 -216.7710
8.115 -216.8337
8.120 -216.8972
8.125 -216.9600
8.130 -217.0172
8.135 -217.0674
8.140 -217.1112
8.145 -217.1452
8.150 -217.1693
8.155 -217.1807
8.160 -217.1788
8.165 -217.1638
8.170 -217.1383
8.175 -217.1092
8.180 -217.0745
8.185 -217.0392
8.190 -217.0101
8.195 -216.9868
8.200 -216.9766
8.205 -216.9823
8.210 -216.9969
8.215 -217.0224
8.220 -217.0528
8.225 -217.0894
8.230 -217.1331
8.235 -217.1787
8.240 -217.2285
8.245 -217.2834
8.250 -217.3374
8.255 -217.3830
8.260 -217.4159
8.265 -217.4318
8.270 -217.4282
8.275 -217.4050
8.280 -217.3615
8.285 -217.2986
8.290 -217.2175
8.295 -217.1281
8.300 -217.0349
8.305 -216.9428
8.310 -216.8559
8.315 -216.7719
8.320 -216.6953
8.325 -216.6368
8.330 -216.5946
8.335 -216.5810
8.340 -216.5855
8.345 -216.6086
8.350 -216.6473
8.355 -216.6990
8.360 -216.7623
8.365 -216.8356
8.370 -216.9160
8.375 -216.9942
8.380 -217.0689
8.385 -217.1398
8.390 -217.2068
8.395 -217.2649
8.400 -217.3110
8.405 -217.3488
8.410 -217.3814
8.415 -217.4047
8.420 -217.4163
8.425 -217.4175
8.430 -217.4085
8.435 -217.3906
8.440 -217.3696
8.445 -217.3454
8.450 -217.3229
8.455 -217.3086
8.460 -217.2905
8.465 -217.2706
8.470 -217.2480
8.475 -217.2220
8.480 -217.1994
8.485 -217.1815
8.490 -217.1602
8.495 -217.1382
8.500 -217.1131
8.505 -217.0806
8.510 -217.0455
8.515 -217.0055
8.520 -216.9589
8.525 -216.9068
8.530 -216.8506
8.535 -216.7937
8.540 -216.7386
8.545 -216.6846
8.550 -216.6353
8.555 -216.5909
8.560 -216.5518
8.565 -216.5182
8.570 -216.5037
8.575 -216.5004
8.580 -216.5110
8.585 -216.5318
8.590 -216.5629
8.595 -216.6032
8.600 -216.6528
8.605 -216.7125
8.610 -216.7824
8.615 -216.8611
8.620 -216.9475
8.625 -217.0367
8.630 -217.1283
8.635 -217.2172
8.640 -217.3048
8.645 -217.3859
8.650 -217.4587
8.655 -217.5290
8.660 -217.5861
8.665 -217.6299
8.670 -217.6560
8.675 -217.6631
8.680 -217.6506
8.685 -217.6206
8.690 -217.5816
8.695 -217.5326
8.700 -217.4713
8.705 -217.4013
8.710 -217.3226
8.715 -217.2379
8.720 -217.1543
8.725 -217.0763
8.730 -217.0031
8.735 -216.9474
8.740 -216.9058
8.745 -216.8760
8.750 -216.8622
8.755 -216.8625
8.760 -216.8743
8.765 -216.8930
8.770 -216.9171
8.775 -216.9472
8.780 -216.9790
8.785 -217.0123
8.790 -217.0442
8.795 -217.0770
8.800 -217.1044
8.805 -217.1256
8.810 -217.1388
8.815 -217.1445
8.820 -217.1378
8.825 -217.1182
8.830 -217.0850
8.835 -217.0407
8.840 -216.9876
8.845 -216.9326
8.850 -216.8797
8.855 -216.8282
8.860 -216.7823
8.865 -216.7495
8.870 -216.7323
8.875 -216.7269
8.880 -216.7386
8.885 -216.7653
8.890 -216.8046
8.895 -216.8545
8.900 -216.9107
8.905 -216.9702
8.910 -217.0308
8.915 -217.0902
8.920 -217.1429
8.925 -217.1872
8.930 -217.2205
8.935 -217.2407
8.940 -217.2452
8.945 -217.2337
8.950 -217.2161
8.955 -217.1924
8.960 -217.1593
8.965 -217.1193
8.970 -217.0737
8.975 -217.0257
8.980 -216.9782
8.985 -216.9312
8.990 -216.8881
8.995 -216.8508
9.000 -216.8213
9.005 -216.8030
9.010 -216.8003
9.015 -216.8104
9.020 -216.8322
9.025 -216.8636
9.030 -216.9057
9.035 -216.9559
9.040 -217.0173
9.045 -217.0809
9.050 -217.1443
9.055 -217.2052
9.060 -217.2607
9.065 -217.3094
9.070 -217.3511
9.075 -217.3852
9.080 -217.4023
9.085 -217.4034
9.090 -217.3871
9.095 -217.3576
9.100 -217.3211
9.105 -217.2792
9.110 -217.2263
9.115 -217.1653
9.120 -217.0985
9.125 -217.0277
9.130 -216.9559
9.135 -216.8861
9.140 -216.8190
9.145 -216.7566
9.150 -216.7049
9.155 -216.6626
9.160 -216.6308
9.165 -216.6114
9.170 -216.6026
9.175 -216.6033
9.180 -216.6156
9.185 -216.6359
9.190 -216.6626
9.195 -216.6941
9.200 -216.7286
9.205 -216.7710
9.210 -216.8219
9.215 -216.8702
9.220 -216.9155
9.225 -216.9638
9.230 -217.0083
9.235 -217.0430
9.240 -217.0693
9.245 -217.0891
9.250 -217.1029
9.255 -217.1076
9.260 -217.1107
9.265 -217.1097
9.270 -217.1076
9.275 -217.1034
9.280 -217.1022
9.285 -217.1051
9.290 -217.1113
9.295 -217.1217
9.300 -217.1385
9.305 -217.1600
9.310 -217.1883
9.315 -217.2185
9.320 -217.2499
9.325 -217.2774
9.330 -217.3009
9.335 -217.3223
9.340 -217.3463
9.345 -217.3655
9.350 -217.3793
9.355 -217.3842
9.360 -217.3763
9.365 -217.3593
9.370 -217.3363
9.375 -217.3088
9.380 -217.2773
9.385 -217.2441
9.390 -217.2086
9.395 -217.1723
9.400 -217.1356
9.405 -217.1003
9.410 -217.0725
9.415 -217.0469
9.420 -217.0240
9.425 -217.0089
9.430 -216.9989
9.435 -216.9947
9.440 -216.9919
9.445 -216.9893
9.450 -216.9872
9.455 -216.9903
9.460 -216.9957
9.465 -217.0042
9.470 -217.0120
9.475 -217.0169
9.480 -217.0225
9.485 -217.0220
9.490 -217.0189
9.495 -217.0127
9.500 -217.0008
9.505 -216.9838
9.510 -216.9636
9.515 -216.9449
9.520 -216.9206
9.525 -216.8911
9.530 -216.8598
9.535 -216.8281
9.540 -216.7938
9.545 -216.7593
9.550 -216.7285
9.555 -216.7008
9.560 -216.6762
9.565 -216.6555
9.570 -216.6384
9.575 -216.6276
9.580 -216.6237
9.585 -216.6288
9.590 -216.6421
9.595 -216.6649
9.600 -216.6931
9.605 -216.7296
9.610 -216.7763
9.615 -216.8313
9.620 -216.8971
9.625 -216.9654
9.630 -217.0366
9.635 -217.1078
9.640 -217.1767
9.645 -217.2413
9.650 -217.2999
9.655 -217.3540
9.660 -217.4007
9.665 -217.4386
9.670 -217.4695
9.675 -217.4900
9.680 -217.5013
9.685 -217.5031
9.690 -217.4969
9.695 -217.4871
9.700 -217.4654
9.705 -217.4349
9.710 -217.4004
9.715 -217.3674
9.720 -217.3278
9.725 -217.2846
9.730 -217.2435
9.735 -217.1990
9.740 -217.1516
9.745 -217.1014
9.750 -217.0491
9.755 -216.9977
9.760 -216.9526
9.765 -216.9105
9.770 -216.8717
9.775 -216.8437
9.780 -216.8229
9.785 -216.8120
9.790 -216.8093
9.795 -216.8158
9.800 -216.8359
9.805 -216.8672
9.810 -216.9051
9.815 -216.9497
9.820 -216.9943
9.825 -217.0470
9.830 -217.1027
9.835 -217.1516
9.840 -217.1878
9.845 -217.2127
9.850 -217.2323
9.855 -217.2412
9.860 -217.2348
9.865 -217.2135
9.870 -217.1786
9.875 -217.1286
9.880 -217.0676
9.885 -217.0013
9.890 -216.9297
9.895 -216.8577
9.900 -216.7861
9.905 -216.7188
9.910 -216.6586
9.915 -216.6085
9.920 -216.5702
9.925 -216.5473
9.930 -216.5396
9.935 -216.5488
9.940 -216.5776
9.945 -216.6236
9.950 -216.6875
9.955 -216.7689
9.960 -216.8584
9.965 -216.9534
9.970 -217.0498
9.975 -217.1459
9.980 -217.2346
9.985 -217.3152
9.990 -217.3833
9.995 -217.4371
