0.0 4.8000
0.005 4.8562
0.01 4.9150
0.015 4.9167
0.02 4.8610
0.025 4.7494
0.03 4.5849
0.035 4.3720
0.04 4.1168
0.045 3.8268
0.05 3.5110
0.055 3.1796
0.06 2.8433
0.065 2.5134
0.07 2.2011
0.075 1.9166
0.08 1.6713
0.085 1.4741
0.09 1.3305
0.095 1.2440
0.1 1.2139
0.105 1.2394
0.11 1.3159
0.115 1.4360
0.12 1.5919
0.125 1.7738
0.13 1.9716
0.135 2.1773
0.14 2.3850
0.145 2.5875
0.15 2.7767
0.155 2.9464
0.16 3.0929
0.165 3.2145
0.17 3.3089
0.175 3.3729
0.18 3.4056
0.185 3.4089
0.19 3.3866
0.195 3.3418
0.2 3.2779
0.205 3.1976
0.21 3.1027
0.215 2.9995
0.22 2.8938
0.225 2.7887
0.23 2.6876
0.235 2.5938
0.24 2.5162
0.245 2.4572
0.25 2.4128
0.255 2.3840
0.26 2.3706
0.265 2.3730
0.27 2.3928
0.275 2.4274
0.28 2.4730
0.285 2.5271
0.29 2.5891
0.295 2.6565
0.3 2.7256
0.305 2.7940
0.31 2.8587
0.315 2.9187
0.32 2.9724
0.325 3.0182
0.33 3.0553
0.335 3.0828
0.34 3.1029
0.345 3.1168
0.35 3.1238
0.355 3.1267
0.36 3.1278
0.365 3.1266
0.37 3.1231
0.375 3.1174
0.38 3.1193
0.385 3.1303
0.39 3.1443
0.395 3.1643
0.4 3.1914
0.405 3.2253
0.41 3.2640
0.415 3.3030
0.42 3.3393
0.425 3.3715
0.43 3.3973
0.435 3.4155
0.44 3.4311
0.445 3.4446
0.45 3.4506
0.455 3.4533
0.46 3.4563
0.465 3.4590
0.47 3.4623
0.475 3.4606
0.48 3.4518
0.485 3.4408
0.49 3.4241
0.495 3.4014
0.5 3.3699
0.505 3.3260
0.51 3.2727
0.515 3.2131
0.52 3.1451
0.525 3.0651
0.53 2.9752
0.535 2.8808
0.54 2.7833
0.545 2.6847
0.55 2.5884
0.555 2.4950
0.56 2.4095
0.565 2.3337
0.57 2.2680
0.575 2.2139
0.58 2.1749
0.585 2.1525
0.59 2.1444
0.595 2.1522
0.6 2.1767
0.605 2.2154
0.61 2.2654
0.615 2.3252
0.62 2.3931
0.625 2.4683
0.63 2.5499
0.635 2.6390
0.64 2.7340
0.645 2.8291
0.65 2.9226
0.655 3.0136
0.66 3.0987
0.665 3.1741
0.67 3.2372
0.675 3.2883
0.68 3.3263
0.685 3.3486
0.69 3.3551
0.695 3.3465
0.7 3.3215
0.705 3.2774
0.71 3.2159
0.715 3.1385
0.72 3.0474
0.725 2.9476
0.73 2.8431
0.735 2.7365
0.74 2.6322
0.745 2.5368
0.75 2.4523
0.755 2.3807
0.76 2.3265
0.765 2.2911
0.77 2.2781
0.775 2.2912
0.78 2.3294
0.785 2.3910
0.79 2.4732
0.795 2.5725
0.8 2.6854
0.805 2.8083
0.81 2.9395
0.815 3.0733
0.82 3.2030
0.825 3.3237
0.83 3.4344
0.835 3.5350
0.84 3.6196
0.845 3.6962
0.85 3.7648
0.855 3.8128
0.86 3.8410
0.865 3.8500
0.87 3.8404
0.875 3.8118
0.88 3.7667
0.885 3.7062
0.89 3.6278
0.895 3.5383
0.9 3.4407
0.905 3.3378
0.91 3.2343
0.915 3.1285
0.92 3.0207
0.925 2.9144
0.93 2.8151
0.935 2.7284
0.94 2.6593
0.945 2.6066
0.95 2.5655
0.955 2.5367
0.96 2.5194
0.965 2.5121
0.97 2.5143
0.975 2.5234
0.98 2.5373
0.985 2.5556
0.99 2.5762
0.995 2.5987
1.0 2.6231
1.01 2.6482
1.01 2.6766
1.02 2.7104
1.02 2.7460
1.03 2.7810
1.03 2.8155
1.03 2.8494
1.04 2.8828
1.04 2.9157
1.05 2.9480
1.05 2.9773
1.06 3.0029
1.06 3.0237
1.07 3.0377
1.07 3.0441
1.08 3.0426
1.08 3.0317
1.09 3.0128
1.09 2.9890
1.1 2.9590
1.1 2.9253
1.11 2.8891
1.11 2.8491
1.12 2.8088
1.12 2.7689
1.13 2.7294
1.13 2.6947
1.14 2.6692
1.14 2.6526
1.15 2.6413
1.15 2.6367
1.16 2.6400
1.16 2.6482
1.17 2.6650
1.17 2.6905
1.18 2.7181
1.18 2.7462
1.19 2.7742
1.19 2.8024
1.2 2.8299
1.2 2.8553
1.21 2.8789
1.21 2.9017
1.22 2.9234
1.22 2.9451
1.23 2.9706
1.23 2.9986
1.24 3.0270
1.24 3.0594
1.25 3.0970
1.25 3.1348
1.26 3.1710
1.26 3.2066
1.27 3.2408
1.27 3.2779
1.28 3.3163
1.28 3.3516
1.29 3.3854
1.29 3.4129
1.3 3.4335
1.3 3.4529
1.31 3.4671
1.31 3.4711
1.32 3.4668
1.32 3.4540
1.33 3.4342
1.33 3.4079
1.34 3.3758
1.34 3.3439
1.35 3.3137
1.35 3.2802
1.36 3.2417
1.36 3.1987
1.37 3.1511
1.37 3.1006
1.38 3.0483
1.38 2.9932
1.39 2.9358
1.39 2.8795
1.4 2.8270
1.4 2.7752
1.41 2.7206
1.41 2.6630
1.42 2.6055
1.42 2.5499
1.43 2.4956
1.43 2.4448
1.44 2.4010
1.44 2.3658
1.45 2.3389
1.45 2.3198
1.46 2.3117
1.46 2.3163
1.47 2.3332
1.47 2.3606
1.48 2.3986
1.48 2.4461
1.49 2.5023
1.49 2.5662
1.5 2.6326
1.5 2.7019
1.51 2.7716
1.51 2.8381
1.52 2.8997
1.52 2.9520
1.53 2.9940
1.53 3.0257
1.54 3.0474
1.54 3.0580
1.55 3.0561
1.55 3.0463
1.56 3.0310
1.56 3.0080
1.57 2.9840
1.57 2.9632
1.58 2.9418
1.58 2.9214
1.59 2.9054
1.59 2.8950
1.6 2.8887
1.6 2.8863
1.61 2.8897
1.61 2.9027
1.62 2.9261
1.62 2.9588
1.63 3.0016
1.63 3.0522
1.64 3.1053
1.64 3.1585
1.65 3.2150
1.65 3.2718
1.66 3.3219
1.66 3.3630
1.67 3.3954
1.67 3.4184
1.68 3.4301
1.68 3.4285
1.69 3.4168
1.69 3.4018
1.7 3.3854
1.7 3.3633
1.71 3.3335
1.71 3.2974
1.72 3.2544
1.72 3.2130
1.73 3.1801
1.73 3.1530
1.74 3.1308
1.74 3.1142
1.75 3.1017
1.75 3.0904
1.76 3.0815
1.76 3.0740
1.77 3.0648
1.77 3.0553
1.78 3.0488
1.78 3.0461
1.79 3.0451
1.79 3.0443
1.8 3.0400
1.8 3.0337
1.81 3.0241
1.81 3.0073
1.82 2.9827
1.82 2.9484
1.83 2.9056
1.83 2.8554
1.84 2.8024
1.84 2.7498
1.85 2.6961
1.85 2.6422
1.86 2.5919
1.86 2.5471
1.87 2.5068
1.87 2.4712
1.88 2.4421
1.88 2.4237
1.89 2.4185
1.89 2.4247
1.9 2.4397
1.9 2.4629
1.91 2.4930
1.91 2.5299
1.92 2.5748
1.92 2.6267
1.93 2.6841
1.93 2.7471
1.94 2.8163
1.94 2.8918
1.95 2.9742
1.95 3.0584
1.96 3.1396
1.96 3.2178
1.97 3.2891
1.97 3.3507
1.98 3.4013
1.98 3.4411
1.99 3.4679
1.99 3.4798
2.0 3.4765
2.0 3.4574
2.01 3.4262
2.01 3.3899
2.02 3.3468
2.02 3.2934
2.03 3.2351
2.03 3.1735
2.04 3.1104
2.04 3.0504
2.05 2.9964
2.05 2.9508
2.06 2.9168
2.06 2.8908
2.07 2.8705
2.07 2.8594
2.08 2.8598
2.08 2.8714
2.09 2.8899
2.09 2.9136
2.1 2.9460
2.1 2.9835
2.11 3.0202
2.11 3.0598
2.12 3.0992
2.12 3.1348
2.13 3.1671
2.13 3.1924
2.14 3.2120
2.14 3.2298
2.15 3.2410
2.15 3.2411
2.16 3.2338
2.16 3.2182
2.17 3.1901
2.17 3.1498
2.18 3.1004
2.18 3.0459
2.19 2.9858
2.19 2.9187
2.2 2.8481
2.2 2.7770
2.21 2.7064
2.21 2.6386
2.22 2.5756
2.22 2.5210
2.23 2.4777
2.23 2.4452
2.24 2.4234
2.24 2.4123
2.25 2.4128
2.25 2.4288
2.26 2.4619
2.26 2.5087
2.27 2.5663
2.27 2.6329
2.28 2.7069
2.28 2.7865
2.29 2.8703
2.29 2.9582
2.3 3.0467
2.3 3.1347
2.31 3.2204
2.31 3.2983
2.32 3.3657
2.32 3.4206
2.33 3.4595
2.33 3.4824
2.34 3.4910
2.34 3.4845
2.35 3.4624
2.35 3.4276
2.36 3.3840
2.36 3.3337
2.37 3.2783
2.37 3.2193
2.38 3.1591
2.38 3.1033
2.39 3.0556
2.39 3.0124
2.4 2.9735
2.4 2.9423
2.41 2.9182
2.41 2.8992
2.42 2.8838
2.42 2.8708
2.43 2.8604
2.43 2.8523
2.44 2.8449
2.44 2.8435
2.45 2.8518
2.45 2.8622
2.46 2.8708
2.46 2.8817
2.47 2.8966
2.47 2.9181
2.48 2.9470
2.48 2.9784
2.49 3.0106
2.49 3.0427
2.5 3.0752
2.5 3.1087
2.51 3.1397
2.51 3.1700
2.52 3.2068
2.52 3.2459
2.53 3.2782
2.53 3.3043
2.54 3.3254
2.54 3.3395
2.55 3.3459
2.55 3.3439
2.56 3.3329
2.56 3.3154
2.57 3.2931
2.57 3.2657
2.58 3.2330
2.58 3.1935
2.59 3.1471
2.59 3.0960
2.6 3.0395
2.6 2.9779
2.61 2.9128
2.61 2.8489
2.62 2.7873
2.62 2.7266
2.63 2.6697
2.63 2.6168
2.64 2.5690
2.64 2.5309
2.65 2.5049
2.65 2.4889
2.66 2.4830
2.66 2.4873
2.67 2.5016
2.67 2.5280
2.68 2.5642
2.68 2.6076
2.69 2.6581
2.69 2.7125
2.7 2.7687
2.7 2.8233
2.71 2.8776
2.71 2.9321
2.72 2.9837
2.72 3.0335
2.73 3.0794
2.73 3.1195
2.74 3.1551
2.74 3.1831
2.75 3.2019
2.75 3.2113
2.76 3.2115
2.76 3.2069
2.77 3.2048
2.77 3.2021
2.78 3.1937
2.78 3.1804
2.79 3.1618
2.79 3.1383
2.8 3.1106
2.8 3.0816
2.81 3.0571
2.81 3.0415
2.82 3.0321
2.82 3.0254
2.83 3.0232
2.83 3.0244
2.84 3.0250
2.84 3.0236
2.85 3.0194
2.85 3.0171
2.86 3.0178
2.86 3.0161
2.87 3.0120
2.87 3.0008
2.88 2.9788
2.88 2.9508
2.89 2.9201
2.89 2.8871
2.9 2.8545
2.9 2.8245
2.91 2.7987
2.91 2.7814
2.92 2.7753
2.92 2.7821
2.93 2.8054
2.93 2.8443
2.94 2.8948
2.94 2.9555
2.95 3.0277
2.95 3.1077
2.96 3.1888
2.96 3.2687
2.97 3.3414
2.97 3.4018
2.98 3.4506
2.98 3.4876
2.99 3.5106
2.99 3.5184
3.0 3.5114
3.0 3.4873
3.01 3.4482
3.01 3.3986
3.02 3.3382
3.02 3.2685
3.03 3.1914
3.03 3.1089
3.04 3.0235
3.04 2.9428
3.05 2.8727
3.05 2.8122
3.06 2.7607
3.06 2.7211
3.07 2.6940
3.07 2.6773
3.08 2.6683
3.08 2.6643
3.09 2.6655
3.09 2.6713
3.1 2.6775
3.1 2.6799
3.11 2.6786
3.11 2.6733
3.12 2.6664
3.12 2.6570
3.13 2.6424
3.13 2.6247
3.14 2.6056
3.14 2.5864
3.15 2.5695
3.15 2.5572
3.16 2.5513
3.16 2.5552
3.17 2.5744
3.17 2.6184
3.18 2.6838
3.18 2.7611
3.19 2.8478
3.19 2.9434
3.2 3.0459
3.2 3.1530
3.21 3.2651
3.21 3.3786
3.22 3.4893
3.22 3.5918
3.23 3.6795
3.23 3.7487
3.24 3.8004
3.24 3.8364
3.25 3.8511
3.25 3.8456
3.26 3.8236
3.26 3.7885
3.27 3.7387
3.27 3.6723
3.28 3.5903
3.28 3.4918
3.29 3.3815
3.29 3.2620
3.3 3.1344
3.3 3.0043
3.31 2.8774
3.31 2.7580
3.32 2.6471
3.32 2.5443
3.33 2.4534
3.33 2.3808
3.34 2.3289
3.34 2.2974
3.35 2.2871
3.35 2.2950
3.36 2.3186
3.36 2.3569
3.37 2.4075
3.37 2.4669
3.38 2.5312
3.38 2.5997
3.39 2.6697
3.39 2.7368
3.4 2.7986
3.4 2.8542
3.41 2.9048
3.41 2.9499
3.42 2.9903
3.42 3.0259
3.43 3.0539
3.43 3.0727
3.44 3.0806
3.44 3.0789
3.45 3.0705
3.45 3.0585
3.46 3.0439
3.46 3.0250
3.47 3.0037
3.47 2.9837
3.48 2.9659
3.48 2.9530
3.49 2.9493
3.49 2.9531
3.5 2.9603
3.5 2.9680
3.51 2.9774
3.51 2.9918
3.52 3.0103
3.52 3.0317
3.53 3.0554
3.53 3.0789
3.54 3.0997
3.54 3.1208
3.55 3.1446
3.55 3.1652
3.56 3.1799
3.56 3.1880
3.57 3.1864
3.57 3.1737
3.58 3.1501
3.58 3.1157
3.59 3.0725
3.59 3.0247
3.6 2.9736
3.6 2.9188
3.61 2.8635
3.61 2.8100
3.62 2.7591
3.62 2.7152
3.63 2.6804
3.63 2.6550
3.64 2.6385
3.64 2.6315
3.65 2.6338
3.65 2.6506
3.66 2.6813
3.66 2.7212
3.67 2.7712
3.67 2.8267
3.68 2.8853
3.68 2.9454
3.69 3.0041
3.69 3.0601
3.7 3.1130
3.7 3.1623
3.71 3.2106
3.71 3.2544
3.72 3.2901
3.72 3.3180
3.73 3.3350
3.73 3.3388
3.74 3.3282
3.74 3.3077
3.75 3.2811
3.75 3.2500
3.76 3.2151
3.76 3.1823
3.77 3.1547
3.77 3.1292
3.78 3.1075
3.78 3.0934
3.79 3.0873
3.79 3.0858
3.8 3.0866
3.8 3.0876
3.81 3.0863
3.81 3.0817
3.82 3.0702
3.82 3.0523
3.83 3.0277
3.83 2.9950
3.84 2.9564
3.84 2.9134
3.85 2.8664
3.85 2.8173
3.86 2.7710
3.86 2.7296
3.87 2.6923
3.87 2.6612
3.88 2.6397
3.88 2.6336
3.89 2.6477
3.89 2.6820
3.9 2.7342
3.9 2.7985
3.91 2.8699
3.91 2.9462
3.92 3.0216
3.92 3.0954
3.93 3.1665
3.93 3.2262
3.94 3.2725
3.94 3.3038
3.95 3.3201
3.95 3.3253
3.96 3.3183
3.96 3.2952
3.97 3.2550
3.97 3.2021
3.98 3.1443
3.98 3.0841
3.99 3.0203
3.99 2.9549
4.0 2.8912
4.0 2.8399
4.01 2.8035
4.01 2.7755
4.02 2.7587
4.02 2.7541
4.03 2.7596
4.03 2.7732
4.04 2.7978
4.04 2.8305
4.05 2.8646
4.05 2.8991
4.06 2.9312
4.06 2.9601
4.07 2.9840
4.07 3.0021
4.08 3.0178
4.08 3.0304
4.09 3.0398
4.09 3.0467
4.1 3.0514
4.1 3.0529
4.11 3.0506
4.11 3.0451
4.12 3.0389
4.12 3.0332
4.13 3.0255
4.13 3.0181
4.14 3.0143
4.14 3.0126
4.15 3.0145
4.15 3.0239
4.16 3.0377
4.16 3.0556
4.17 3.0756
4.17 3.0960
4.18 3.1164
4.18 3.1336
4.19 3.1481
4.19 3.1608
4.2 3.1703
4.2 3.1754
4.21 3.1756
4.21 3.1698
4.22 3.1591
4.22 3.1424
4.23 3.1212
4.23 3.0988
4.24 3.0726
4.24 3.0421
4.25 3.0090
4.25 2.9764
4.26 2.9462
4.26 2.9228
4.27 2.9064
4.27 2.8951
4.28 2.8881
4.28 2.8882
4.29 2.8943
4.29 2.8989
4.3 2.9010
4.3 2.9036
4.31 2.9058
4.31 2.9029
4.32 2.8940
4.32 2.8807
4.33 2.8652
4.33 2.8457
4.34 2.8229
4.34 2.7997
4.35 2.7837
4.35 2.7786
4.36 2.7816
4.36 2.7939
4.37 2.8156
4.37 2.8466
4.38 2.8902
4.38 2.9450
4.39 3.0080
4.39 3.0817
4.4 3.1638
4.4 3.2496
4.41 3.3359
4.41 3.4164
4.42 3.4867
4.42 3.5454
4.43 3.5895
4.43 3.6174
4.44 3.6256
4.44 3.6116
4.45 3.5756
4.45 3.5186
4.46 3.4426
4.46 3.3488
4.47 3.2418
4.47 3.1314
4.48 3.0208
4.48 2.9099
4.49 2.8057
4.49 2.7137
4.5 2.6350
4.5 2.5705
4.51 2.5233
4.51 2.4972
4.52 2.4917
4.52 2.5065
4.53 2.5398
4.53 2.5874
4.54 2.6486
4.54 2.7228
4.55 2.8057
4.55 2.8916
4.56 2.9786
4.56 3.0632
4.57 3.1425
4.57 3.2165
4.58 3.2806
4.58 3.3308
4.59 3.3667
4.59 3.3859
4.6 3.3868
4.6 3.3695
4.61 3.3358
4.61 3.2877
4.62 3.2259
4.62 3.1543
4.63 3.0776
4.63 2.9965
4.64 2.9098
4.64 2.8188
4.65 2.7298
4.65 2.6466
4.66 2.5728
4.66 2.5120
4.67 2.4640
4.67 2.4296
4.68 2.4097
4.68 2.4034
4.69 2.4114
4.69 2.4344
4.7 2.4702
4.7 2.5165
4.71 2.5715
4.71 2.6353
4.72 2.7041
4.72 2.7761
4.73 2.8559
4.73 2.9399
4.74 3.0216
4.74 3.1016
4.75 3.1788
4.75 3.2507
4.76 3.3140
4.76 3.3685
4.77 3.4160
4.77 3.4524
4.78 3.4762
4.78 3.4881
4.79 3.4896
4.79 3.4795
4.8 3.4575
4.8 3.4284
4.81 3.3931
4.81 3.3508
4.82 3.3016
4.82 3.2448
4.83 3.1847
4.83 3.1251
4.84 3.0674
4.84 3.0095
4.85 2.9511
4.85 2.8945
4.86 2.8395
4.86 2.7891
4.87 2.7466
4.87 2.7105
4.88 2.6789
4.88 2.6551
4.89 2.6403
4.89 2.6409
4.9 2.6574
4.9 2.6805
4.91 2.7092
4.91 2.7440
4.92 2.7837
4.92 2.8272
4.93 2.8719
4.93 2.9136
4.94 2.9519
4.94 2.9852
4.95 3.0149
4.95 3.0411
4.96 3.0646
4.96 3.0833
4.97 3.0918
4.97 3.0911
4.98 3.0842
4.98 3.0716
4.99 3.0558
4.99 3.0382
5.0 3.0159
5.0 2.9898
5.01 2.9641
5.01 2.9446
5.02 2.9318
5.02 2.9258
5.03 2.9264
5.03 2.9313
5.04 2.9408
5.04 2.9551
5.05 2.9760
5.05 3.0017
5.06 3.0273
5.06 3.0566
5.07 3.0886
5.07 3.1245
5.08 3.1653
5.08 3.2026
5.09 3.2340
5.09 3.2587
5.1 3.2774
5.1 3.2941
5.11 3.3059
5.11 3.3094
5.12 3.3062
5.12 3.2946
5.13 3.2741
5.13 3.2470
5.14 3.2135
5.14 3.1772
5.15 3.1399
5.15 3.1005
5.16 3.0604
5.16 3.0195
5.17 2.9790
5.17 2.9407
5.18 2.9059
5.18 2.8746
5.19 2.8456
5.19 2.8178
5.2 2.7931
5.2 2.7717
5.21 2.7493
5.21 2.7245
5.22 2.7004
5.22 2.6770
5.23 2.6543
5.23 2.6320
5.24 2.6102
5.24 2.5907
5.25 2.5746
5.25 2.5657
5.26 2.5653
5.26 2.5702
5.27 2.5827
5.27 2.6024
5.28 2.6271
5.28 2.6566
5.29 2.6878
5.29 2.7225
5.3 2.7629
5.3 2.8068
5.31 2.8513
5.31 2.8946
5.32 2.9362
5.32 2.9756
5.33 3.0117
5.33 3.0476
5.34 3.0832
5.34 3.1146
5.35 3.1432
5.35 3.1674
5.36 3.1841
5.36 3.1977
5.37 3.2085
5.37 3.2167
5.38 3.2240
5.38 3.2261
5.39 3.2226
5.39 3.2173
5.4 3.2119
5.4 3.2051
5.41 3.1957
5.41 3.1821
5.42 3.1621
5.42 3.1368
5.43 3.1078
5.43 3.0743
5.44 3.0392
5.44 3.0029
5.45 2.9636
5.45 2.9250
5.46 2.8870
5.46 2.8546
5.47 2.8294
5.47 2.8081
5.48 2.7919
5.48 2.7837
5.49 2.7851
5.49 2.7906
5.5 2.8040
5.5 2.8271
5.51 2.8551
5.51 2.8875
5.52 2.9238
5.52 2.9627
5.53 3.0035
5.53 3.0479
5.54 3.0951
5.54 3.1414
5.55 3.1867
5.55 3.2288
5.56 3.2634
5.56 3.2891
5.57 3.3016
5.57 3.3004
5.58 3.2884
5.58 3.2640
5.59 3.2257
5.59 3.1728
5.6 3.1057
5.6 3.0254
5.61 2.9340
5.61 2.8360
5.62 2.7351
5.62 2.6373
5.63 2.5466
5.63 2.4667
5.64 2.4054
5.64 2.3667
5.65 2.3493
5.65 2.3535
5.66 2.3804
5.66 2.4296
5.67 2.4974
5.67 2.5785
5.68 2.6675
5.68 2.7596
5.69 2.8509
5.69 2.9402
5.7 3.0224
5.7 3.0932
5.71 3.1520
5.71 3.1948
5.72 3.2169
5.72 3.2205
5.73 3.2087
5.73 3.1814
5.74 3.1396
5.74 3.0851
5.75 3.0211
5.75 2.9533
5.76 2.8858
5.76 2.8217
5.77 2.7640
5.77 2.7195
5.78 2.6917
5.78 2.6786
5.79 2.6826
5.79 2.7026
5.8 2.7348
5.8 2.7786
5.81 2.8373
5.81 2.9089
5.82 2.9862
5.82 3.0667
5.83 3.1471
5.83 3.2221
5.84 3.2941
5.84 3.3610
5.85 3.4140
5.85 3.4515
5.86 3.4744
5.86 3.4810
5.87 3.4669
5.87 3.4313
5.88 3.3805
5.88 3.3159
5.89 3.2336
5.89 3.1370
5.9 3.0331
5.9 2.9255
5.91 2.8175
5.91 2.7140
5.92 2.6181
5.92 2.5355
5.93 2.4683
5.93 2.4188
5.94 2.3913
5.94 2.3828
5.95 2.3921
5.95 2.4195
5.96 2.4653
5.96 2.5284
5.97 2.6061
5.97 2.6943
5.98 2.7865
5.98 2.8788
5.99 2.9698
5.99 3.0576
6.0 3.1392
6.0 3.2172
6.01 3.2922
6.01 3.3592
6.02 3.4154
6.02 3.4606
6.03 3.4922
6.03 3.5075
6.04 3.5097
6.04 3.5010
6.05 3.4796
6.05 3.4494
6.06 3.4117
6.06 3.3672
6.07 3.3200
6.07 3.2687
6.08 3.2133
6.08 3.1585
6.09 3.1046
6.09 3.0505
6.1 2.9960
6.1 2.9422
6.11 2.8913
6.11 2.8411
6.12 2.7902
6.12 2.7398
6.13 2.6922
6.13 2.6464
6.14 2.6027
6.14 2.5650
6.15 2.5318
6.15 2.4997
6.16 2.4688
6.16 2.4393
6.17 2.4119
6.17 2.3878
6.18 2.3683
6.18 2.3550
6.19 2.3463
6.19 2.3410
6.2 2.3427
6.2 2.3537
6.21 2.3740
6.21 2.4044
6.22 2.4451
6.22 2.4962
6.23 2.5592
6.23 2.6317
6.24 2.7101
6.24 2.7953
6.25 2.8879
6.25 2.9839
6.26 3.0783
6.26 3.1696
6.27 3.2558
6.27 3.3355
6.28 3.4054
6.28 3.4642
6.29 3.5116
6.29 3.5450
6.3 3.5613
6.3 3.5585
6.31 3.5369
6.31 3.4991
6.32 3.4473
6.32 3.3824
6.33 3.3117
6.33 3.2401
6.34 3.1660
6.34 3.0900
6.35 3.0152
6.35 2.9473
6.36 2.8899
6.36 2.8419
6.37 2.8067
6.37 2.7885
6.38 2.7851
6.38 2.7961
6.39 2.8195
6.39 2.8488
6.4 2.8831
6.4 2.9220
6.41 2.9658
6.41 3.0141
6.42 3.0664
6.42 3.1217
6.43 3.1766
6.43 3.2314
6.44 3.2835
6.44 3.3288
6.45 3.3672
6.45 3.4040
6.46 3.4368
6.46 3.4586
6.47 3.4702
6.47 3.4733
6.48 3.4660
6.48 3.4472
6.49 3.4179
6.49 3.3797
6.5 3.3316
6.5 3.2718
6.51 3.2065
6.51 3.1390
6.52 3.0672
6.52 2.9903
6.53 2.9087
6.53 2.8238
6.54 2.7375
6.54 2.6526
6.55 2.5697
6.55 2.4902
6.56 2.4190
6.56 2.3608
6.57 2.3169
6.57 2.2863
6.58 2.2699
6.58 2.2731
6.59 2.2989
6.59 2.3418
6.6 2.3965
6.6 2.4611
6.61 2.5325
6.61 2.6066
6.62 2.6798
6.62 2.7482
6.63 2.8110
6.63 2.8654
6.64 2.9096
6.64 2.9445
6.65 2.9705
6.65 2.9848
6.66 2.9902
6.66 2.9923
6.67 2.9910
6.67 2.9837
6.68 2.9681
6.68 2.9495
6.69 2.9321
6.69 2.9185
6.7 2.9124
6.7 2.9130
6.71 2.9221
6.71 2.9439
6.72 2.9802
6.72 3.0286
6.73 3.0880
6.73 3.1574
6.74 3.2350
6.74 3.3163
6.75 3.3951
6.75 3.4700
6.76 3.5373
6.76 3.5959
6.77 3.6502
6.77 3.7026
6.78 3.7434
6.78 3.7617
6.79 3.7645
6.79 3.7526
6.8 3.7180
6.8 3.6630
6.81 3.5925
6.81 3.5099
6.82 3.4151
6.82 3.3058
6.83 3.1866
6.83 3.0611
6.84 2.9312
6.84 2.7981
6.85 2.6651
6.85 2.5406
6.86 2.4288
6.86 2.3323
6.87 2.2544
6.87 2.2021
6.88 2.1801
6.88 2.1860
6.89 2.2215
6.89 2.2860
6.9 2.3756
6.9 2.4857
6.91 2.6105
6.91 2.7437
6.92 2.8815
6.92 3.0202
6.93 3.1512
6.93 3.2710
6.94 3.3746
6.94 3.4572
6.95 3.5199
6.95 3.5618
6.96 3.5790
6.96 3.5698
6.97 3.5368
6.97 3.4807
6.98 3.4013
6.98 3.3040
6.99 3.1918
6.99 3.0674
7.0 2.9372
7.0 2.8073
7.01 2.6834
7.01 2.5686
7.02 2.4645
7.02 2.3732
7.03 2.2986
7.03 2.2471
7.04 2.2193
7.04 2.2127
7.05 2.2284
7.05 2.2652
7.06 2.3205
7.06 2.3917
7.07 2.4806
7.07 2.5827
7.08 2.6927
7.08 2.8066
7.09 2.9175
7.09 3.0223
7.1 3.1221
7.1 3.2191
7.11 3.3119
7.11 3.3954
7.12 3.4673
7.12 3.5258
7.13 3.5713
7.13 3.6051
7.14 3.6238
7.14 3.6304
7.15 3.6269
7.15 3.6128
7.16 3.5877
7.16 3.5568
7.17 3.5219
7.17 3.4816
7.18 3.4374
7.18 3.3885
7.19 3.3339
7.19 3.2746
7.2 3.2137
7.2 3.1529
7.21 3.0948
7.21 3.0392
7.22 2.9847
7.22 2.9337
7.23 2.8838
7.23 2.8335
7.24 2.7847
7.24 2.7412
7.25 2.7027
7.25 2.6654
7.26 2.6279
7.26 2.5943
7.27 2.5671
7.27 2.5435
7.28 2.5211
7.28 2.5013
7.29 2.4900
7.29 2.4868
7.3 2.4891
7.3 2.4980
7.31 2.5181
7.31 2.5486
7.32 2.5834
7.32 2.6218
7.33 2.6630
7.33 2.7054
7.34 2.7474
7.34 2.7893
7.35 2.8315
7.35 2.8730
7.36 2.9127
7.36 2.9522
7.37 2.9928
7.37 3.0325
7.38 3.0658
7.38 3.0906
7.39 3.1070
7.39 3.1150
7.4 3.1156
7.4 3.1092
7.41 3.0997
7.41 3.0897
7.42 3.0793
7.42 3.0703
7.43 3.0637
7.43 3.0593
7.44 3.0591
7.44 3.0629
7.45 3.0697
7.45 3.0811
7.46 3.0955
7.46 3.1130
7.47 3.1340
7.47 3.1531
7.48 3.1686
7.48 3.1860
7.49 3.2044
7.49 3.2165
7.5 3.2249
7.5 3.2363
7.51 3.2450
7.51 3.2447
7.52 3.2360
7.52 3.2172
7.53 3.1865
7.53 3.1451
7.54 3.0942
7.54 3.0340
7.55 2.9657
7.55 2.8939
7.56 2.8213
7.56 2.7512
7.57 2.6878
7.57 2.6310
7.58 2.5840
7.58 2.5473
7.59 2.5197
7.59 2.5070
7.6 2.5099
7.6 2.5235
7.61 2.5472
7.61 2.5830
7.62 2.6296
7.62 2.6802
7.63 2.7362
7.63 2.7986
7.64 2.8585
7.64 2.9143
7.65 2.9695
7.65 3.0176
7.66 3.0521
7.66 3.0730
7.67 3.0823
7.67 3.0834
7.68 3.0744
7.68 3.0543
7.69 3.0249
7.69 2.9917
7.7 2.9626
7.7 2.9395
7.71 2.9219
7.71 2.9095
7.72 2.9047
7.72 2.9093
7.73 2.9229
7.73 2.9470
7.74 2.9831
7.74 3.0296
7.75 3.0811
7.75 3.1348
7.76 3.1870
7.76 3.2332
7.77 3.2722
7.77 3.3022
7.78 3.3234
7.78 3.3382
7.79 3.3473
7.79 3.3485
7.8 3.3393
7.8 3.3201
7.81 3.2928
7.81 3.2569
7.82 3.2153
7.82 3.1711
7.83 3.1268
7.83 3.0826
7.84 3.0349
7.84 2.9840
7.85 2.9295
7.85 2.8731
7.86 2.8147
7.86 2.7546
7.87 2.6928
7.87 2.6335
7.88 2.5804
7.88 2.5308
7.89 2.4859
7.89 2.4485
7.9 2.4227
7.9 2.4092
7.91 2.4071
7.91 2.4183
7.92 2.4430
7.92 2.4834
7.93 2.5431
7.93 2.6174
7.94 2.6993
7.94 2.7866
7.95 2.8780
7.95 2.9712
7.96 3.0645
7.96 3.1530
7.97 3.2336
7.97 3.3050
7.98 3.3632
7.98 3.4098
7.99 3.4465
7.99 3.4681
8.0 3.4702
8.0 3.4606
8.01 3.4393
8.01 3.4049
8.02 3.3617
8.02 3.3078
8.03 3.2401
8.03 3.1615
8.04 3.0757
8.04 2.9832
8.05 2.8871
8.05 2.7930
8.06 2.7092
8.06 2.6408
8.07 2.5854
8.07 2.5415
8.08 2.5131
8.08 2.5008
8.09 2.5058
8.09 2.5291
8.1 2.5660
8.1 2.6152
8.11 2.6742
8.11 2.7366
8.12 2.8003
8.12 2.8630
8.13 2.9197
8.13 2.9696
8.14 3.0130
8.14 3.0464
8.15 3.0690
8.15 3.0807
8.16 3.0788
8.16 3.0633
8.17 3.0398
8.17 3.0101
8.18 2.9748
8.18 2.9381
8.19 2.9073
8.19 2.8858
8.2 2.8783
8.2 2.8844
8.21 2.8994
8.21 2.9238
8.22 2.9546
8.22 2.9901
8.23 3.0323
8.23 3.0785
8.24 3.1274
8.24 3.1807
8.25 3.2337
8.25 3.2794
8.26 3.3121
8.26 3.3278
8.27 3.3241
8.27 3.3002
8.28 3.2568
8.28 3.1938
8.29 3.1127
8.29 3.0226
8.3 2.9303
8.3 2.8389
8.31 2.7510
8.31 2.6672
8.32 2.5910
8.32 2.5297
8.33 2.4895
8.33 2.4732
8.34 2.4777
8.34 2.5001
8.35 2.5386
8.35 2.5902
8.36 2.6545
8.36 2.7271
8.37 2.8049
8.37 2.8829
8.38 2.9583
8.38 3.0289
8.39 3.0942
8.39 3.1527
8.4 3.1988
8.4 3.2371
8.41 3.2697
8.41 3.2926
8.42 3.3042
8.42 3.3049
8.43 3.2957
8.43 3.2779
8.44 3.2566
8.44 3.2328
8.45 3.2134
8.45 3.1985
8.46 3.1805
8.46 3.1598
8.47 3.1368
8.47 3.1106
8.48 3.0881
8.48 3.0704
8.49 3.0503
8.49 3.0293
8.5 3.0044
8.5 2.9722
8.51 2.9364
8.51 2.8965
8.52 2.8497
8.52 2.7977
8.53 2.7414
8.53 2.6846
8.54 2.6295
8.54 2.5757
8.55 2.5257
8.55 2.4812
8.56 2.4425
8.56 2.4125
8.57 2.3959
8.57 2.3937
8.58 2.4042
8.58 2.4261
8.59 2.4573
8.59 2.4970
8.6 2.5462
8.6 2.6058
8.61 2.6760
8.61 2.7544
8.62 2.8398
8.62 2.9294
8.63 3.0197
8.63 3.1092
8.64 3.1960
8.64 3.2777
8.65 3.3505
8.65 3.4170
8.66 3.4739
8.66 3.5151
8.67 3.5403
8.67 3.5463
8.68 3.5331
8.68 3.5038
8.69 3.4651
8.69 3.4164
8.7 3.3552
8.7 3.2849
8.71 3.2058
8.71 3.1208
8.72 3.0377
8.72 2.9598
8.73 2.8900
8.73 2.8352
8.74 2.7948
8.74 2.7660
8.75 2.7503
8.75 2.7505
8.76 2.7625
8.76 2.7809
8.77 2.8050
8.77 2.8346
8.78 2.8666
8.78 2.8992
8.79 2.9311
8.79 2.9615
8.8 2.9885
8.8 3.0086
8.81 3.0230
8.81 3.0284
8.82 3.0211
8.82 3.0014
8.83 2.9684
8.83 2.9243
8.84 2.8726
8.84 2.8193
8.85 2.7666
8.85 2.7156
8.86 2.6703
8.86 2.6378
8.87 2.6204
8.87 2.6149
8.88 2.6254
8.88 2.6523
8.89 2.6917
8.89 2.7411
8.9 2.7971
8.9 2.8565
8.91 2.9174
8.91 2.9762
8.92 3.0284
8.92 3.0724
8.93 3.1056
8.93 3.1254
8.94 3.1301
8.94 3.1186
8.95 3.0994
8.96 3.0754
8.96 3.0436
8.97 3.0036
8.97 2.9585
8.98 2.9110
8.98 2.8627
8.99 2.8162
8.99 2.7728
9.0 2.7356
9.0 2.7059
9.01 2.6885
9.01 2.6859
9.02 2.6958
9.02 2.7171
9.03 2.7496
9.03 2.7917
9.04 2.8431
9.04 2.9033
9.05 2.9673
9.05 3.0304
9.06 3.0902
9.06 3.1450
9.07 3.1945
9.07 3.2374
9.08 3.2700
9.08 3.2879
9.09 3.2885
9.09 3.2725
9.1 3.2417
9.1 3.2052
9.11 3.1638
9.11 3.1119
9.12 3.0512
9.12 2.9843
9.13 2.9136
9.13 2.8423
9.14 2.7730
9.14 2.7059
9.15 2.6442
9.15 2.5919
9.16 2.5499
9.16 2.5183
9.17 2.4985
9.17 2.4896
9.18 2.4911
9.18 2.5032
9.19 2.5234
9.19 2.5504
9.2 2.5820
9.2 2.6194
9.21 2.6632
9.21 2.7110
9.22 2.7594
9.22 2.8066
9.23 2.8548
9.23 2.8988
9.24 2.9334
9.24 2.9593
9.25 2.9794
9.25 2.9926
9.26 2.9982
9.26 3.0000
9.27 2.9994
9.27 2.9964
9.28 2.9930
9.28 2.9925
9.29 2.9960
9.29 3.0024
9.3 3.0123
9.3 3.0272
9.31 3.0482
9.31 3.0750
9.32 3.1066
9.32 3.1379
9.33 3.1645
9.33 3.1877
9.34 3.2107
9.34 3.2346
9.35 3.2543
9.35 3.2669
9.36 3.2711
9.36 3.2632
9.37 3.2471
9.37 3.2241
9.38 3.1954
9.38 3.1647
9.39 3.1316
9.39 3.0964
9.4 3.0605
9.4 3.0240
9.41 2.9911
9.41 2.9635
9.42 2.9378
9.42 2.9153
9.43 2.8991
9.43 2.8896
9.44 2.8849
9.44 2.8824
9.45 2.8799
9.45 2.8788
9.46 2.8815
9.46 2.8869
9.47 2.8941
9.47 2.9012
9.48 2.9069
9.48 2.9108
9.49 2.9104
9.49 2.9077
9.5 2.9020
9.5 2.8900
9.51 2.8735
9.51 2.8567
9.52 2.8382
9.52 2.8139
9.53 2.7844
9.53 2.7538
9.54 2.7221
9.54 2.6878
9.55 2.6539
9.55 2.6228
9.56 2.5955
9.56 2.5713
9.57 2.5504
9.57 2.5345
9.58 2.5242
9.58 2.5198
9.59 2.5239
9.59 2.5385
9.6 2.5612
9.6 2.5901
9.61 2.6277
9.61 2.6739
9.62 2.7296
9.62 2.7946
9.63 2.8631
9.63 2.9334
9.64 3.0047
9.64 3.0740
9.65 3.1392
9.65 3.1979
9.66 3.2506
9.66 3.2969
9.67 3.3354
9.67 3.3663
9.68 3.3878
9.68 3.3998
9.69 3.4023
9.69 3.3957
9.7 3.3825
9.7 3.3612
9.71 3.3303
9.71 3.2939
9.72 3.2569
9.72 3.2179
9.73 3.1755
9.73 3.1328
9.74 3.0886
9.74 3.0416
9.75 2.9915
9.75 2.9402
9.76 2.8890
9.76 2.8413
9.77 2.7990
9.77 2.7618
9.78 2.7334
9.78 2.7127
9.79 2.7010
9.79 2.6981
9.8 2.7053
9.8 2.7264
9.81 2.7579
9.81 2.7969
9.82 2.8411
9.82 2.8872
9.83 2.9378
9.83 2.9914
9.84 3.0396
9.84 3.0757
9.85 3.1009
9.85 3.1189
9.86 3.1271
9.86 3.1206
9.87 3.0998
9.87 3.0651
9.88 3.0154
9.88 2.9555
9.89 2.8897
9.89 2.8201
9.9 2.7487
9.9 2.6769
9.91 2.6091
9.91 2.5491
9.92 2.4994
9.92 2.4622
9.93 2.4396
9.93 2.4322
9.94 2.4412
9.94 2.4691
9.95 2.5158
9.95 2.5809
9.96 2.6614
9.96 2.7508
9.97 2.8461
9.97 2.9424
9.98 3.0366
9.98 3.1259
9.99 3.2063
9.99 3.2741
10.0 3.3281
