0.000 -218.8449
0.005 -218.9676
0.010 -219.0426
0.015 -219.0686
0.020 -219.0451
0.025 -218.9731
0.030 -218.8545
0.035 -218.6927
0.040 -218.4921
0.045 -218.2586
0.050 -217.9987
0.055 -217.7203
0.060 -217.4313
0.065 -217.1406
0.070 -216.8568
0.075 -216.5880
0.080 -216.3421
0.085 -216.1263
0.090 -215.9458
0.095 -215.8041
0.100 -215.7024
0.105 -215.6410
0.110 -215.6178
0.115 -215.6285
0.120 -215.6681
0.125 -215.7321
0.130 -215.8133
0.135 -215.9044
0.140 -215.9995
0.145 -216.0952
0.150 -216.1860
0.155 -216.2693
0.160 -216.3412
0.165 -216.4005
0.170 -216.4474
0.175 -216.4832
0.180 -216.5133
0.185 -216.5367
0.190 -216.5563
0.195 -216.5743
0.200 -216.5962
0.205 -216.6232
0.210 -216.6573
0.215 -216.7015
0.220 -216.7569
0.225 -216.8187
0.230 -216.8887
0.235 -216.9634
0.240 -217.0430
0.245 -217.1235
0.250 -217.2056
0.255 -217.2833
0.260 -217.3611
0.265 -217.4362
0.270 -217.5078
0.275 -217.5685
0.280 -217.6173
0.285 -217.6520
0.290 -217.6712
0.295 -217.6749
0.300 -217.6613
0.305 -217.6316
0.310 -217.5906
0.315 -217.5371
0.320 -217.4744
0.325 -217.4098
0.330 -217.3472
0.335 -217.2837
0.340 -217.2229
0.345 -217.1683
0.350 -217.1279
0.355 -217.0968
0.360 -217.0748
0.365 -217.0636
0.370 -217.0626
0.375 -217.0707
0.380 -217.0894
0.385 -217.1207
0.390 -217.1539
0.395 -217.1864
0.400 -217.2166
0.405 -217.2413
0.410 -217.2618
0.415 -217.2816
0.420 -217.2917
0.425 -217.2923
0.430 -217.2854
0.435 -217.2752
0.440 -217.2571
0.445 -217.2452
0.450 -217.2256
0.455 -217.2068
0.460 -217.1885
0.465 -217.1692
0.470 -217.1508
0.475 -217.1292
0.480 -217.1129
0.485 -217.0970
0.490 -217.0826
0.495 -217.0689
0.500 -217.0573
0.505 -217.0443
0.510 -217.0275
0.515 -217.0075
0.520 -216.9862
0.525 -216.9687
0.530 -216.9490
0.535 -216.9244
0.540 -216.9012
0.545 -216.8804
0.550 -216.8533
0.555 -216.8188
0.560 -216.7801
0.565 -216.7373
0.570 -216.6996
0.575 -216.6669
0.580 -216.6406
0.585 -216.6227
0.590 -216.6133
0.595 -216.6157
0.600 -216.6350
0.605 -216.6682
0.610 -216.7191
0.615 -216.7841
0.620 -216.8624
0.625 -216.9502
0.630 -217.0437
0.635 -217.1380
0.640 -217.2291
0.645 -217.3177
0.650 -217.3975
0.655 -217.4665
0.660 -217.5209
0.665 -217.5564
0.670 -217.5783
0.675 -217.5879
0.680 -217.5776
0.685 -217.5450
0.690 -217.4938
0.695 -217.4258
0.700 -217.3438
0.705 -217.2555
0.710 -217.1615
0.715 -217.0632
0.720 -216.9652
0.725 -216.8729
0.730 -216.7905
0.735 -216.7187
0.740 -216.6631
0.745 -216.6207
0.750 -216.5946
0.755 -216.5859
0.760 -216.5933
0.765 -216.6207
0.770 -216.6626
0.775 -216.7174
0.780 -216.7891
0.785 -216.8677
0.790 -216.9498
0.795 -217.0358
0.800 -217.1238
0.805 -217.2075
0.810 -217.3001
0.815 -217.3902
0.820 -217.4683
0.825 -217.5355
0.830 -217.5957
0.835 -217.6389
0.840 -217.6647
0.845 -217.6765
0.850 -217.6715
0.855 -217.6511
0.860 -217.6137
0.865 -217.5717
0.870 -217.5319
0.875 -217.4910
0.880 -217.4462
0.885 -217.4032
0.890 -217.3696
0.895 -217.3395
0.900 -217.3158
0.905 -217.2989
0.910 -217.2865
0.915 -217.2830
0.920 -217.2828
0.925 -217.2830
0.930 -217.2823
0.935 -217.2775
0.940 -217.2678
0.945 -217.2551
0.950 -217.2370
0.955 -217.2090
0.960 -217.1694
0.965 -217.1200
0.970 -217.0606
0.975 -216.9936
0.980 -216.9261
0.985 -216.8566
0.990 -216.7882
0.995 -216.7232
1.000 -216.6641
1.005 -216.6141
1.010 -216.5766
1.015 -216.5535
1.020 -216.5459
1.025 -216.5507
1.030 -216.5676
1.035 -216.5968
1.040 -216.6345
1.045 -216.6784
1.050 -216.7282
1.055 -216.7836
1.060 -216.8394
1.065 -216.8918
1.070 -216.9388
1.075 -216.9801
1.080 -217.0159
1.085 -217.0440
1.090 -217.0652
1.095 -217.0795
1.100 -217.0854
1.105 -217.0860
1.110 -217.0817
1.115 -217.0762
1.120 -217.0700
1.125 -217.0567
1.130 -217.0384
1.135 -217.0169
1.140 -216.9948
1.145 -216.9718
1.150 -216.9459
1.155 -216.9271
1.160 -216.9122
1.165 -216.9006
1.170 -216.8902
1.175 -216.8874
1.180 -216.8951
1.185 -216.9096
1.190 -216.9303
1.195 -216.9593
1.200 -216.9931
1.205 -217.0286
1.210 -217.0673
1.215 -217.1084
1.220 -217.1515
1.225 -217.1963
1.230 -217.2446
1.235 -217.2901
1.240 -217.3370
1.245 -217.3808
1.250 -217.4174
1.255 -217.4451
1.260 -217.4677
1.265 -217.4804
1.270 -217.4881
1.275 -217.4856
1.280 -217.4768
1.285 -217.4649
1.290 -217.4490
1.295 -217.4366
1.300 -217.4243
1.305 -217.4131
1.310 -217.4081
1.315 -217.4073
1.320 -217.4115
1.325 -217.4196
1.330 -217.4360
1.335 -217.4549
1.340 -217.4733
1.345 -217.4878
1.350 -217.4927
1.355 -217.4861
1.360 -217.4645
1.365 -217.4241
1.370 -217.3757
1.375 -217.3140
1.380 -217.2327
1.385 -217.1349
1.390 -217.0229
1.395 -216.9004
1.400 -216.7713
1.405 -216.6424
1.410 -216.5193
1.415 -216.4061
1.420 -216.3052
1.425 -216.2225
1.430 -216.1597
1.435 -216.1236
1.440 -216.1120
1.445 -216.1221
1.450 -216.1550
1.455 -216.2099
1.460 -216.2838
1.465 -216.3743
1.470 -216.4754
1.475 -216.5852
1.480 -216.7017
1.485 -216.8242
1.490 -216.9453
1.495 -217.0611
1.500 -217.1691
1.505 -217.2664
1.510 -217.3493
1.515 -217.4172
1.520 -217.4699
1.525 -217.5072
1.530 -217.5324
1.535 -217.5469
1.540 -217.5512
1.545 -217.5447
1.550 -217.5320
1.555 -217.5107
1.560 -217.4807
1.565 -217.4506
1.570 -217.4182
1.575 -217.3953
1.580 -217.3818
1.585 -217.3732
1.590 -217.3659
1.595 -217.3585
1.600 -217.3550
1.605 -217.3554
1.610 -217.3524
1.615 -217.3482
1.620 -217.3420
1.625 -217.3338
1.630 -217.3212
1.635 -217.3016
1.640 -217.2781
1.645 -217.2497
1.650 -217.2160
1.655 -217.1854
1.660 -217.1526
1.665 -217.1188
1.670 -217.0816
1.675 -217.0413
1.680 -217.0034
1.685 -216.9645
1.690 -216.9250
1.695 -216.8871
1.700 -216.8552
1.705 -216.8359
1.710 -216.8234
1.715 -216.8176
1.720 -216.8206
1.725 -216.8327
1.730 -216.8635
1.735 -216.9040
1.740 -216.9490
1.745 -216.9979
1.750 -217.0450
1.755 -217.0905
1.760 -217.1291
1.765 -217.1608
1.770 -217.1805
1.775 -217.1896
1.780 -217.1878
1.785 -217.1714
1.790 -217.1418
1.795 -217.1035
1.800 -217.0553
1.805 -216.9966
1.810 -216.9321
1.815 -216.8641
1.820 -216.7945
1.825 -216.7305
1.830 -216.6740
1.835 -216.6320
1.840 -216.6021
1.845 -216.5917
1.850 -216.6022
1.855 -216.6328
1.860 -216.6828
1.865 -216.7472
1.870 -216.8227
1.875 -216.9095
1.880 -217.0067
1.885 -217.1084
1.890 -217.2138
1.895 -217.3152
1.900 -217.4084
1.905 -217.4898
1.910 -217.5604
1.915 -217.6235
1.920 -217.6716
1.925 -217.7007
1.930 -217.7091
1.935 -217.6969
1.940 -217.6625
1.945 -217.6072
1.950 -217.5333
1.955 -217.4470
1.960 -217.3471
1.965 -217.2397
1.970 -217.1269
1.975 -217.0110
1.980 -216.8946
1.985 -216.7809
1.990 -216.6769
1.995 -216.5913
2.000 -216.5344
2.005 -216.4948
2.010 -216.4736
2.015 -216.4709
2.020 -216.4851
2.025 -216.5148
2.030 -216.5593
2.035 -216.6150
2.040 -216.6812
2.045 -216.7554
2.050 -216.8381
2.055 -216.9250
2.060 -217.0106
2.065 -217.0930
2.070 -217.1685
2.075 -217.2328
2.080 -217.2968
2.085 -217.3454
2.090 -217.3839
2.095 -217.4083
2.100 -217.4234
2.105 -217.4216
2.110 -217.4026
2.115 -217.3697
2.120 -217.3260
2.125 -217.2703
2.130 -217.2094
2.135 -217.1448
2.140 -217.0773
2.145 -217.0087
2.150 -216.9475
2.155 -216.8994
2.160 -216.8617
2.165 -216.8342
2.170 -216.8160
2.175 -216.8070
2.180 -216.8064
2.185 -216.8135
2.190 -216.8281
2.195 -216.8505
2.200 -216.8772
2.205 -216.9068
2.210 -216.9400
2.215 -216.9817
2.220 -217.0270
2.225 -217.0774
2.230 -217.1228
2.235 -217.1603
2.240 -217.1926
2.245 -217.2161
2.250 -217.2349
2.255 -217.2436
2.260 -217.2436
2.265 -217.2370
2.270 -217.2245
2.275 -217.2091
2.280 -217.1876
2.285 -217.1609
2.290 -217.1326
2.295 -217.1055
2.300 -217.0839
2.305 -217.0689
2.310 -217.0553
2.315 -217.0481
2.320 -217.0466
2.325 -217.0480
2.330 -217.0575
2.335 -217.0638
2.340 -217.0675
2.345 -217.0741
2.350 -217.0813
2.355 -217.0910
2.360 -217.0988
2.365 -217.1021
2.370 -217.0978
2.375 -217.0852
2.380 -217.0651
2.385 -217.0400
2.390 -217.0092
2.395 -216.9754
2.400 -216.9442
2.405 -216.9130
2.410 -216.8844
2.415 -216.8586
2.420 -216.8345
2.425 -216.8141
2.430 -216.7989
2.435 -216.7908
2.440 -216.7879
2.445 -216.7895
2.450 -216.7952
2.455 -216.8041
2.460 -216.8142
2.465 -216.8261
2.470 -216.8433
2.475 -216.8610
2.480 -216.8793
2.485 -216.8960
2.490 -216.9197
2.495 -216.9406
2.500 -216.9553
2.505 -216.9652
2.510 -216.9688
2.515 -216.9634
2.520 -216.9509
2.525 -216.9353
2.530 -216.9222
2.535 -216.9117
2.540 -216.9005
2.545 -216.8913
2.550 -216.8886
2.555 -216.8986
2.560 -216.9184
2.565 -216.9537
2.570 -217.0022
2.575 -217.0564
2.580 -217.1159
2.585 -217.1808
2.590 -217.2463
2.595 -217.3130
2.600 -217.3858
2.605 -217.4589
2.610 -217.5268
2.615 -217.5844
2.620 -217.6313
2.625 -217.6647
2.630 -217.6849
2.635 -217.6912
2.640 -217.6765
2.645 -217.6409
2.650 -217.5895
2.655 -217.5231
2.660 -217.4390
2.665 -217.3414
2.670 -217.2375
2.675 -217.1301
2.680 -217.0291
2.685 -216.9303
2.690 -216.8430
2.695 -216.7642
2.700 -216.6991
2.705 -216.6466
2.710 -216.6118
2.715 -216.5939
2.720 -216.5921
2.725 -216.6063
2.730 -216.6308
2.735 -216.6626
2.740 -216.6990
2.745 -216.7384
2.750 -216.7800
2.755 -216.8223
2.760 -216.8609
2.765 -216.8975
2.770 -216.9391
2.775 -216.9786
2.780 -217.0125
2.785 -217.0426
2.790 -217.0643
2.795 -217.0813
2.800 -217.0964
2.805 -217.1117
2.810 -217.1228
2.815 -217.1306
2.820 -217.1436
2.825 -217.1574
2.830 -217.1672
2.835 -217.1763
2.840 -217.1851
2.845 -217.1865
2.850 -217.1810
2.855 -217.1702
2.860 -217.1505
2.865 -217.1226
2.870 -217.0863
2.875 -217.0475
2.880 -217.0034
2.885 -216.9624
2.890 -216.9223
2.895 -216.8828
2.900 -216.8500
2.905 -216.8174
2.910 -216.7896
2.915 -216.7674
2.920 -216.7516
2.925 -216.7451
2.930 -216.7501
2.935 -216.7738
2.940 -216.8085
2.945 -216.8562
2.950 -216.9137
2.955 -216.9776
2.960 -217.0438
2.965 -217.1119
2.970 -217.1828
2.975 -217.2507
2.980 -217.3133
2.985 -217.3733
2.990 -217.4307
2.995 -217.4774
3.000 -217.5097
3.005 -217.5323
3.010 -217.5449
3.015 -217.5495
3.020 -217.5455
3.025 -217.5280
3.030 -217.5133
3.035 -217.4947
3.040 -217.4690
3.045 -217.4332
3.050 -217.3903
3.055 -217.3387
3.060 -217.2818
3.065 -217.2257
3.070 -217.1657
3.075 -217.1031
3.080 -217.0519
3.085 -217.0023
3.090 -216.9556
3.095 -216.9156
3.100 -216.8838
3.105 -216.8570
3.110 -216.8346
3.115 -216.8166
3.120 -216.8051
3.125 -216.7997
3.130 -216.8060
3.135 -216.8195
3.140 -216.8387
3.145 -216.8666
3.150 -216.8968
3.155 -216.9264
3.160 -216.9575
3.165 -216.9896
3.170 -217.0180
3.175 -217.0405
3.180 -217.0533
3.185 -217.0628
3.190 -217.0618
3.195 -217.0510
3.200 -217.0334
3.205 -217.0095
3.210 -216.9799
3.215 -216.9427
3.220 -216.9045
3.225 -216.8680
3.230 -216.8370
3.235 -216.8150
3.240 -216.8011
3.245 -216.7939
3.250 -216.7995
3.255 -216.8160
3.260 -216.8432
3.265 -216.8813
3.270 -216.9269
3.275 -216.9768
3.280 -217.0285
3.285 -217.0797
3.290 -217.1297
3.295 -217.1748
3.300 -217.2121
3.305 -217.2447
3.310 -217.2680
3.315 -217.2802
3.320 -217.2822
3.325 -217.2735
3.330 -217.2550
3.335 -217.2257
3.340 -217.1865
3.345 -217.1370
3.350 -217.0832
3.355 -217.0273
3.360 -216.9747
3.365 -216.9260
3.370 -216.8792
3.375 -216.8352
3.380 -216.7981
3.385 -216.7746
3.390 -216.7666
3.395 -216.7738
3.400 -216.7965
3.405 -216.8353
3.410 -216.8848
3.415 -216.9391
3.420 -216.9964
3.425 -217.0550
3.430 -217.1139
3.435 -217.1802
3.440 -217.2393
3.445 -217.2897
3.450 -217.3284
3.455 -217.3548
3.460 -217.3675
3.465 -217.3693
3.470 -217.3621
3.475 -217.3449
3.480 -217.3196
3.485 -217.2886
3.490 -217.2543
3.495 -217.2178
3.500 -217.1911
3.505 -217.1755
3.510 -217.1718
3.515 -217.1757
3.520 -217.1885
3.525 -217.2058
3.530 -217.2308
3.535 -217.2607
3.540 -217.2918
3.545 -217.3221
3.550 -217.3507
3.555 -217.3842
3.560 -217.4142
3.565 -217.4338
3.570 -217.4411
3.575 -217.4368
3.580 -217.4202
3.585 -217.3981
3.590 -217.3666
3.595 -217.3291
3.600 -217.2905
3.605 -217.2491
3.610 -217.2004
3.615 -217.1490
3.620 -217.0979
3.625 -217.0469
3.630 -216.9976
3.635 -216.9518
3.640 -216.9079
3.645 -216.8672
3.650 -216.8320
3.655 -216.8010
3.660 -216.7741
3.665 -216.7517
3.670 -216.7327
3.675 -216.7201
3.680 -216.7110
3.685 -216.7012
3.690 -216.6896
3.695 -216.6769
3.700 -216.6652
3.705 -216.6548
3.710 -216.6431
3.715 -216.6322
3.720 -216.6229
3.725 -216.6241
3.730 -216.6326
3.735 -216.6456
3.740 -216.6633
3.745 -216.6872
3.750 -216.7186
3.755 -216.7580
3.760 -216.8016
3.765 -216.8458
3.770 -216.8905
3.775 -216.9342
3.780 -216.9802
3.785 -217.0241
3.790 -217.0647
3.795 -217.1024
3.800 -217.1371
3.805 -217.1721
3.810 -217.2046
3.815 -217.2369
3.820 -217.2728
3.825 -217.3082
3.830 -217.3415
3.835 -217.3698
3.840 -217.3935
3.845 -217.4145
3.850 -217.4313
3.855 -217.4451
3.860 -217.4571
3.865 -217.4654
3.870 -217.4685
3.875 -217.4674
3.880 -217.4621
3.885 -217.4522
3.890 -217.4366
3.895 -217.4173
3.900 -217.3945
3.905 -217.3694
3.910 -217.3451
3.915 -217.3192
3.920 -217.2918
3.925 -217.2687
3.930 -217.2526
3.935 -217.2384
3.940 -217.2213
3.945 -217.2018
3.950 -217.1870
3.955 -217.1745
3.960 -217.1614
3.965 -217.1442
3.970 -217.1231
3.975 -217.1016
3.980 -217.0826
3.985 -217.0586
3.990 -217.0317
3.995 -217.0009
4.000 -216.9657
4.005 -216.9268
4.010 -216.8862
4.015 -216.8475
4.020 -216.8096
4.025 -216.7725
4.030 -216.7409
4.035 -216.7130
4.040 -216.6897
4.045 -216.6770
4.050 -216.6752
4.055 -216.6804
4.060 -216.6912
4.065 -216.7086
4.070 -216.7276
4.075 -216.7524
4.080 -216.7782
4.085 -216.8020
4.090 -216.8235
4.095 -216.8400
4.100 -216.8489
4.105 -216.8507
4.110 -216.8474
4.115 -216.8342
4.120 -216.8125
4.125 -216.7871
4.130 -216.7587
4.135 -216.7263
4.140 -216.6909
4.145 -216.6559
4.150 -216.6248
4.155 -216.5985
4.160 -216.5802
4.165 -216.5712
4.170 -216.5727
4.175 -216.5912
4.180 -216.6235
4.185 -216.6677
4.190 -216.7258
4.195 -216.7927
4.200 -216.8716
4.205 -216.9588
4.210 -217.0469
4.215 -217.1352
4.220 -217.2223
4.225 -217.3070
4.230 -217.3924
4.235 -217.4697
4.240 -217.5377
4.245 -217.5955
4.250 -217.6420
4.255 -217.6777
4.260 -217.7004
4.265 -217.7097
4.270 -217.7070
4.275 -217.6955
4.280 -217.6745
4.285 -217.6494
4.290 -217.6188
4.295 -217.5802
4.300 -217.5376
4.305 -217.4916
4.310 -217.4386
4.315 -217.3803
4.320 -217.3297
4.325 -217.2820
4.330 -217.2372
4.335 -217.1998
4.340 -217.1613
4.345 -217.1285
4.350 -217.0960
4.355 -217.0612
4.360 -217.0300
4.365 -216.9984
4.370 -216.9669
4.375 -216.9354
4.380 -216.9130
4.385 -216.8952
4.390 -216.8791
4.395 -216.8638
4.400 -216.8450
4.405 -216.8225
4.410 -216.7962
4.415 -216.7673
4.420 -216.7369
4.425 -216.7071
4.430 -216.6819
4.435 -216.6580
4.440 -216.6363
4.445 -216.6196
4.450 -216.6103
4.455 -216.6096
4.460 -216.6164
4.465 -216.6283
4.470 -216.6448
4.475 -216.6690
4.480 -216.7003
4.485 -216.7379
4.490 -216.7799
4.495 -216.8278
4.500 -216.8789
4.505 -216.9293
4.510 -216.9807
4.515 -217.0332
4.520 -217.0830
4.525 -217.1293
4.530 -217.1711
4.535 -217.2110
4.540 -217.2448
4.545 -217.2696
4.550 -217.2877
4.555 -217.2971
4.560 -217.2963
4.565 -217.2903
4.570 -217.2782
4.575 -217.2594
4.580 -217.2328
4.585 -217.2061
4.590 -217.1746
4.595 -217.1383
4.600 -217.1036
4.605 -217.0690
4.610 -217.0337
4.615 -217.0045
4.620 -216.9800
4.625 -216.9590
4.630 -216.9446
4.635 -216.9395
4.640 -216.9469
4.645 -216.9595
4.650 -216.9789
4.655 -217.0115
4.660 -217.0541
4.665 -217.1069
4.670 -217.1645
4.675 -217.2245
4.680 -217.2918
4.685 -217.3578
4.690 -217.4130
4.695 -217.4534
4.700 -217.4819
4.705 -217.4954
4.710 -217.4913
4.715 -217.4716
4.720 -217.4343
4.725 -217.3816
4.730 -217.3154
4.735 -217.2424
4.740 -217.1611
4.745 -217.0771
4.750 -217.0021
4.755 -216.9388
4.760 -216.8907
4.765 -216.8532
4.770 -216.8278
4.775 -216.8156
4.780 -216.8200
4.785 -216.8373
4.790 -216.8708
4.795 -216.9152
4.800 -216.9654
4.805 -217.0197
4.810 -217.0759
4.815 -217.1330
4.820 -217.1861
4.825 -217.2312
4.830 -217.2697
4.835 -217.3017
4.840 -217.3215
4.845 -217.3266
4.850 -217.3221
4.855 -217.3085
4.860 -217.2817
4.865 -217.2449
4.870 -217.2035
4.875 -217.1604
4.880 -217.1132
4.885 -217.0630
4.890 -217.0144
4.895 -216.9686
4.900 -216.9236
4.905 -216.8813
4.910 -216.8436
4.915 -216.8112
4.920 -216.7858
4.925 -216.7708
4.930 -216.7640
4.935 -216.7667
4.940 -216.7767
4.945 -216.7938
4.950 -216.8197
4.955 -216.8555
4.960 -216.8968
4.965 -216.9419
4.970 -216.9879
4.975 -217.0342
4.980 -217.0769
4.985 -217.1195
4.990 -217.1591
4.995 -217.1937
5.000 -217.2249
5.005 -217.2512
5.010 -217.2653
5.015 -217.2686
5.020 -217.2633
5.025 -217.2488
5.030 -217.2257
5.035 -217.1950
5.040 -217.1600
5.045 -217.1251
5.050 -217.0942
5.055 -217.0608
5.060 -217.0266
5.065 -216.9945
5.070 -216.9627
5.075 -216.9335
5.080 -216.9077
5.085 -216.8877
5.090 -216.8842
5.095 -216.8869
5.100 -216.8978
5.105 -216.9172
5.110 -216.9426
5.115 -216.9754
5.120 -217.0171
5.125 -217.0652
5.130 -217.1092
5.135 -217.1521
5.140 -217.1915
5.145 -217.2249
5.150 -217.2565
5.155 -217.2828
5.160 -217.2974
5.165 -217.3025
5.170 -217.3007
5.175 -217.2927
5.180 -217.2806
5.185 -217.2667
5.190 -217.2525
5.195 -217.2412
5.200 -217.2372
5.205 -217.2411
5.210 -217.2470
5.215 -217.2537
5.220 -217.2591
5.225 -217.2653
5.230 -217.2721
5.235 -217.2781
5.240 -217.2785
5.245 -217.2716
5.250 -217.2553
5.255 -217.2368
5.260 -217.2135
5.265 -217.1867
5.270 -217.1554
5.275 -217.1203
5.280 -217.0860
5.285 -217.0524
5.290 -217.0182
5.295 -216.9865
5.300 -216.9601
5.305 -216.9342
5.310 -216.9113
5.315 -216.8970
5.320 -216.8920
5.325 -216.8962
5.330 -216.9057
5.335 -216.9238
5.340 -216.9464
5.345 -216.9758
5.350 -217.0156
5.355 -217.0561
5.360 -217.0967
5.365 -217.1398
5.370 -217.1767
5.375 -217.2093
5.380 -217.2377
5.385 -217.2531
5.390 -217.2542
5.395 -217.2396
5.400 -217.2093
5.405 -217.1647
5.410 -217.1091
5.415 -217.0473
5.420 -216.9829
5.425 -216.9181
5.430 -216.8551
5.435 -216.7948
5.440 -216.7403
5.445 -216.6944
5.450 -216.6598
5.455 -216.6415
5.460 -216.6379
5.465 -216.6462
5.470 -216.6643
5.475 -216.6910
5.480 -216.7314
5.485 -216.7840
5.490 -216.8388
5.495 -216.8989
5.500 -216.9607
5.505 -217.0231
5.510 -217.0821
5.515 -217.1383
5.520 -217.1900
5.525 -217.2340
5.530 -217.2747
5.535 -217.3113
5.540 -217.3389
5.545 -217.3587
5.550 -217.3723
5.555 -217.3829
5.560 -217.3902
5.565 -217.3946
5.570 -217.3945
5.575 -217.3869
5.580 -217.3739
5.585 -217.3604
5.590 -217.3429
5.595 -217.3228
5.600 -217.2998
5.605 -217.2741
5.610 -217.2465
5.615 -217.2180
5.620 -217.1911
5.625 -217.1640
5.630 -217.1473
5.635 -217.1324
5.640 -217.1110
5.645 -217.0828
5.650 -217.0499
5.655 -217.0317
5.660 -217.0113
5.665 -216.9816
5.670 -216.9442
5.675 -216.9016
5.680 -216.8573
5.685 -216.8094
5.690 -216.7605
5.695 -216.7232
5.700 -216.6929
5.705 -216.6663
5.710 -216.6460
5.715 -216.6316
5.720 -216.6243
5.725 -216.6253
5.730 -216.6412
5.735 -216.6659
5.740 -216.6944
5.745 -216.7259
5.750 -216.7634
5.755 -216.8064
5.760 -216.8508
5.765 -216.8979
5.770 -216.9462
5.775 -216.9932
5.780 -217.0377
5.785 -217.0789
5.790 -217.1233
5.795 -217.1667
5.800 -217.2060
5.805 -217.2428
5.810 -217.2752
5.815 -217.3047
5.820 -217.3342
5.825 -217.3593
5.830 -217.3787
5.835 -217.3926
5.840 -217.4009
5.845 -217.4028
5.850 -217.3993
5.855 -217.3866
5.860 -217.3669
5.865 -217.3417
5.870 -217.3082
5.875 -217.2742
5.880 -217.2286
5.885 -217.1748
5.890 -217.1141
5.895 -217.0473
5.900 -216.9759
5.905 -216.9047
5.910 -216.8345
5.915 -216.7690
5.920 -216.7130
5.925 -216.6697
5.930 -216.6396
5.935 -216.6232
5.940 -216.6219
5.945 -216.6378
5.950 -216.6713
5.955 -216.7178
5.960 -216.7767
5.965 -216.8478
5.970 -216.9233
5.975 -217.0034
5.980 -217.0793
5.985 -217.1534
5.990 -217.2183
5.995 -217.2689
6.000 -217.3056
6.005 -217.3304
6.010 -217.3405
6.015 -217.3361
6.020 -217.3277
6.025 -217.3138
6.030 -217.2909
6.035 -217.2579
6.040 -217.2178
6.045 -217.1705
6.050 -217.1218
6.055 -217.0807
6.060 -217.0358
6.065 -216.9871
6.070 -216.9384
6.075 -216.8950
6.080 -216.8580
6.085 -216.8258
6.090 -216.7968
6.095 -216.7711
6.100 -216.7529
6.105 -216.7405
6.110 -216.7345
6.115 -216.7373
6.120 -216.7467
6.125 -216.7599
6.130 -216.7775
6.135 -216.8006
6.140 -216.8273
6.145 -216.8563
6.150 -216.8873
6.155 -216.9176
6.160 -216.9507
6.165 -216.9834
6.170 -217.0151
6.175 -217.0427
6.180 -217.0690
6.185 -217.0927
6.190 -217.1125
6.195 -217.1306
6.200 -217.1470
6.205 -217.1632
6.210 -217.1717
6.215 -217.1725
6.220 -217.1660
6.225 -217.1489
6.230 -217.1233
6.235 -217.0931
6.240 -217.0612
6.245 -217.0231
6.250 -216.9794
6.255 -216.9434
6.260 -216.9138
6.265 -216.8893
6.270 -216.8678
6.275 -216.8520
6.280 -216.8441
6.285 -216.8450
6.290 -216.8552
6.295 -216.8723
6.300 -216.8972
6.305 -216.9327
6.310 -216.9788
6.315 -217.0301
6.320 -217.0919
6.325 -217.1534
6.330 -217.2109
6.335 -217.2603
6.340 -217.2985
6.345 -217.3227
6.350 -217.3326
6.355 -217.3320
6.360 -217.3186
6.365 -217.2879
6.370 -217.2409
6.375 -217.1853
6.380 -217.1217
6.385 -217.0529
6.390 -216.9775
6.395 -216.9014
6.400 -216.8332
6.405 -216.7728
6.410 -216.7203
6.415 -216.6772
6.420 -216.6461
6.425 -216.6289
6.430 -216.6273
6.435 -216.6416
6.440 -216.6714
6.445 -216.7131
6.450 -216.7651
6.455 -216.8242
6.460 -216.8916
6.465 -216.9698
6.470 -217.0483
6.475 -217.1240
6.480 -217.1945
6.485 -217.2548
6.490 -217.3020
6.495 -217.3387
6.500 -217.3673
6.505 -217.3877
6.510 -217.3991
6.515 -217.3981
6.520 -217.3876
6.525 -217.3739
6.530 -217.3500
6.535 -217.3188
6.540 -217.2800
6.545 -217.2397
6.550 -217.2017
6.555 -217.1635
6.560 -217.1233
6.565 -217.0800
6.570 -217.0366
6.575 -216.9979
6.580 -216.9621
6.585 -216.9299
6.590 -216.9033
6.595 -216.8804
6.600 -216.8665
6.605 -216.8639
6.610 -216.8719
6.615 -216.8868
6.620 -216.9057
6.625 -216.9276
6.630 -216.9634
6.635 -217.0045
6.640 -217.0447
6.645 -217.0840
6.650 -217.1210
6.655 -217.1608
6.660 -217.2052
6.665 -217.2488
6.670 -217.2852
6.675 -217.3127
6.680 -217.3265
6.685 -217.3264
6.690 -217.3119
6.695 -217.2869
6.700 -217.2511
6.705 -217.2060
6.710 -217.1567
6.715 -217.1023
6.720 -217.0476
6.725 -216.9945
6.730 -216.9464
6.735 -216.9083
6.740 -216.8766
6.745 -216.8514
6.750 -216.8334
6.755 -216.8218
6.760 -216.8212
6.765 -216.8269
6.770 -216.8350
6.775 -216.8510
6.780 -216.8724
6.785 -216.8919
6.790 -216.9077
6.795 -216.9179
6.800 -216.9235
6.805 -216.9269
6.810 -216.9250
6.815 -216.9203
6.820 -216.9111
6.825 -216.9030
6.830 -216.8952
6.835 -216.8911
6.840 -216.8980
6.845 -216.9075
6.850 -216.9219
6.855 -216.9377
6.860 -216.9577
6.865 -216.9776
6.870 -216.9990
6.875 -217.0241
6.880 -217.0524
6.885 -217.0864
6.890 -217.1229
6.895 -217.1610
6.900 -217.1960
6.905 -217.2291
6.910 -217.2592
6.915 -217.2837
6.920 -217.3042
6.925 -217.3200
6.930 -217.3327
6.935 -217.3416
6.940 -217.3454
6.945 -217.3435
6.950 -217.3341
6.955 -217.3179
6.960 -217.2920
6.965 -217.2626
6.970 -217.2288
6.975 -217.1915
6.980 -217.1527
6.985 -217.1156
6.990 -217.0794
6.995 -217.0428
7.000 -217.0093
7.005 -216.9808
7.010 -216.9597
7.015 -216.9492
7.020 -216.9396
7.025 -216.9296
7.030 -216.9242
7.035 -216.9200
7.040 -216.9200
7.045 -216.9192
7.050 -216.9173
7.055 -216.9143
7.060 -216.9092
7.065 -216.9015
7.070 -216.8923
7.075 -216.8823
7.080 -216.8750
7.085 -216.8754
7.090 -216.8812
7.095 -216.8904
7.100 -216.9024
7.105 -216.9225
7.110 -216.9455
7.115 -216.9743
7.120 -217.0061
7.125 -217.0396
7.130 -217.0732
7.135 -217.1052
7.140 -217.1378
7.145 -217.1698
7.150 -217.1923
7.155 -217.2058
7.160 -217.2128
7.165 -217.2122
7.170 -217.2017
7.175 -217.1890
7.180 -217.1689
7.185 -217.1401
7.190 -217.1034
7.195 -217.0627
7.200 -217.0167
7.205 -216.9707
7.210 -216.9293
7.215 -216.8918
7.220 -216.8594
7.225 -216.8324
7.230 -216.8118
7.235 -216.7965
7.240 -216.7854
7.245 -216.7852
7.250 -216.7952
7.255 -216.8157
7.260 -216.8428
7.265 -216.8730
7.270 -216.9036
7.275 -216.9311
7.280 -216.9551
7.285 -216.9845
7.290 -217.0112
7.295 -217.0322
7.300 -217.0511
7.305 -217.0597
7.310 -217.0593
7.315 -217.0508
7.320 -217.0346
7.325 -217.0172
7.330 -217.0023
7.335 -216.9855
7.340 -216.9664
7.345 -216.9500
7.350 -216.9382
7.355 -216.9298
7.360 -216.9274
7.365 -216.9330
7.370 -216.9498
7.375 -216.9771
7.380 -217.0165
7.385 -217.0688
7.390 -217.1301
7.395 -217.1933
7.400 -217.2547
7.405 -217.3152
7.410 -217.3719
7.415 -217.4208
7.420 -217.4600
7.425 -217.4841
7.430 -217.4985
7.435 -217.4928
7.440 -217.4725
7.445 -217.4362
7.450 -217.3851
7.455 -217.3193
7.460 -217.2427
7.465 -217.1618
7.470 -217.0836
7.475 -217.0088
7.480 -216.9403
7.485 -216.8800
7.490 -216.8298
7.495 -216.7920
7.500 -216.7679
7.505 -216.7543
7.510 -216.7541
7.515 -216.7650
7.520 -216.7906
7.525 -216.8224
7.530 -216.8597
7.535 -216.8999
7.540 -216.9400
7.545 -216.9779
7.550 -217.0185
7.555 -217.0585
7.560 -217.0905
7.565 -217.1192
7.570 -217.1408
7.575 -217.1485
7.580 -217.1433
7.585 -217.1239
7.590 -217.0908
7.595 -217.0452
7.600 -216.9886
7.605 -216.9229
7.610 -216.8579
7.615 -216.7928
7.620 -216.7316
7.625 -216.6788
7.630 -216.6338
7.635 -216.5962
7.640 -216.5708
7.645 -216.5639
7.650 -216.5722
7.655 -216.5935
7.660 -216.6285
7.665 -216.6785
7.670 -216.7386
7.675 -216.8087
7.680 -216.8841
7.685 -216.9600
7.690 -217.0335
7.695 -217.1039
7.700 -217.1675
7.705 -217.2210
7.710 -217.2614
7.715 -217.2897
7.720 -217.3073
7.725 -217.3258
7.730 -217.3286
7.735 -217.3153
7.740 -217.2902
7.745 -217.2583
7.750 -217.2206
7.755 -217.1733
7.760 -217.1261
7.765 -217.0791
7.770 -217.0317
7.775 -216.9892
7.780 -216.9537
7.785 -216.9250
7.790 -216.9094
7.795 -216.9149
7.800 -216.9301
7.805 -216.9577
7.810 -216.9979
7.815 -217.0465
7.820 -217.1009
7.825 -217.1598
7.830 -217.2175
7.835 -217.2721
7.840 -217.3261
7.845 -217.3707
7.850 -217.4122
7.855 -217.4458
7.860 -217.4665
7.865 -217.4772
7.870 -217.4730
7.875 -217.4581
7.880 -217.4298
7.885 -217.3874
7.890 -217.3318
7.895 -217.2688
7.900 -217.2018
7.905 -217.1365
7.910 -217.0751
7.915 -217.0256
7.920 -216.9831
7.925 -216.9437
7.930 -216.9079
7.935 -216.8793
7.940 -216.8510
7.945 -216.8237
7.950 -216.7970
7.955 -216.7693
7.960 -216.7422
7.965 -216.7155
7.970 -216.6883
7.975 -216.6609
7.980 -216.6380
7.985 -216.6200
7.990 -216.6009
7.995 -216.5814
8.000 -216.5628
8.005 -216.5490
8.010 -216.5410
8.015 -216.5383
8.020 -216.5431
8.025 -216.5569
8.030 -216.5799
8.035 -216.6124
8.040 -216.6528
8.045 -216.7057
8.050 -216.7675
8.055 -216.8305
8.060 -216.8993
8.065 -216.9702
8.070 -217.0408
8.075 -217.1076
8.080 -217.1644
8.085 -217.2095
8.090 -217.2431
8.095 -217.2635
8.100 -217.2733
8.105 -217.2715
8.110 -217.2621
8.115 -217.2421
8.120 -217.2137
8.125 -217.1795
8.130 -217.1395
8.135 -217.0970
8.140 -217.0573
8.145 -217.0234
8.150 -216.9940
8.155 -216.9706
8.160 -216.9543
8.165 -216.9496
8.170 -216.9583
8.175 -216.9768
8.180 -217.0067
8.185 -217.0514
8.190 -217.1016
8.195 -217.1558
8.200 -217.2081
8.205 -217.2587
8.210 -217.3070
8.215 -217.3530
8.220 -217.3959
8.225 -217.4356
8.230 -217.4625
8.235 -217.4801
8.240 -217.4829
8.245 -217.4727
8.250 -217.4499
8.255 -217.4156
8.260 -217.3797
8.265 -217.3413
8.270 -217.2999
8.275 -217.2552
8.280 -217.2058
8.285 -217.1549
8.290 -217.1018
8.295 -217.0499
8.300 -217.0056
8.305 -216.9645
8.310 -216.9295
8.315 -216.9009
8.320 -216.8864
8.325 -216.8781
8.330 -216.8782
8.335 -216.8820
8.340 -216.8964
8.345 -216.9152
8.350 -216.9387
8.355 -216.9664
8.360 -216.9910
8.365 -217.0107
8.370 -217.0227
8.375 -217.0273
8.380 -217.0201
8.385 -217.0005
8.390 -216.9684
8.395 -216.9274
8.400 -216.8790
8.405 -216.8246
8.410 -216.7674
8.415 -216.7107
8.420 -216.6549
8.425 -216.6013
8.430 -216.5512
8.435 -216.5094
8.440 -216.4756
8.445 -216.4542
8.450 -216.4453
8.455 -216.4506
8.460 -216.4704
8.465 -216.5080
8.470 -216.5583
8.475 -216.6207
8.480 -216.6928
8.485 -216.7717
8.490 -216.8539
8.495 -216.9387
8.500 -217.0219
8.505 -217.1047
8.510 -217.1817
8.515 -217.2508
8.520 -217.3078
8.525 -217.3599
8.530 -217.4036
8.535 -217.4362
8.540 -217.4513
8.545 -217.4523
8.550 -217.4426
8.555 -217.4202
8.560 -217.3893
8.565 -217.3527
8.570 -217.3125
8.575 -217.2653
8.580 -217.2154
8.585 -217.1663
8.590 -217.1158
8.595 -217.0679
8.600 -217.0274
8.605 -216.9946
8.610 -216.9647
8.615 -216.9415
8.620 -216.9273
8.625 -216.9321
8.630 -216.9514
8.635 -216.9763
8.640 -217.0042
8.645 -217.0343
8.650 -217.0792
8.655 -217.1245
8.660 -217.1668
8.665 -217.2052
8.670 -217.2397
8.675 -217.2699
8.680 -217.3001
8.685 -217.3295
8.690 -217.3534
8.695 -217.3703
8.700 -217.3749
8.705 -217.3693
8.710 -217.3552
8.715 -217.3278
8.720 -217.2902
8.725 -217.2423
8.730 -217.1858
8.735 -217.1215
8.740 -217.0511
8.745 -216.9780
8.750 -216.9089
8.755 -216.8395
8.760 -216.7753
8.765 -216.7173
8.770 -216.6650
8.775 -216.6231
8.780 -216.5868
8.785 -216.5583
8.790 -216.5372
8.795 -216.5237
8.800 -216.5184
8.805 -216.5243
8.810 -216.5375
8.815 -216.5590
8.820 -216.5892
8.825 -216.6301
8.830 -216.6805
8.835 -216.7434
8.840 -216.8117
8.845 -216.8911
8.850 -216.9726
8.855 -217.0521
8.860 -217.1281
8.865 -217.1971
8.870 -217.2548
8.875 -217.2976
8.880 -217.3268
8.885 -217.3477
8.890 -217.3535
8.895 -217.3500
8.900 -217.3363
8.905 -217.3096
8.910 -217.2745
8.915 -217.2310
8.920 -217.1862
8.925 -217.1424
8.930 -217.0976
8.935 -217.0565
8.940 -217.0223
8.945 -216.9935
8.950 -216.9689
8.955 -216.9492
8.960 -216.9368
8.965 -216.9329
8.970 -216.9345
8.975 -216.9413
8.980 -216.9530
8.985 -216.9702
8.990 -216.9901
8.995 -217.0098
9.000 -217.0346
9.005 -217.0617
9.010 -217.0904
9.015 -217.1211
9.020 -217.1599
9.025 -217.1982
9.030 -217.2300
9.035 -217.2545
9.040 -217.2804
9.045 -217.2992
9.050 -217.3103
9.055 -217.3176
9.060 -217.3214
9.065 -217.3171
9.070 -217.3048
9.075 -217.2836
9.080 -217.2514
9.085 -217.2112
9.090 -217.1659
9.095 -217.1184
9.100 -217.0679
9.105 -217.0194
9.110 -216.9747
9.115 -216.9307
9.120 -216.8866
9.125 -216.8460
9.130 -216.8103
9.135 -216.7828
9.140 -216.7599
9.145 -216.7456
9.150 -216.7375
9.155 -216.7382
9.160 -216.7475
9.165 -216.7696
9.170 -216.7995
9.175 -216.8371
9.180 -216.8808
9.185 -216.9292
9.190 -216.9820
9.195 -217.0345
9.200 -217.0873
9.205 -217.1374
9.210 -217.1818
9.215 -217.2187
9.220 -217.2515
9.225 -217.2741
9.230 -217.2841
9.235 -217.2882
9.240 -217.2864
9.245 -217.2784
9.250 -217.2639
9.255 -217.2384
9.260 -217.2047
9.265 -217.1697
9.270 -217.1343
9.275 -217.0976
9.280 -217.0641
9.285 -217.0329
9.290 -217.0039
9.295 -216.9783
9.300 -216.9570
9.305 -216.9436
9.310 -216.9385
9.315 -216.9357
9.320 -216.9341
9.325 -216.9348
9.330 -216.9440
9.335 -216.9565
9.340 -216.9705
9.345 -216.9892
9.350 -217.0087
9.355 -217.0313
9.360 -217.0522
9.365 -217.0665
9.370 -217.0800
9.375 -217.0899
9.380 -217.0994
9.385 -217.1056
9.390 -217.1073
9.395 -217.1017
9.400 -217.0947
9.405 -217.0824
9.410 -217.0644
9.415 -217.0435
9.420 -217.0211
9.425 -216.9997
9.430 -216.9764
9.435 -216.9553
9.440 -216.9386
9.445 -216.9193
9.450 -216.8970
9.455 -216.8702
9.460 -216.8382
9.465 -216.8052
9.470 -216.7722
9.475 -216.7455
9.480 -216.7189
9.485 -216.6927
9.490 -216.6695
9.495 -216.6507
9.500 -216.6436
9.505 -216.6464
9.510 -216.6596
9.515 -216.6852
9.520 -216.7262
9.525 -216.7802
9.530 -216.8488
9.535 -216.9238
9.540 -217.0008
9.545 -217.0781
9.550 -217.1585
9.555 -217.2379
9.560 -217.3146
9.565 -217.3801
9.570 -217.4359
9.575 -217.4792
9.580 -217.5266
9.585 -217.5639
9.590 -217.5819
9.595 -217.5797
9.600 -217.5616
9.605 -217.5329
9.610 -217.4873
9.615 -217.4347
9.620 -217.3714
9.625 -217.3011
9.630 -217.2267
9.635 -217.1438
9.640 -217.0554
9.645 -216.9680
9.650 -216.8863
9.655 -216.8179
9.660 -216.7613
9.665 -216.7169
9.670 -216.6890
9.675 -216.6722
9.680 -216.6661
9.685 -216.6728
9.690 -216.6960
9.695 -216.7290
9.700 -216.7735
9.705 -216.8290
9.710 -216.8928
9.715 -216.9606
9.720 -217.0297
9.725 -217.0993
9.730 -217.1646
9.735 -217.2251
9.740 -217.2775
9.745 -217.3233
9.750 -217.3672
9.755 -217.4110
9.760 -217.4480
9.765 -217.4745
9.770 -217.4904
9.775 -217.4967
9.780 -217.4934
9.785 -217.4777
9.790 -217.4464
9.795 -217.3994
9.800 -217.3385
9.805 -217.2666
9.810 -217.1830
9.815 -217.0903
9.820 -216.9890
9.825 -216.8831
9.830 -216.7826
9.835 -216.6853
9.840 -216.5887
9.845 -216.4981
9.850 -216.4151
9.855 -216.3437
9.860 -216.2857
9.865 -216.2442
9.870 -216.2206
9.875 -216.2154
9.880 -216.2324
9.885 -216.2681
9.890 -216.3217
9.895 -216.3920
9.900 -216.4754
9.905 -216.5681
9.910 -216.6670
9.915 -216.7687
9.920 -216.8712
9.925 -216.9696
9.930 -217.0561
9.935 -217.1303
9.940 -217.1945
9.945 -217.2452
9.950 -217.2822
9.955 -217.3036
9.960 -217.3125
9.965 -217.3084
9.970 -217.2997
9.975 -217.2893
9.980 -217.2733
9.985 -217.2545
9.990 -217.2333
9.995 -217.2128
