0.0 4.8000
0.005 4.8632
0.01 4.9382
0.015 4.9641
0.02 4.9407
0.025 4.8688
0.03 4.7504
0.035 4.5888
0.04 4.3885
0.045 4.1553
0.05 3.8960
0.055 3.6180
0.06 3.3296
0.065 3.0394
0.07 2.7561
0.075 2.4877
0.08 2.2423
0.085 2.0267
0.09 1.8464
0.095 1.7048
0.1 1.6034
0.105 1.5419
0.11 1.5184
0.115 1.5288
0.12 1.5679
0.125 1.6310
0.13 1.7117
0.135 1.8024
0.14 1.8982
0.145 1.9940
0.15 2.0848
0.155 2.1677
0.16 2.2397
0.165 2.2992
0.17 2.3463
0.175 2.3822
0.18 2.4109
0.185 2.4348
0.19 2.4542
0.195 2.4722
0.2 2.4937
0.205 2.5214
0.21 2.5559
0.215 2.6004
0.22 2.6550
0.225 2.7171
0.23 2.7859
0.235 2.8617
0.24 2.9416
0.245 3.0215
0.25 3.1012
0.255 3.1788
0.26 3.2539
0.265 3.3276
0.27 3.3973
0.275 3.4580
0.28 3.5065
0.285 3.5411
0.29 3.5599
0.295 3.5632
0.3 3.5498
0.305 3.5206
0.31 3.4793
0.315 3.4260
0.32 3.3633
0.325 3.2990
0.33 3.2362
0.335 3.1728
0.34 3.1122
0.345 3.0591
0.35 3.0182
0.355 2.9871
0.36 2.9638
0.365 2.9522
0.37 2.9510
0.375 2.9579
0.38 2.9752
0.385 3.0033
0.39 3.0362
0.395 3.0689
0.4 3.0988
0.405 3.1234
0.41 3.1466
0.415 3.1668
0.42 3.1771
0.425 3.1771
0.43 3.1691
0.435 3.1561
0.44 3.1445
0.445 3.1326
0.45 3.1136
0.455 3.0944
0.46 3.0764
0.465 3.0560
0.47 3.0361
0.475 3.0161
0.48 2.9976
0.485 2.9821
0.49 2.9670
0.495 2.9541
0.5 2.9428
0.505 2.9295
0.51 2.9127
0.515 2.8924
0.52 2.8732
0.525 2.8553
0.53 2.8349
0.535 2.8105
0.54 2.7876
0.545 2.7666
0.55 2.7395
0.555 2.7052
0.56 2.6658
0.565 2.6245
0.57 2.5856
0.575 2.5525
0.58 2.5270
0.585 2.5095
0.59 2.5005
0.595 2.5040
0.6 2.5227
0.605 2.5561
0.61 2.6057
0.615 2.6717
0.62 2.7503
0.625 2.8384
0.63 2.9315
0.635 3.0257
0.64 3.1165
0.645 3.2029
0.65 3.2838
0.655 3.3530
0.66 3.4062
0.665 3.4428
0.67 3.4649
0.675 3.4738
0.68 3.4634
0.685 3.4304
0.69 3.3793
0.695 3.3117
0.7 3.2294
0.705 3.1393
0.71 3.0449
0.715 2.9468
0.72 2.8498
0.725 2.7575
0.73 2.6739
0.735 2.6046
0.74 2.5492
0.745 2.5072
0.75 2.4818
0.755 2.4730
0.76 2.4827
0.765 2.5099
0.77 2.5508
0.775 2.6076
0.78 2.6785
0.785 2.7571
0.79 2.8390
0.795 2.9261
0.8 3.0140
0.805 3.1021
0.81 3.1939
0.815 3.2824
0.82 3.3602
0.825 3.4307
0.83 3.4909
0.835 3.5332
0.84 3.5594
0.845 3.5702
0.85 3.5653
0.855 3.5444
0.86 3.5072
0.865 3.4655
0.87 3.4262
0.875 3.3846
0.88 3.3399
0.885 3.2989
0.89 3.2648
0.895 3.2342
0.9 3.2101
0.905 3.1939
0.91 3.1811
0.915 3.1753
0.92 3.1750
0.925 3.1742
0.93 3.1729
0.935 3.1680
0.94 3.1574
0.945 3.1424
0.95 3.1225
0.955 3.0940
0.96 3.0552
0.965 3.0064
0.97 2.9476
0.975 2.8809
0.98 2.8111
0.985 2.7420
0.99 2.6736
0.995 2.6089
1.0 2.5497
1.01 2.5003
1.01 2.4628
1.02 2.4388
1.02 2.4303
1.03 2.4353
1.03 2.4529
1.03 2.4821
1.04 2.5196
1.04 2.5640
1.05 2.6153
1.05 2.6705
1.06 2.7259
1.06 2.7782
1.07 2.8253
1.07 2.8670
1.08 2.9024
1.08 2.9306
1.09 2.9514
1.09 2.9655
1.1 2.9721
1.1 2.9723
1.11 2.9684
1.11 2.9638
1.12 2.9576
1.12 2.9443
1.13 2.9255
1.13 2.9046
1.14 2.8824
1.14 2.8587
1.15 2.8367
1.15 2.8186
1.16 2.8039
1.16 2.7922
1.17 2.7836
1.17 2.7826
1.18 2.7912
1.18 2.8068
1.19 2.8280
1.19 2.8560
1.2 2.8896
1.2 2.9255
1.21 2.9647
1.21 3.0063
1.22 3.0490
1.22 3.0959
1.23 3.1447
1.23 3.1901
1.24 3.2338
1.24 3.2766
1.25 3.3131
1.25 3.3420
1.26 3.3636
1.26 3.3760
1.27 3.3817
1.27 3.3799
1.28 3.3712
1.28 3.3589
1.29 3.3444
1.29 3.3316
1.3 3.3193
1.3 3.3075
1.31 3.3020
1.31 3.3016
1.32 3.3052
1.32 3.3133
1.33 3.3275
1.33 3.3470
1.34 3.3652
1.34 3.3781
1.35 3.3823
1.35 3.3757
1.36 3.3542
1.36 3.3153
1.37 3.2655
1.37 3.2035
1.38 3.1229
1.38 3.0255
1.39 2.9135
1.39 2.7905
1.4 2.6620
1.4 2.5327
1.41 2.4092
1.41 2.2964
1.42 2.1960
1.42 2.1128
1.43 2.0521
1.43 2.0165
1.44 2.0049
1.44 2.0150
1.45 2.0472
1.45 2.1014
1.46 2.1755
1.46 2.2659
1.47 2.3674
1.47 2.4780
1.48 2.5942
1.48 2.7147
1.49 2.8362
1.49 2.9513
1.5 3.0583
1.5 3.1546
1.51 3.2376
1.51 3.3064
1.52 3.3593
1.52 3.3969
1.53 3.4222
1.53 3.4368
1.54 3.4412
1.54 3.4371
1.55 3.4245
1.55 3.4033
1.56 3.3742
1.56 3.3421
1.57 3.3108
1.57 3.2875
1.58 3.2750
1.58 3.2656
1.59 3.2576
1.59 3.2510
1.6 3.2484
1.6 3.2490
1.61 3.2464
1.61 3.2417
1.62 3.2359
1.62 3.2276
1.63 3.2145
1.63 3.1959
1.64 3.1724
1.64 3.1437
1.65 3.1119
1.65 3.0797
1.66 3.0470
1.66 3.0135
1.67 2.9762
1.67 2.9368
1.68 2.8984
1.68 2.8597
1.69 2.8207
1.69 2.7844
1.7 2.7559
1.7 2.7367
1.71 2.7244
1.71 2.7185
1.72 2.7204
1.72 2.7325
1.73 2.7597
1.73 2.7999
1.74 2.8460
1.74 2.8947
1.75 2.9425
1.75 2.9875
1.76 3.0263
1.76 3.0571
1.77 3.0769
1.77 3.0834
1.78 3.0786
1.78 3.0627
1.79 3.0342
1.79 2.9965
1.8 2.9487
1.8 2.8913
1.81 2.8280
1.81 2.7594
1.82 2.6901
1.82 2.6262
1.83 2.5708
1.83 2.5265
1.84 2.4978
1.84 2.4883
1.85 2.5005
1.85 2.5317
1.86 2.5802
1.86 2.6443
1.87 2.7204
1.87 2.8082
1.88 2.9044
1.88 3.0065
1.89 3.1118
1.89 3.2134
1.9 3.3063
1.9 3.3876
1.91 3.4586
1.91 3.5209
1.92 3.5686
1.92 3.5977
1.93 3.6076
1.93 3.5954
1.94 3.5611
1.94 3.5054
1.95 3.4313
1.95 3.3441
1.96 3.2450
1.96 3.1370
1.97 3.0235
1.97 2.9076
1.98 2.7915
1.98 2.6780
1.99 2.5753
1.99 2.4950
2.0 2.4376
2.0 2.3985
2.01 2.3777
2.01 2.3748
2.02 2.3885
2.02 2.4178
2.03 2.4615
2.03 2.5172
2.04 2.5829
2.04 2.6570
2.05 2.7394
2.05 2.8262
2.06 2.9119
2.06 2.9943
2.07 3.0693
2.07 3.1376
2.08 3.1992
2.08 3.2507
2.09 3.2889
2.09 3.3146
2.1 3.3280
2.1 3.3255
2.11 3.3065
2.11 3.2750
2.12 3.2325
2.12 3.1786
2.13 3.1169
2.13 3.0518
2.14 2.9844
2.14 2.9166
2.15 2.8579
2.15 2.8100
2.16 2.7718
2.16 2.7447
2.17 2.7265
2.17 2.7177
2.18 2.7172
2.18 2.7238
2.19 2.7377
2.19 2.7588
2.2 2.7852
2.2 2.8158
2.21 2.8507
2.21 2.8915
2.22 2.9375
2.22 2.9862
2.23 3.0313
2.23 3.0686
2.24 3.0996
2.24 3.1230
2.25 3.1397
2.25 3.1487
2.26 3.1482
2.26 3.1417
2.27 3.1296
2.27 3.1131
2.28 3.0917
2.28 3.0657
2.29 3.0371
2.29 3.0104
2.3 2.9910
2.3 2.9765
2.31 2.9633
2.31 2.9560
2.32 2.9551
2.32 2.9603
2.33 2.9696
2.33 2.9760
2.34 2.9813
2.34 2.9886
2.35 2.9963
2.35 3.0047
2.36 3.0130
2.36 3.0160
2.37 3.0117
2.37 2.9993
2.38 2.9793
2.38 2.9532
2.39 2.9230
2.39 2.8902
2.4 2.8574
2.4 2.8265
2.41 2.7981
2.41 2.7722
2.42 2.7480
2.42 2.7270
2.43 2.7120
2.43 2.7035
2.44 2.7004
2.44 2.7022
2.45 2.7082
2.45 2.7168
2.46 2.7272
2.46 2.7399
2.47 2.7561
2.47 2.7747
2.48 2.7929
2.48 2.8098
2.49 2.8290
2.49 2.8495
2.5 2.8648
2.5 2.8738
2.51 2.8765
2.51 2.8712
2.52 2.8589
2.52 2.8426
2.53 2.8277
2.53 2.8162
2.54 2.8050
2.54 2.7969
2.55 2.7979
2.55 2.8082
2.56 2.8283
2.56 2.8646
2.57 2.9127
2.57 2.9666
2.58 3.0262
2.58 3.0905
2.59 3.1570
2.59 3.2234
2.6 3.2928
2.6 3.3651
2.61 3.4327
2.61 3.4907
2.62 3.5371
2.62 3.5699
2.63 3.5904
2.63 3.5966
2.64 3.5818
2.64 3.5476
2.65 3.4963
2.65 3.4285
2.66 3.3454
2.66 3.2484
2.67 3.1448
2.67 3.0408
2.68 2.9392
2.68 2.8435
2.69 2.7563
2.69 2.6781
2.7 2.6121
2.7 2.5616
2.71 2.5275
2.71 2.5098
2.72 2.5090
2.72 2.5233
2.73 2.5478
2.73 2.5795
2.74 2.6153
2.74 2.6541
2.75 2.6965
2.75 2.7390
2.76 2.7772
2.76 2.8140
2.77 2.8535
2.77 2.8917
2.78 2.9265
2.78 2.9566
2.79 2.9783
2.79 2.9952
2.8 3.0115
2.8 3.0260
2.81 3.0368
2.81 3.0450
2.82 3.0561
2.82 3.0695
2.83 3.0793
2.83 3.0891
2.84 3.0977
2.84 3.0992
2.85 3.0941
2.85 3.0828
2.86 3.0636
2.86 3.0356
2.87 2.9995
2.87 2.9593
2.88 2.9157
2.88 2.8727
2.89 2.8330
2.89 2.7960
2.9 2.7626
2.9 2.7311
2.91 2.7038
2.91 2.6818
2.92 2.6665
2.92 2.6603
2.93 2.6654
2.93 2.6861
2.94 2.7218
2.94 2.7696
2.95 2.8275
2.95 2.8911
2.96 2.9572
2.96 3.0260
2.97 3.0963
2.97 3.1640
2.98 3.2271
2.98 3.2885
2.99 3.3458
2.99 3.3915
3.0 3.4245
3.0 3.4476
3.01 3.4611
3.01 3.4651
3.02 3.4600
3.02 3.4449
3.03 3.4279
3.03 3.4095
3.04 3.3826
3.04 3.3474
3.05 3.3045
3.05 3.2532
3.06 3.1985
3.06 3.1425
3.07 3.0825
3.07 3.0221
3.08 2.9680
3.08 2.9190
3.09 2.8726
3.09 2.8326
3.1 2.8007
3.1 2.7745
3.11 2.7519
3.11 2.7338
3.12 2.7225
3.12 2.7170
3.13 2.7209
3.13 2.7341
3.14 2.7548
3.14 2.7833
3.15 2.8131
3.15 2.8434
3.16 2.8740
3.16 2.9045
3.17 2.9323
3.17 2.9530
3.18 2.9664
3.18 2.9731
3.19 2.9723
3.19 2.9611
3.2 2.9430
3.2 2.9200
3.21 2.8900
3.21 2.8530
3.22 2.8142
3.22 2.7798
3.23 2.7511
3.23 2.7290
3.24 2.7141
3.24 2.7068
3.25 2.7101
3.25 2.7264
3.26 2.7539
3.26 2.7917
3.27 2.8367
3.27 2.8858
3.28 2.9370
3.28 2.9884
3.29 3.0380
3.29 3.0832
3.3 3.1210
3.3 3.1520
3.31 3.1757
3.31 3.1889
3.32 3.1908
3.32 3.1817
3.33 3.1623
3.33 3.1331
3.34 3.0942
3.34 3.0450
3.35 2.9909
3.35 2.9353
3.36 2.8824
3.36 2.8340
3.37 2.7873
3.37 2.7438
3.38 2.7072
3.38 2.6829
3.39 2.6741
3.39 2.6822
3.4 2.7086
3.4 2.7474
3.41 2.7953
3.41 2.8498
3.42 2.9072
3.42 2.9673
3.43 3.0291
3.43 3.0916
3.44 3.1504
3.44 3.2007
3.45 3.2395
3.45 3.2659
3.46 3.2790
3.46 3.2812
3.47 3.2741
3.47 3.2573
3.48 3.2322
3.48 3.2012
3.49 3.1668
3.49 3.1308
3.5 3.1041
3.5 3.0887
3.51 3.0824
3.51 3.0882
3.52 3.1008
3.52 3.1196
3.53 3.1465
3.53 3.1769
3.54 3.2085
3.54 3.2389
3.55 3.2694
3.55 3.3034
3.56 3.3336
3.56 3.3533
3.57 3.3603
3.57 3.3541
3.58 3.3389
3.58 3.3164
3.59 3.2867
3.59 3.2502
3.6 3.2101
3.6 3.1672
3.61 3.1182
3.61 3.0668
3.62 3.0159
3.62 2.9649
3.63 2.9159
3.63 2.8697
3.64 2.8262
3.64 2.7864
3.65 2.7518
3.65 2.7211
3.66 2.6939
3.66 2.6708
3.67 2.6516
3.67 2.6378
3.68 2.6283
3.68 2.6185
3.69 2.6067
3.69 2.5932
3.7 2.5810
3.7 2.5701
3.71 2.5591
3.71 2.5481
3.72 2.5409
3.72 2.5431
3.73 2.5516
3.73 2.5636
3.74 2.5810
3.74 2.6047
3.75 2.6357
3.75 2.6733
3.76 2.7158
3.76 2.7603
3.77 2.8048
3.77 2.8497
3.78 2.8955
3.78 2.9400
3.79 2.9807
3.79 3.0182
3.8 3.0533
3.8 3.0870
3.81 3.1196
3.81 3.1531
3.82 3.1892
3.82 3.2247
3.83 3.2579
3.83 3.2862
3.84 3.3097
3.84 3.3303
3.85 3.3487
3.85 3.3648
3.86 3.3766
3.86 3.3842
3.87 3.3879
3.87 3.3860
3.88 3.3812
3.88 3.3722
3.89 3.3573
3.89 3.3375
3.9 3.3144
3.9 3.2906
3.91 3.2668
3.91 3.2412
3.92 3.2137
3.92 3.1899
3.93 3.1736
3.93 3.1590
3.94 3.1418
3.94 3.1254
3.95 3.1103
3.95 3.0957
3.96 3.0820
3.96 3.0653
3.97 3.0444
3.97 3.0253
3.98 3.0058
3.98 2.9822
3.99 2.9559
3.99 2.9243
4.0 2.8891
4.0 2.8506
4.01 2.8103
4.01 2.7713
4.02 2.7336
4.02 2.6977
4.03 2.6658
4.03 2.6378
4.04 2.6148
4.04 2.6018
4.05 2.5997
4.05 2.6044
4.06 2.6147
4.06 2.6306
4.07 2.6498
4.07 2.6730
4.08 2.6988
4.08 2.7225
4.09 2.7438
4.09 2.7603
4.1 2.7692
4.1 2.7713
4.11 2.7670
4.11 2.7539
4.12 2.7324
4.12 2.7072
4.13 2.6786
4.13 2.6460
4.14 2.6107
4.14 2.5762
4.15 2.5454
4.15 2.5196
4.16 2.5016
4.16 2.4931
4.17 2.4964
4.17 2.5149
4.18 2.5472
4.18 2.5914
4.19 2.6479
4.19 2.7159
4.2 2.7956
4.2 2.8829
4.21 2.9708
4.21 3.0588
4.22 3.1462
4.22 3.2333
4.23 3.3188
4.23 3.3960
4.24 3.4637
4.24 3.5214
4.25 3.5671
4.25 3.6021
4.26 3.6251
4.26 3.6343
4.27 3.6324
4.27 3.6213
4.28 3.6000
4.28 3.5727
4.29 3.5425
4.29 3.5042
4.3 3.4606
4.3 3.4137
4.31 3.3609
4.31 3.3031
4.32 3.2485
4.32 3.2003
4.33 3.1552
4.33 3.1156
4.34 3.0784
4.34 3.0438
4.35 3.0111
4.35 2.9779
4.36 2.9456
4.36 2.9140
4.37 2.8824
4.37 2.8533
4.38 2.8297
4.38 2.8104
4.39 2.7943
4.39 2.7788
4.4 2.7602
4.4 2.7376
4.41 2.7116
4.41 2.6828
4.42 2.6525
4.42 2.6247
4.43 2.5996
4.43 2.5754
4.44 2.5543
4.44 2.5374
4.45 2.5270
4.45 2.5264
4.46 2.5331
4.46 2.5448
4.47 2.5615
4.47 2.5857
4.48 2.6183
4.48 2.6567
4.49 2.7002
4.49 2.7478
4.5 2.7981
4.5 2.8482
4.51 2.8999
4.51 2.9526
4.52 3.0021
4.52 3.0482
4.53 3.0897
4.53 3.1278
4.54 3.1612
4.54 3.1864
4.55 3.2041
4.55 3.2133
4.56 3.2121
4.56 3.2052
4.57 3.1941
4.57 3.1753
4.58 3.1509
4.58 3.1230
4.59 3.0917
4.59 3.0555
4.6 3.0196
4.6 2.9854
4.61 2.9509
4.61 2.9211
4.62 2.8965
4.62 2.8758
4.63 2.8619
4.63 2.8570
4.64 2.8620
4.64 2.8749
4.65 2.8955
4.65 2.9275
4.66 2.9712
4.66 3.0244
4.67 3.0826
4.67 3.1455
4.68 3.2118
4.68 3.2756
4.69 3.3301
4.69 3.3709
4.7 3.3984
4.7 3.4117
4.71 3.4082
4.71 3.3884
4.72 3.3520
4.72 3.2994
4.73 3.2332
4.73 3.1586
4.74 3.0778
4.74 2.9951
4.75 2.9192
4.75 2.8566
4.76 2.8080
4.76 2.7703
4.77 2.7444
4.77 2.7316
4.78 2.7339
4.78 2.7524
4.79 2.7851
4.79 2.8287
4.8 2.8789
4.8 2.9328
4.81 2.9896
4.81 3.0468
4.82 3.0994
4.82 3.1451
4.83 3.1842
4.83 3.2153
4.84 3.2347
4.84 3.2405
4.85 3.2367
4.85 3.2228
4.86 3.1962
4.86 3.1604
4.87 3.1209
4.87 3.0779
4.88 3.0303
4.88 2.9802
4.89 2.9313
4.89 2.8857
4.9 2.8410
4.9 2.7989
4.91 2.7612
4.91 2.7291
4.92 2.7041
4.92 2.6886
4.93 2.6827
4.93 2.6854
4.94 2.6955
4.94 2.7138
4.95 2.7400
4.95 2.7749
4.96 2.8162
4.96 2.8608
4.97 2.9072
4.97 2.9531
4.98 2.9956
4.98 3.0372
4.99 3.0784
4.99 3.1136
5.0 3.1456
5.0 3.1718
5.01 3.1858
5.01 3.1892
5.02 3.1833
5.02 3.1684
5.03 3.1454
5.03 3.1149
5.04 3.0813
5.04 3.0467
5.05 3.0121
5.05 2.9779
5.06 2.9435
5.06 2.9106
5.07 2.8788
5.07 2.8494
5.08 2.8234
5.08 2.8056
5.09 2.7996
5.09 2.8023
5.1 2.8125
5.1 2.8316
5.11 2.8572
5.11 2.8901
5.12 2.9329
5.12 2.9803
5.13 3.0239
5.13 3.0662
5.14 3.1065
5.14 3.1410
5.15 3.1725
5.15 3.1981
5.16 3.2132
5.16 3.2188
5.17 3.2170
5.17 3.2091
5.18 3.1972
5.18 3.1837
5.19 3.1709
5.19 3.1606
5.2 3.1570
5.2 3.1603
5.21 3.1661
5.21 3.1728
5.22 3.1779
5.22 3.1846
5.23 3.1912
5.23 3.1949
5.24 3.1957
5.24 3.1888
5.25 3.1758
5.25 3.1579
5.26 3.1351
5.26 3.1082
5.27 3.0768
5.27 3.0428
5.28 3.0072
5.28 2.9727
5.29 2.9399
5.29 2.9105
5.3 2.8842
5.3 2.8585
5.31 2.8375
5.31 2.8236
5.32 2.8191
5.32 2.8232
5.33 2.8345
5.33 2.8527
5.34 2.8752
5.34 2.9057
5.35 2.9443
5.35 2.9846
5.36 3.0252
5.36 3.0665
5.37 3.1042
5.37 3.1384
5.38 3.1663
5.38 3.1817
5.39 3.1830
5.39 3.1676
5.4 3.1373
5.4 3.0941
5.41 3.0387
5.41 2.9771
5.42 2.9143
5.42 2.8508
5.43 2.7880
5.43 2.7280
5.44 2.6739
5.44 2.6284
5.45 2.5940
5.45 2.5750
5.46 2.5713
5.46 2.5796
5.47 2.5977
5.47 2.6239
5.48 2.6645
5.48 2.7171
5.49 2.7719
5.49 2.8299
5.5 2.8910
5.5 2.9521
5.51 3.0105
5.51 3.0660
5.52 3.1176
5.52 3.1618
5.53 3.2024
5.53 3.2389
5.54 3.2669
5.54 3.2880
5.55 3.3012
5.55 3.3098
5.56 3.3170
5.56 3.3222
5.57 3.3219
5.57 3.3143
5.58 3.3013
5.58 3.2861
5.59 3.2686
5.59 3.2478
5.6 3.2253
5.6 3.1999
5.61 3.1726
5.61 3.1458
5.62 3.1193
5.62 3.0936
5.63 3.0754
5.63 3.0606
5.64 3.0394
5.64 3.0113
5.65 2.9818
5.65 2.9590
5.66 2.9376
5.66 2.9075
5.67 2.8700
5.67 2.8283
5.68 2.7840
5.68 2.7362
5.69 2.6895
5.69 2.6522
5.7 2.6221
5.7 2.5960
5.71 2.5759
5.71 2.5617
5.72 2.5541
5.72 2.5567
5.73 2.5723
5.73 2.5966
5.74 2.6253
5.74 2.6569
5.75 2.6947
5.75 2.7383
5.76 2.7836
5.76 2.8317
5.77 2.8805
5.77 2.9271
5.78 2.9712
5.78 3.0140
5.79 3.0577
5.79 3.1010
5.8 3.1406
5.8 3.1769
5.81 3.2098
5.81 3.2405
5.82 3.2698
5.82 3.2952
5.83 3.3149
5.83 3.3293
5.84 3.3385
5.84 3.3413
5.85 3.3376
5.85 3.3254
5.86 3.3064
5.86 3.2813
5.87 3.2509
5.87 3.2148
5.88 3.1691
5.88 3.1150
5.89 3.0547
5.89 2.9878
5.9 2.9168
5.9 2.8456
5.91 2.7758
5.91 2.7101
5.92 2.6550
5.92 2.6119
5.93 2.5813
5.93 2.5650
5.94 2.5637
5.94 2.5792
5.95 2.6120
5.95 2.6590
5.96 2.7183
5.96 2.7878
5.97 2.8644
5.97 2.9438
5.98 3.0195
5.98 3.0914
5.99 3.1560
5.99 3.2073
6.0 3.2437
6.0 3.2672
6.01 3.2776
6.01 3.2732
6.02 3.2613
6.02 3.2463
6.03 3.2236
6.03 3.1910
6.04 3.1509
6.04 3.1051
6.05 3.0613
6.05 3.0202
6.06 2.9753
6.06 2.9265
6.07 2.8769
6.07 2.8330
6.08 2.7962
6.08 2.7632
6.09 2.7340
6.09 2.7098
6.1 2.6920
6.1 2.6794
6.11 2.6738
6.11 2.6769
6.12 2.6858
6.12 2.6990
6.13 2.7174
6.13 2.7410
6.14 2.7674
6.14 2.7965
6.15 2.8278
6.15 2.8582
6.16 2.8892
6.16 2.9225
6.17 2.9540
6.17 2.9820
6.18 3.0086
6.18 3.0320
6.19 3.0525
6.19 3.0703
6.2 3.0877
6.2 3.1040
6.21 3.1121
6.21 3.1124
6.22 3.1048
6.22 3.0878
6.23 3.0617
6.23 3.0313
6.24 2.9985
6.24 2.9604
6.25 2.9173
6.25 2.8782
6.26 2.8479
6.26 2.8232
6.27 2.8026
6.27 2.7879
6.28 2.7807
6.28 2.7818
6.29 2.7912
6.29 2.8080
6.3 2.8329
6.3 2.8681
6.31 2.9129
6.31 2.9675
6.32 3.0287
6.32 3.0904
6.33 3.1480
6.33 3.1974
6.34 3.2359
6.34 3.2603
6.35 3.2722
6.35 3.2731
6.36 3.2596
6.36 3.2293
6.37 3.1825
6.37 3.1261
6.38 3.0632
6.38 2.9935
6.39 2.9185
6.39 2.8444
6.4 2.7757
6.4 2.7140
6.41 2.6617
6.41 2.6187
6.42 2.5876
6.42 2.5711
6.43 2.5696
6.43 2.5828
6.44 2.6113
6.44 2.6534
6.45 2.7058
6.45 2.7653
6.46 2.8332
6.46 2.9099
6.47 2.9888
6.47 3.0651
6.48 3.1356
6.48 3.1957
6.49 3.2433
6.49 3.2800
6.5 3.3097
6.5 3.3304
6.51 3.3409
6.51 3.3413
6.52 3.3310
6.52 3.3143
6.53 3.2900
6.53 3.2582
6.54 3.2201
6.54 3.1780
6.55 3.1383
6.55 3.1000
6.56 3.0593
6.56 3.0157
6.57 2.9734
6.57 2.9351
6.58 2.8997
6.58 2.8682
6.59 2.8411
6.59 2.8198
6.6 2.8080
6.6 2.8081
6.61 2.8169
6.61 2.8316
6.62 2.8504
6.62 2.8727
6.63 2.9062
6.63 2.9472
6.64 2.9884
6.64 3.0276
6.65 3.0668
6.65 3.1093
6.66 3.1517
6.66 3.1930
6.67 3.2292
6.67 3.2560
6.68 3.2702
6.68 3.2702
6.69 3.2572
6.69 3.2326
6.7 3.1977
6.7 3.1552
6.71 3.1064
6.71 3.0524
6.72 2.9963
6.72 2.9425
6.73 2.8952
6.73 2.8562
6.74 2.8252
6.74 2.7999
6.75 2.7814
6.75 2.7703
6.76 2.7686
6.76 2.7741
6.77 2.7832
6.77 2.7980
6.78 2.8181
6.78 2.8375
6.79 2.8524
6.79 2.8628
6.8 2.8687
6.8 2.8714
6.81 2.8693
6.81 2.8626
6.82 2.8552
6.82 2.8481
6.83 2.8400
6.83 2.8370
6.84 2.8433
6.84 2.8538
6.85 2.8667
6.85 2.8845
6.86 2.9044
6.86 2.9237
6.87 2.9450
6.87 2.9702
6.88 3.0003
6.88 3.0331
6.89 3.0687
6.89 3.1060
6.9 3.1411
6.9 3.1748
6.91 3.2044
6.91 3.2287
6.92 3.2491
6.92 3.2661
6.93 3.2805
6.93 3.2889
6.94 3.2919
6.94 3.2900
6.95 3.2813
6.95 3.2654
6.96 3.2413
6.96 3.2124
6.97 3.1785
6.97 3.1412
6.98 3.1040
6.98 3.0677
6.99 3.0316
6.99 2.9953
7.0 2.9613
7.0 2.9327
7.01 2.9144
7.01 2.9039
7.02 2.8945
7.02 2.8846
7.03 2.8766
7.03 2.8733
7.04 2.8728
7.04 2.8720
7.05 2.8705
7.05 2.8673
7.06 2.8619
7.06 2.8543
7.07 2.8452
7.07 2.8354
7.08 2.8274
7.08 2.8263
7.09 2.8315
7.09 2.8410
7.1 2.8557
7.1 2.8750
7.11 2.8984
7.11 2.9279
7.12 2.9603
7.12 2.9930
7.13 3.0261
7.13 3.0577
7.14 3.0899
7.14 3.1210
7.15 3.1436
7.15 3.1564
7.16 3.1632
7.16 3.1628
7.17 3.1538
7.17 3.1400
7.18 3.1199
7.18 3.0912
7.19 3.0562
7.19 3.0157
7.2 2.9704
7.2 2.9244
7.21 2.8825
7.21 2.8456
7.22 2.8134
7.22 2.7874
7.23 2.7674
7.23 2.7521
7.24 2.7415
7.24 2.7402
7.25 2.7501
7.25 2.7699
7.26 2.7975
7.26 2.8274
7.27 2.8573
7.27 2.8848
7.28 2.9109
7.28 2.9384
7.29 2.9643
7.29 2.9871
7.3 3.0051
7.3 3.0144
7.31 3.0142
7.31 3.0059
7.32 2.9898
7.32 2.9734
7.33 2.9588
7.33 2.9413
7.34 2.9222
7.34 2.9052
7.35 2.8930
7.35 2.8847
7.36 2.8826
7.36 2.8883
7.37 2.9048
7.37 2.9320
7.38 2.9707
7.38 3.0238
7.39 3.0861
7.39 3.1497
7.4 3.2104
7.4 3.2701
7.41 3.3259
7.41 3.3723
7.42 3.4087
7.42 3.4368
7.43 3.4516
7.43 3.4462
7.44 3.4236
7.44 3.3858
7.45 3.3341
7.45 3.2684
7.46 3.1922
7.46 3.1134
7.47 3.0353
7.47 2.9597
7.48 2.8909
7.48 2.8301
7.49 2.7788
7.49 2.7415
7.5 2.7172
7.5 2.7046
7.51 2.7040
7.51 2.7171
7.52 2.7424
7.52 2.7742
7.53 2.8113
7.53 2.8515
7.54 2.8915
7.54 2.9297
7.55 2.9695
7.55 3.0090
7.56 3.0418
7.56 3.0702
7.57 3.0915
7.57 3.0998
7.58 3.0941
7.58 3.0743
7.59 3.0406
7.59 2.9951
7.6 2.9390
7.6 2.8748
7.61 2.8087
7.61 2.7438
7.62 2.6811
7.62 2.6257
7.63 2.5805
7.63 2.5434
7.64 2.5178
7.64 2.5095
7.65 2.5177
7.65 2.5389
7.66 2.5745
7.66 2.6241
7.67 2.6853
7.67 2.7554
7.68 2.8299
7.68 2.9055
7.69 2.9783
7.69 3.0465
7.7 3.1098
7.7 3.1625
7.71 3.2040
7.71 3.2320
7.72 3.2519
7.72 3.2677
7.73 3.2708
7.73 3.2583
7.74 3.2339
7.74 3.2032
7.75 3.1652
7.75 3.1189
7.76 3.0705
7.76 3.0234
7.77 2.9762
7.77 2.9331
7.78 2.8968
7.78 2.8686
7.79 2.8549
7.79 2.8588
7.8 2.8740
7.8 2.9009
7.81 2.9401
7.81 2.9880
7.82 3.0424
7.82 3.1001
7.83 3.1575
7.83 3.2139
7.84 3.2668
7.84 3.3125
7.85 3.3535
7.85 3.3870
7.86 3.4090
7.86 3.4196
7.87 3.4166
7.87 3.4007
7.88 3.3725
7.88 3.3300
7.89 3.2750
7.89 3.2120
7.9 3.1455
7.9 3.0788
7.91 3.0192
7.91 2.9692
7.92 2.9247
7.92 2.8847
7.93 2.8509
7.93 2.8222
7.94 2.7937
7.94 2.7660
7.95 2.7388
7.95 2.7107
7.96 2.6831
7.96 2.6566
7.97 2.6299
7.97 2.6032
7.98 2.5807
7.98 2.5622
7.99 2.5432
7.99 2.5237
8.0 2.5051
8.0 2.4912
8.01 2.4832
8.01 2.4806
8.02 2.4857
8.02 2.4991
8.03 2.5227
8.03 2.5551
8.04 2.5966
8.04 2.6500
8.05 2.7106
8.05 2.7747
8.06 2.8429
8.06 2.9139
8.07 2.9846
8.07 3.0507
8.08 3.1072
8.08 3.1520
8.09 3.1850
8.09 3.2065
8.1 3.2160
8.1 3.2147
8.11 3.2043
8.11 3.1844
8.12 3.1564
8.12 3.1220
8.13 3.0820
8.13 3.0391
8.14 2.9980
8.14 2.9629
8.15 2.9341
8.15 2.9114
8.16 2.8958
8.16 2.8910
8.17 2.8984
8.17 2.9167
8.18 2.9484
8.18 2.9923
8.19 3.0437
8.19 3.0982
8.2 3.1506
8.2 3.2009
8.21 3.2511
8.21 3.2995
8.22 3.3462
8.22 3.3858
8.23 3.4124
8.23 3.4282
8.24 3.4311
8.24 3.4197
8.25 3.3958
8.25 3.3616
8.26 3.3242
8.26 3.2864
8.27 3.2439
8.27 3.1980
8.28 3.1495
8.28 3.0979
8.29 3.0447
8.29 2.9953
8.3 2.9512
8.3 2.9105
8.31 2.8759
8.31 2.8471
8.32 2.8284
8.32 2.8217
8.33 2.8216
8.33 2.8258
8.34 2.8383
8.34 2.8580
8.35 2.8808
8.35 2.9061
8.36 2.9310
8.36 2.9503
8.37 2.9630
8.37 2.9678
8.38 2.9607
8.38 2.9410
8.39 2.9095
8.39 2.8688
8.4 2.8200
8.4 2.7645
8.41 2.7078
8.41 2.6522
8.42 2.5970
8.42 2.5437
8.43 2.4951
8.43 2.4534
8.44 2.4200
8.44 2.3983
8.45 2.3894
8.45 2.3942
8.46 2.4161
8.46 2.4540
8.47 2.5045
8.47 2.5667
8.48 2.6382
8.48 2.7167
8.49 2.7988
8.49 2.8827
8.5 2.9666
8.5 3.0487
8.51 3.1259
8.51 3.1944
8.52 3.2525
8.52 3.3020
8.53 3.3456
8.53 3.3785
8.54 3.3940
8.54 3.3960
8.55 3.3863
8.55 3.3636
8.56 3.3321
8.56 3.2953
8.57 3.2536
8.57 3.2066
8.58 3.1569
8.58 3.1073
8.59 3.0570
8.59 3.0103
8.6 2.9702
8.6 2.9361
8.61 2.9062
8.61 2.8829
8.62 2.8698
8.62 2.8725
8.63 2.8909
8.63 2.9160
8.64 2.9436
8.64 2.9739
8.65 3.0133
8.65 3.0588
8.66 3.1009
8.66 3.1390
8.67 3.1731
8.67 3.2037
8.68 3.2350
8.68 3.2648
8.69 3.2888
8.69 3.3048
8.7 3.3099
8.7 3.3046
8.71 3.2891
8.71 3.2624
8.72 3.2239
8.72 3.1754
8.73 3.1189
8.73 3.0558
8.74 2.9866
8.74 2.9145
8.75 2.8444
8.75 2.7751
8.76 2.7100
8.76 2.6524
8.77 2.6026
8.77 2.5610
8.78 2.5245
8.78 2.4950
8.79 2.4737
8.79 2.4602
8.8 2.4560
8.8 2.4614
8.81 2.4751
8.81 2.4968
8.82 2.5264
8.82 2.5664
8.83 2.6192
8.83 2.6817
8.84 2.7506
8.84 2.8268
8.85 2.9074
8.85 2.9871
8.86 3.0627
8.86 3.1312
8.87 3.1884
8.87 3.2317
8.88 3.2635
8.88 3.2832
8.89 3.2902
8.89 3.2875
8.9 3.2742
8.9 3.2479
8.91 3.2108
8.91 3.1669
8.92 3.1221
8.92 3.0788
8.93 3.0343
8.93 2.9922
8.94 2.9568
8.94 2.9278
8.95 2.9031
8.96 2.8833
8.96 2.8700
8.97 2.8651
8.97 2.8664
8.98 2.8721
8.98 2.8843
8.99 2.9019
8.99 2.9220
9.0 2.9426
9.0 2.9662
9.01 2.9933
9.01 3.0223
9.02 3.0545
9.02 3.0922
9.03 3.1305
9.03 3.1622
9.04 3.1886
9.04 3.2130
9.05 3.2318
9.05 3.2432
9.06 3.2509
9.06 3.2536
9.07 3.2496
9.07 3.2370
9.08 3.2150
9.08 3.1840
9.09 3.1430
9.09 3.0954
9.1 3.0469
9.1 2.9992
9.11 2.9523
9.11 2.9070
9.12 2.8628
9.12 2.8183
9.13 2.7769
9.13 2.7435
9.14 2.7159
9.14 2.6931
9.15 2.6776
9.15 2.6697
9.16 2.6700
9.16 2.6796
9.17 2.7003
9.17 2.7303
9.18 2.7683
9.18 2.8124
9.19 2.8620
9.19 2.9154
9.2 2.9693
9.2 3.0217
9.21 3.0707
9.21 3.1146
9.22 3.1524
9.22 3.1846
9.23 3.2076
9.23 3.2181
9.24 3.2211
9.24 3.2194
9.25 3.2116
9.25 3.1969
9.26 3.1719
9.26 3.1374
9.27 3.1014
9.27 3.0666
9.28 3.0299
9.28 2.9956
9.29 2.9648
9.29 2.9355
9.3 2.9099
9.3 2.8894
9.31 2.8770
9.31 2.8717
9.32 2.8688
9.32 2.8675
9.33 2.8711
9.33 2.8799
9.34 2.8924
9.34 2.9065
9.35 2.9227
9.35 2.9419
9.36 2.9636
9.36 2.9843
9.37 2.9995
9.37 3.0123
9.38 3.0250
9.38 3.0352
9.39 3.0415
9.39 3.0432
9.4 3.0375
9.4 3.0278
9.41 3.0148
9.41 2.9977
9.42 2.9770
9.42 2.9559
9.43 2.9351
9.43 2.9137
9.44 2.8921
9.44 2.8718
9.45 2.8527
9.45 2.8306
9.46 2.8039
9.46 2.7721
9.47 2.7383
9.47 2.7083
9.48 2.6817
9.48 2.6549
9.49 2.6293
9.49 2.6061
9.5 2.5878
9.5 2.5791
9.51 2.5823
9.51 2.5960
9.52 2.6215
9.52 2.6616
9.53 2.7176
9.53 2.7863
9.54 2.8612
9.54 2.9380
9.55 3.0166
9.55 3.0968
9.56 3.1764
9.56 3.2514
9.57 3.3176
9.57 3.3726
9.58 3.4163
9.58 3.4588
9.59 3.4959
9.59 3.5137
9.6 3.5110
9.6 3.4944
9.61 3.4656
9.61 3.4226
9.62 3.3697
9.62 3.3073
9.63 3.2381
9.63 3.1629
9.64 3.0801
9.64 2.9927
9.65 2.9061
9.65 2.8253
9.66 2.7565
9.66 2.6995
9.67 2.6550
9.67 2.6257
9.68 2.6088
9.68 2.6033
9.69 2.6121
9.69 2.6344
9.7 2.6675
9.7 2.7116
9.71 2.7669
9.71 2.8308
9.72 2.8988
9.72 2.9684
9.73 3.0374
9.73 3.1029
9.74 3.1636
9.74 3.2160
9.75 3.2636
9.75 3.3116
9.76 3.3552
9.76 3.3911
9.77 3.4194
9.77 3.4357
9.78 3.4425
9.78 3.4400
9.79 3.4234
9.79 3.3918
9.8 3.3444
9.8 3.2838
9.81 3.2114
9.81 3.1267
9.82 3.0331
9.82 2.9324
9.83 2.8262
9.83 2.7243
9.84 2.6273
9.84 2.5308
9.85 2.4402
9.85 2.3577
9.86 2.2862
9.86 2.2288
9.87 2.1876
9.87 2.1642
9.88 2.1590
9.88 2.1748
9.89 2.2106
9.89 2.2642
9.9 2.3343
9.9 2.4176
9.91 2.5106
9.91 2.6098
9.92 2.7113
9.92 2.8137
9.93 2.9118
9.93 2.9988
9.94 3.0738
9.94 3.1372
9.95 3.1876
9.95 3.2239
9.96 3.2450
9.96 3.2528
9.97 3.2489
9.97 3.2402
9.98 3.2303
9.98 3.2158
9.99 3.1965
9.99 3.1761
10.0 3.1574
