0.00 1.117680000000000
0.01 1.118680000000000
0.02 1.119640549123524
0.03 1.120560001869583
0.04 1.121436795547696
0.05 1.122269451210487
0.06 1.123056574463418
0.07 1.123796856163271
0.08 1.124489073016570
0.09 1.125132088088534
0.10 1.125724851232593
0.11 1.126266399449885
0.12 1.126755857187485
0.13 1.127192436583449
0.14 1.127575437666061
0.15 1.127904248513967
0.16 1.128178345383151
0.17 1.128397292805953
0.18 1.128560743666640
0.19 1.128668439257225
0.20 1.128720209316535
0.21 1.128715972054733
0.22 1.128655734164767
0.23 1.128539590821440
0.24 1.128367725668049
0.25 1.128140410789775
0.26 1.127858006672240
0.27 1.127520962142910
0.28 1.127129814292241
0.29 1.126685188370725
0.30 1.126187797657263
0.31 1.125638443293509
0.32 1.125038014078141
0.33 1.124387486214263
0.34 1.123687923002443
0.35 1.122940474471207
0.36 1.122146376936116
0.37 1.121306952477945
0.38 1.120423608329817
0.39 1.119497836162616
0.40 1.118531211257433
0.41 1.117525391553331
0.42 1.116482116558265
0.43 1.115403206110680
0.44 1.114290558978944
0.45 1.113146151285676
0.46 1.111972034743814
0.47 1.110770334691377
0.48 1.109543247911916
0.49 1.108293040227933
0.50 1.107022043854946
0.51 1.105732654504398
0.52 1.104427328224315
0.53 1.103108577967512
0.54 1.101778969878165
0.55 1.100441119288860
0.56 1.099097686421600
0.57 1.097751371787954
0.58 1.096404911285312
0.59 1.095061070988272
0.60 1.093722641636389
0.61 1.092392432821949
0.62 1.091073266884002
0.63 1.089767972517644
0.64 1.088479378110432
0.65 1.087210304820817
0.66 1.085963559416598
0.67 1.084741926894541
0.68 1.083548162905529
0.69 1.082384986012735
0.70 1.081255069813486
0.71 1.080161034958442
0.72 1.079105441104633
0.73 1.078090778841521
0.74 1.077119461631698
0.75 1.076193817809939
0.76 1.075316082686105
0.77 1.074488390798768
0.78 1.073712768367387
0.79 1.072991125991326
0.80 1.072325251643999
0.81 1.071716804009851
0.82 1.071167306210822
0.83 1.070678139967267
0.84 1.070250540236151
0.85 1.069885590366567
0.86 1.069584217809433
0.87 1.069347190414462
0.88 1.069175113343354
0.89 1.069068426623587
0.90 1.069027403362294
0.91 1.069052148634545
0.92 1.069142599054983
0.93 1.069298523036272
0.94 1.069519521732273
0.95 1.069805030658341
0.96 1.070154321975745
0.97 1.070566507421983
0.98 1.071040541863788
0.99 1.071575227444979
1.00 1.072169218297045
1.01 1.072821025776503
1.02 1.073529024189714
1.03 1.074291456962988
1.04 1.075106443213464
1.05 1.075971984674516
1.06 1.076885972928151
1.07 1.077846196896240
1.08 1.078850350542214
1.09 1.079896040735267
1.10 1.080980795229885
1.11 1.082102070714853
1.12 1.083257260887530
1.13 1.084443704511242
1.14 1.085658693415977
1.15 1.086899480405198
1.16 1.088163287034377
1.17 1.089447311229875
1.18 1.090748734719848
1.19 1.092064730252066
1.20 1.093392468576681
1.21 1.094729125175184
1.22 1.096071886719894
1.23 1.097417957251363
1.24 1.098764564064004
1.25 1.100108963293036
1.26 1.101448445198476
1.27 1.102780339144339
1.28 1.104102018273523
1.29 1.105410903880886
1.30 1.106704469488947
1.31 1.107980244632298
1.32 1.109235818358312
1.33 1.110468842453012
1.34 1.111677034402088
1.35 1.112858180097930
1.36 1.114010136304332
1.37 1.115130832891067
1.38 1.116218274850985
1.39 1.117270544112556
1.40 1.118285801160927
1.41 1.119262286480622
1.42 1.120198321832884
1.43 1.121092311380547
1.44 1.121942742672999
1.45 1.122748187503490
1.46 1.123507302650622
1.47 1.124218830515376
1.48 1.124881599664507
1.49 1.125494525290584
1.50 1.126056609598323
1.51 1.126566942126247
1.52 1.127024700012015
1.53 1.127429148209092
1.54 1.127779639661734
1.55 1.128075615444514
1.56 1.128316604871920
1.57 1.128502225582782
1.58 1.128632183603572
1.59 1.128706273393846
1.60 1.128724377876347
1.61 1.128686468453544
1.62 1.128592605011601
1.63 1.128442935912032
1.64 1.128237697970519
1.65 1.127977216421624
1.66 1.127661904867363
1.67 1.127292265206846
1.68 1.126868887543450
1.69 1.126392450065219
1.70 1.125863718893468
1.71 1.125283547893815
1.72 1.124652878443125
1.73 1.123972739145186
1.74 1.123244245487160
1.75 1.122468599428258
1.76 1.121647088911356
1.77 1.120781087287696
1.78 1.119872052644185
1.79 1.118921527022275
1.80 1.117931135516888
1.81 1.116902585243401
1.82 1.115837664160310
1.83 1.114738239734896
1.84 1.113606257438951
1.85 1.112443739061508
1.86 1.111252780825456
1.87 1.110035551295003
1.88 1.108794289061150
1.89 1.107531300192668
1.90 1.106248955440542
1.91 1.104949687184511
1.92 1.103635986111088
1.93 1.102310397613489
1.94 1.100975517905010
1.95 1.099633989838782
1.96 1.098288498428385
1.97 1.096941766065539
1.98 1.095596547433064
1.99 1.094255624113430
2.00 1.092921798895570
2.01 1.091597889785152
2.02 1.090286723726162
2.03 1.088991130044538
2.04 1.087713933627512
2.05 1.086457947855416
2.06 1.085225967305839
2.07 1.084020760253217
2.08 1.082845060990103
2.09 1.081701561999520
2.10 1.080592906010882
2.11 1.079521677974851
2.12 1.078490396995299
2.13 1.077501508259043
2.14 1.076557375006255
2.15 1.075660270586400
2.16 1.074812370646053
2.17 1.074015745496116
2.18 1.073272352706583
2.19 1.072584029977218
2.20 1.071952488332135
2.21 1.071379305685427
2.22 1.070865920823545
2.23 1.070413627848171
2.24 1.070023571120801
2.25 1.069696740747233
2.26 1.069433968636598
2.27 1.069235925165595
2.28 1.069103116474174
2.29 1.069035882414142
2.30 1.069034395167086
2.31 1.069098658542745
2.32 1.069228507963476
2.33 1.069423611134939
2.34 1.069683469397593
2.35 1.070007419748149
2.36 1.070394637514780
2.37 1.070844139664869
2.38 1.071354788719234
2.39 1.071925297242384
2.40 1.072554232874316
2.41 1.073240023865825
2.42 1.073980965076229
2.43 1.074775224389869
2.44 1.075620849505754
2.45 1.076515775053272
2.46 1.077457829985988
2.47 1.078444745205185
2.48 1.079474161364960
2.49 1.080543636811340
2.50 1.081650655608978
2.51 1.082792635610527
2.52 1.083966936525674
2.53 1.085170867949059
2.54 1.086401697308819
2.55 1.087656657700209
2.56 1.088932955571733
2.57 1.090227778234207
2.58 1.091538301166374
2.59 1.092861695093848
2.60 1.094195132821344
2.61 1.095535795801323
2.62 1.096880880425225
2.63 1.098227604026444
2.64 1.099573210587058
2.65 1.100914976142997
2.66 1.102250213884876
2.67 1.103576278954057
2.68 1.104890572935669
2.69 1.106190548052272
2.70 1.107473711063617
2.71 1.108737626879501
2.72 1.109979921894125
2.73 1.111198287051474
2.74 1.112390480652295
2.75 1.113554330914015
2.76 1.114687738295601
2.77 1.115788677599864
2.78 1.116855199866016
2.79 1.117885434065533
2.80 1.118877588614415
2.81 1.119829952714931
2.82 1.120740897539770
2.83 1.121608877271318
2.84 1.122432430008439
2.85 1.123210178552763
2.86 1.123940831086049
2.87 1.124623181749660
2.88 1.125256111136655
2.89 1.125838586706403
2.90 1.126369663130993
2.91 1.126848482582074
2.92 1.127274274966059
2.93 1.127646358114945
2.94 1.127964137939278
2.95 1.128227108549074
2.96 1.128434852347760
2.97 1.128587040103468
2.98 1.128683431001251
2.99 1.128723872679053
3.00 1.128708301249491
3.01 1.128636741308770
3.02 1.128509305933263
3.03 1.128326196663565
3.04 1.128087703475028
3.05 1.127794204733065
3.06 1.127446167130725
3.07 1.127044145605297
3.08 1.126588783229952
3.09 1.126080811075681
3.10 1.125521048038048
3.11 1.124910400622544
3.12 1.124249862681621
3.13 1.123540515095756
3.14 1.122783525390229
3.15 1.121980147278625
3.16 1.121131720123421
3.17 1.120239668303425
3.18 1.119305500477251
3.19 1.118330808731502
3.20 1.117317267601835
3.21 1.116266632954696
3.22 1.115180740717139
3.23 1.114061505441888
3.24 1.112910918694629
3.25 1.111731047250406
3.26 1.110524031086058
3.27 1.109292081155750
3.28 1.108037476936947
3.29 1.106762563734591
3.30 1.105469749731815
3.31 1.104161502776271
3.32 1.102840346892053
3.33 1.101508858508285
3.34 1.100169662396743
3.35 1.098825427312323
3.36 1.097478861331886
3.37 1.096132706888835
3.38 1.094789735502892
3.39 1.093452742206777
3.40 1.092124539673957
3.41 1.090807952054247
3.42 1.089505808526831
3.43 1.088220936583174
3.44 1.086956155055345
3.45 1.085714266908390
3.46 1.084498051818527
3.47 1.083310258562194
3.48 1.082153597244070
3.49 1.081030731395348
3.50 1.079944269976500
3.51 1.078896759321609
3.52 1.077890675063961
3.53 1.076928414084962
3.54 1.076012286530480
3.55 1.075144507940422
3.56 1.074327191538655
3.57 1.073562340731220
3.58 1.072851841861178
3.59 1.072197457268298
3.60 1.071600818701124
3.61 1.071063421127781
3.62 1.070586616990087
3.63 1.070171610943279
3.64 1.069819455120809
3.65 1.069531044960318
3.66 1.069307115623094
3.67 1.069148239035066
3.68 1.069054821572743
3.69 1.069027102412561
3.70 1.069065152556885
3.71 1.069168874544506
3.72 1.069338002847985
3.73 1.069572104954618
3.74 1.069870583122331
3.75 1.070232676796424
3.76 1.070657465667898
3.77 1.071143873349214
3.78 1.071690671638722
3.79 1.072296485340850
3.80 1.072959797605363
3.81 1.073678955745758
3.82 1.074452177494118
3.83 1.075277557647507
3.84 1.076153075059353
3.85 1.077076599928116
3.86 1.078045901335004
3.87 1.079058654982396
3.88 1.080112451085154
3.89 1.081204802367859
3.90 1.082333152122440
3.91 1.083494882282360
3.92 1.084687321471668
3.93 1.085907752989617
3.94 1.087153422694195
3.95 1.088421546750796
3.96 1.089709319215247
3.97 1.091013919423522
3.98 1.092332519163675
3.99 1.093662289608661
4.00 1.095000407991942
4.01 1.096344064010815
4.02 1.097690465945474
4.03 1.099036846484677
4.04 1.100380468251653
4.05 1.101718629026497
4.06 1.103048666663691
4.07 1.104367963705653
4.08 1.105673951695234
4.09 1.106964115191938
4.10 1.108235995498275
4.11 1.109487194104104
4.12 1.110715375858084
4.13 1.111918271876385
4.14 1.113093682199738
4.15 1.114239478210574
4.16 1.115353604822560
4.17 1.116434082455267
4.18 1.117479008806902
4.19 1.118486560438231
4.20 1.119454994180762
4.21 1.120382648382219
4.22 1.121267944002096
4.23 1.122109385569810
4.24 1.122905562017645
4.25 1.123655147400197
4.26 1.124356901511604
4.27 1.125009670411262
4.28 1.125612386868197
4.29 1.126164070733607
4.30 1.126663829250463
4.31 1.127110857308406
4.32 1.127504437651440
4.33 1.127843941045262
4.34 1.128128826410312
4.35 1.128358640925915
4.36 1.128533020110136
4.37 1.128651687879226
4.38 1.128714456589777
4.39 1.128721227065969
4.40 1.128671988613504
4.41 1.128566819021091
4.42 1.128405884549568
4.43 1.128189439907995
4.44 1.127917828215290
4.45 1.127591480945217
4.46 1.127210917851796
4.47 1.126776746871426
4.48 1.126289663997283
4.49 1.125750453120811
4.50 1.125159985834383
4.51 1.124519221188475
4.52 1.123829205396020
4.53 1.123091071475862
4.54 1.122306038826605
4.55 1.121475412721462
4.56 1.120600583714110
4.57 1.119683026944958
4.58 1.118724301336710
4.59 1.117726048667564
4.60 1.116689992510014
4.61 1.115617937022778
4.62 1.114511765583129
4.63 1.113373439246653
4.64 1.112204995021357
4.65 1.111008543943008
4.66 1.109786268938716
4.67 1.108540422465950
4.68 1.107273323914591
4.69 1.105987356760088
4.70 1.104684965456488
4.71 1.103368652058935
4.72 1.102040972566260
4.73 1.100704532975465
4.74 1.099361985041354
4.75 1.098016021736092
4.76 1.096669372405324
4.77 1.095324797619438
4.78 1.093985083720775
4.79 1.092653037069938
4.80 1.091331477996921
4.81 1.090023234465505
4.82 1.088731135462208
4.83 1.087458004124093
4.84 1.086206650622804
4.85 1.084979864825372
4.86 1.083780408755495
4.87 1.082611008882210
4.88 1.081474348265973
4.89 1.080373058595221
4.90 1.079309712149395
4.91 1.078286813727089
4.92 1.077306792580484
4.93 1.076371994399391
4.94 1.075484673390086
4.95 1.074646984495567
4.96 1.073860975804906
4.97 1.073128581199951
4.98 1.072451613287674
4.99 1.071831756666074
5.00 1.071270561570485
5.01 1.070769437945677
5.02 1.070329649987007
5.03 1.069952311191265
5.04 1.069638379954738
5.05 1.069388655752358
5.06 1.069203775927731
5.07 1.069084213119358
5.08 1.069030273343502
5.09 1.069042094749074
5.10 1.069119647054543
5.11 1.069262731671417
5.12 1.069470982513290
5.13 1.069743867483949
5.14 1.070080690632568
5.15 1.070480594958788
5.16 1.070942565845412
5.17 1.071465435091783
5.18 1.072047885516513
5.19 1.072688456094330
5.20 1.073385547588365
5.21 1.074137428636192
5.22 1.074942242245569
5.23 1.075798012653897
5.24 1.076702652504083
5.25 1.077653970288729
5.26 1.078649678014280
5.27 1.079687399037045
5.28 1.080764676023737
5.29 1.081878978990370
5.30 1.083027713374972
5.31 1.084208228101506
5.32 1.085417823594741
5.33 1.086653759708306
5.34 1.087913263531014
5.35 1.089193537039441
5.36 1.090491764567860
5.37 1.091805120069757
5.38 1.093130774148372
5.39 1.094465900836866
5.40 1.095807684111844
5.41 1.097153324127050
5.42 1.098500043156958
5.43 1.099845091242830
5.44 1.101185751536450
5.45 1.102519345339257
5.46 1.103843236836887
5.47 1.105154837531261
5.48 1.106451610374295
5.49 1.107731073608992
5.50 1.108990804325238
5.51 1.110228441738921
5.52 1.111441690204156
5.53 1.112628321969334
5.54 1.113786179688488
5.55 1.114913178700108
5.56 1.116007309085961
5.57 1.117066637522792
5.58 1.118089308939981
5.59 1.119073547996253
5.60 1.120017660388494
5.61 1.120920034005578
5.62 1.121779139939843
5.63 1.122593533368541
5.64 1.123361854317167
5.65 1.124082828316144
5.66 1.124755266961787
5.67 1.125378068391940
5.68 1.125950217686062
5.69 1.126470787198912
5.70 1.126938936836317
5.71 1.127353914280839
5.72 1.127715055174429
5.73 1.128021783264467
5.74 1.128273610518834
5.75 1.128470137214950
5.76 1.128611052006941
5.77 1.128696131974366
5.78 1.128725242655172
5.79 1.128698338064795
5.80 1.128615460702556
5.81 1.128476741545752
5.82 1.128282400031070
5.83 1.128032744022214
5.84 1.127728169761844
5.85 1.127369161805188
5.86 1.126956292931951
5.87 1.126490224032346
5.88 1.125971703962385
5.89 1.125401569362774
5.90 1.124780744435079
5.91 1.124110240668069
5.92 1.123391156506470
5.93 1.122624676953663
5.94 1.121812073099204
5.95 1.120954701561414
5.96 1.120054003834668
5.97 1.119111505530478
5.98 1.118128815500921
5.99 1.117107624832514
6.00 1.116049705698231
6.01 1.114956910055036
6.02 1.113831168174030
6.03 1.112674486990172
6.04 1.111488948258466
6.05 1.110276706503546
6.06 1.109039986749770
6.07 1.107781082019239
6.08 1.106502350585613
6.09 1.105206212972188
6.10 1.103895148683472
6.11 1.102571692660469
6.12 1.101238431450963
6.13 1.099897999087459
6.14 1.098553072666937
6.15 1.097206367628274
6.16 1.095860632725123
6.17 1.094518644694155
6.18 1.093183202620829
6.19 1.091857122007402
6.20 1.090543228550483
6.21 1.089244351638303
6.22 1.087963317580764
6.23 1.086702942588415
6.24 1.085466025519626
6.25 1.084255340418394
6.26 1.083073628868437
6.27 1.081923592192340
6.28 1.080807883527648
6.29 1.079729099814726
6.30 1.078689773734017
6.31 1.077692365632888
6.32 1.076739255484568
6.33 1.075832734923658
6.34 1.074974999404319
6.35 1.074168140528441
6.36 1.073414138591881
6.37 1.072714855397114
6.38 1.072072027380412
6.39 1.071487259100898
6.40 1.070962017137513
6.41 1.070497624438058
6.42 1.070095255162075
6.43 1.069755930056389
6.44 1.069480512398689
6.45 1.069269704540625
6.46 1.069124045077559
6.47 1.069043906667414
6.48 1.069029494516027
6.49 1.069080845541198
6.50 1.069197828222147
6.51 1.069380143135610
6.52 1.069627324174250
6.53 1.069938740437566
6.54 1.070313598780168
6.55 1.070750946997137
6.56 1.071249677621348
6.57 1.071808532303138
6.58 1.072426106738584
6.59 1.073100856109034
6.60 1.073831100991334
6.61 1.074615033695589
6.62 1.075450724985159
6.63 1.076336131132071
6.64 1.077269101259983
6.65 1.078247384926394
6.66 1.079268639895845
6.67 1.080330440056410
6.68 1.081430283432778
6.69 1.082565600250702
6.70 1.083733761009395
6.71 1.084932084520629
6.72 1.086157845875771
6.73 1.087408284304658
6.74 1.088680610893133
6.75 1.089972016129091
6.76 1.091279677250006
6.77 1.092600765368092
6.78 1.093932452352451
6.79 1.095271917450692
6.80 1.096616353635629
6.81 1.097962973665614
6.82 1.099309015849982
6.83 1.100651749513777
6.84 1.101988480158483
6.85 1.103316554317912
6.86 1.104633364110534
6.87 1.105936351491591
6.88 1.107223012210097
6.89 1.108490899477456
6.90 1.109737627355818
6.91 1.110960873875514
6.92 1.112158383891935
6.93 1.113327971693068
6.94 1.114467523369572
6.95 1.115574998959810
6.96 1.116648434382601
6.97 1.117685943170693
6.98 1.118685718018072
6.99 1.119646032154181
7.00 1.120565240558034
7.01 1.121441781024967
7.02 1.122274175098491
7.03 1.123061028879337
7.04 1.123801033723331
7.05 1.124492966839254
7.06 1.125135691797307
7.07 1.125728158958196
7.08 1.126269405832243
7.09 1.126758557377283
7.10 1.127194826243417
7.11 1.127577512972018
7.12 1.127906006155654
7.13 1.128179782564879
7.14 1.128398407247114
7.15 1.128561533602083
7.16 1.128668903437530
7.17 1.128720347008196
7.18 1.128715783040265
7.19 1.128655218742732
7.20 1.128538749806408
7.21 1.128366560390482
7.22 1.128138923095829
7.23 1.127856198923477
7.24 1.127518837215901
7.25 1.127127375578036
7.26 1.126682439774177
7.27 1.126184743596164
7.28 1.125635088697514
7.29 1.125034364387436
7.30 1.124383547377941
7.31 1.123683701476539
7.32 1.122935977216341
7.33 1.122141611414696
7.34 1.121301926650865
7.35 1.120418330652595
7.36 1.119492315580908
7.37 1.118525457201850
7.38 1.117519413933497
7.39 1.116475925756043
7.40 1.115396812972480
7.41 1.114283974807062
7.42 1.113139387828555
7.43 1.111965104185189
7.44 1.110763249638192
7.45 1.109536021380958
7.46 1.108285685631109
7.47 1.107014574983128
7.48 1.105725085509762
7.49 1.104419673601132
7.50 1.103100852531310
7.51 1.101771188743237
7.52 1.100433297844048
7.53 1.099089840304349
7.54 1.097743516856595
7.55 1.096397063589569
7.56 1.095053246737989
7.57 1.093714857168502
7.58 1.092384704565716
7.59 1.091065611324549
7.60 1.089760406157881
7.61 1.088471917431415
7.62 1.087202966240661
7.63 1.085956359248043
7.64 1.084734881301317
7.65 1.083541287857658
7.66 1.082378297240950
7.67 1.081248582762949
7.68 1.080154764741970
7.69 1.079099402455647
7.70 1.078084986066960
7.71 1.077113928565146
7.72 1.076188557765219
7.73 1.075311108411619
7.74 1.074483714432859
7.75 1.073708401394991
7.76 1.072987079202215
7.77 1.072321535092880
7.78 1.071713426978604
7.79 1.071164277173144
7.80 1.070675466555979
7.81 1.070248229213404
7.82 1.069883647597184
7.83 1.069582648237577
7.84 1.069345998043821
7.85 1.069174301220999
7.86 1.069067996827621
7.87 1.069027356993405
7.88 1.069052485811518
7.89 1.069143318914218
7.90 1.069299623735304
7.91 1.069521000457267
7.92 1.069806883635506
7.93 1.070156544486572
7.94 1.070569093822186
7.95 1.071043485605799
7.96 1.071578521103821
7.97 1.072172853599388
7.98 1.072824993632679
7.99 1.073533314728453
8.00 1.074296059568619
8.01 1.075111346565326
8.02 1.075977176788291
8.03 1.076891441198856
8.04 1.077851928142573
8.05 1.078856331052003
8.06 1.079902256311709
8.07 1.080987231238338
8.08 1.082108712129891
8.09 1.083264092340026
8.10 1.084450710335226
8.11 1.085665857695062
8.12 1.086906787018344
8.13 1.088170719700821
8.14 1.089454853553037
8.15 1.090756370230068
8.16 1.092072442448026
8.17 1.093400240965407
8.18 1.094736941310509
8.19 1.096079730239316
8.20 1.097425811911221
8.21 1.098772413772937
8.22 1.100116792143680
8.23 1.101456237497385
8.24 1.102788079440133
8.25 1.104109691383261
8.26 1.105418494914696
8.27 1.106711963872931
8.28 1.107987628129766
8.29 1.109243077089382
8.30 1.110475962912636
8.31 1.111684003476567
8.32 1.112864985079977
8.33 1.114016764906760
8.34 1.115137273259170
8.35 1.116224515573693
8.36 1.117276574232426
8.37 1.118291610183066
8.38 1.119267864380600
8.39 1.120203659063727
8.40 1.121097398878874
8.41 1.121947571864377
8.42 1.122752750307087
8.43 1.123511591483214
8.44 1.124222838294774
8.45 1.124885319812476
8.46 1.125497951735296
8.47 1.126059736776419
8.48 1.126569764984533
8.49 1.127027214008862
8.50 1.127431349315572
8.51 1.127781524362531
8.52 1.128077180738643
8.53 1.128317848273290
8.54 1.128503145120620
8.55 1.128632777822742
8.56 1.128706541355061
8.57 1.128724319156308
8.58 1.128686083144997
8.59 1.128591893723325
8.60 1.128441899768752
8.61 1.128236338612745
8.62 1.127975536005397
8.63 1.127659906063907
8.64 1.127289951202092
8.65 1.126866262037421
8.66 1.126389517271245
8.67 1.125860483537203
8.68 1.125280015212003
8.69 1.124649054182107
8.70 1.123968629559070
8.71 1.123239857335631
8.72 1.122463939973960
8.73 1.121642165916800
8.74 1.120775909011629
8.75 1.119866627837359
8.76 1.118915864922554
8.77 1.117925245843615
8.78 1.116896478190962
8.79 1.115831350390821
8.80 1.114731730369934
8.81 1.113599564050260
8.82 1.112436873660592
8.83 1.111245755851997
8.84 1.110028379604017
8.85 1.108786983908813
8.86 1.107523875220737
8.87 1.106241424659310
8.88 1.104942064954215
8.89 1.103628287121732
8.90 1.102302636863013
8.91 1.100967710675769
8.92 1.099626151672295
8.93 1.098280645098322
8.94 1.096933913548940
8.95 1.095588711879773
8.96 1.094247821813766
8.97 1.092914046246248
8.98 1.091590203253492
8.99 1.090279119812647
9.00 1.088983625243788
9.01 1.087706544387760
9.02 1.086450690536595
9.03 1.085218858136413
9.04 1.084013815285884
9.05 1.082838296056545
9.06 1.081694992664381
9.07 1.080586547525159
9.08 1.079515545228928
9.09 1.078484504471849
9.10 1.077495869986034
9.11 1.076552004510329
9.12 1.075655180846884
9.13 1.074807574049877
9.14 1.074011253793917
9.15 1.073268176970283
9.16 1.072580180559343
9.17 1.071948974827174
9.18 1.071376136893482
9.19 1.070863104716544
9.20 1.070411171538895
9.21 1.070021480834945
9.22 1.069695021798726
9.23 1.069432625406364
9.24 1.069234961083930
9.25 1.069102534006873
9.26 1.069035683052478
9.27 1.069034579421742
9.28 1.069099225941732
9.29 1.069229457054055
9.30 1.069424939489537
9.31 1.069685173623669
9.32 1.070009495501911
9.33 1.070397079518672
9.34 1.070846941728664
9.35 1.071357943764586
9.36 1.071928797330638
9.37 1.072558069237368
9.38 1.073244186939807
9.39 1.073985444537754
9.40 1.074780009194596
9.41 1.075625927928986
9.42 1.076521134732321
9.43 1.077463457964015
9.44 1.078450627976241
9.45 1.079480284919944
9.46 1.080549986684604
9.47 1.081657216925304
9.48 1.082799393132233
9.49 1.083973874699586
9.50 1.085177970953138
9.51 1.086408949098210
9.52 1.087664042052527
9.53 1.088940456131398
9.54 1.090235378555663
9.55 1.091545984756053
9.56 1.092869445450748
9.57 1.094202933476120
9.58 1.095543630353792
9.59 1.096888732580220
9.60 1.098235457627964
9.61 1.099581049650667
9.62 1.100922784886459
9.63 1.102257976757006
9.64 1.103583980661802
9.65 1.104898198469428
9.66 1.106198082709490
9.67 1.107481140470673
9.68 1.108744937011960
9.69 1.109987099095379
9.70 1.111205318049855
9.71 1.112397352576709
9.72 1.113561031308168
9.73 1.114694255130897
9.74 1.115794999287034
9.75 1.116861315265568
9.76 1.117891332497090
9.77 1.118883259865024
9.78 1.119835387046409
9.79 1.120746085695178
9.80 1.121613810480620
9.81 1.122437099993423
9.82 1.123214577531300
9.83 1.123944951775744
9.84 1.124627017370965
9.85 1.125259655415503
9.86 1.125841833876416
9.87 1.126372607935323
9.88 1.126851120274914
9.89 1.127276601313878
9.90 1.127648369397484
9.91 1.127965830950344
9.92 1.128228480597160
9.93 1.128435901256524
9.94 1.128587764212090
9.95 1.128683829164685
9.96 1.128723944268196
9.97 1.128708046151271
9.98 1.128636159926159
9.99 1.128508399185226
10.00 1.128324965984924
10.01 1.128086150816249
10.02 1.127792332559949
10.03 1.127443978423986
10.04 1.127041643860004
10.05 1.126585972454819
10.06 1.126077695792162
10.07 1.125517633279211
10.08 1.124906691931685
10.09 1.124245866110574
10.10 1.123536237202853
10.11 1.122778973237861
10.12 1.121975328430344
10.13 1.121126642640530
10.14 1.120234340740996
10.15 1.119299931879504
10.16 1.118325008626473
10.17 1.117311245995274
10.18 1.116260400323110
10.19 1.115174307999911
10.20 1.114054884032404
10.21 1.112904120430322
10.22 1.111724084401655
10.23 1.110516916343852
10.24 1.109284827618057
10.25 1.108030098093703
10.26 1.106755073451244
10.27 1.105462162231362
10.28 1.104153832619717
10.29 1.102832608957247
10.30 1.101501067967079
10.31 1.100161834690430
10.32 1.098817578125336
10.33 1.097471006563717
10.34 1.096124862624187
10.35 1.094781917980047
10.36 1.093444967784211
10.37 1.092116824795228
10.38 1.090800313211204
10.39 1.089498262221208
10.40 1.088213499286653
10.41 1.086948843168186
10.42 1.085707096716741
10.43 1.084491039450564
10.44 1.083303419943225
10.45 1.082146948050803
10.46 1.081024287009487
10.47 1.079938045437899
10.48 1.078890769281194
10.49 1.077884933736668
10.50 1.076922935202933
10.51 1.076007083296791
10.52 1.075139592983605
10.53 1.074322576868298
10.54 1.073558037694919
10.55 1.072847861103132
10.56 1.072193808689817
10.57 1.071597511423338
10.58 1.071060463456798
10.59 1.070584016384868
10.60 1.070169373986464
10.61 1.069817587492713
10.62 1.069529551416296
10.63 1.069305999974462
10.64 1.069147504133711
10.65 1.069054469299561
10.66 1.069027133669801
10.67 1.069065567264472
10.68 1.069169671640370
10.69 1.069339180292389
10.70 1.069573659738450
10.71 1.069872511279302
10.72 1.070234973419063
10.73 1.070660124927228
10.74 1.071146888517943
10.75 1.071694035117782
10.76 1.072300188689065
10.77 1.072963831572033
10.78 1.073683310305919
10.79 1.074456841886209
10.80 1.075282520413195
10.81 1.076158324085222
10.82 1.077082122488956
10.83 1.078051684138403
10.84 1.079064684214373
10.85 1.080118712456528
10.86 1.081211281161118
10.87 1.082339833238821
10.88 1.083501750288903
10.89 1.084694360648009
10.90 1.085914947374291
10.91 1.087160756130251
10.92 1.088429002930530
10.93 1.089716881723883
10.94 1.091021571781697
10.95 1.092340244868580
10.96 1.093670072173740
10.97 1.095008230985034
10.98 1.096351911090679
10.99 1.097698320896624
11.00 1.099044693250478
11.01 1.100388290965666
11.02 1.101726412042041
11.03 1.103056394581628
11.04 1.104375621400408
11.05 1.105681524339073
11.06 1.106971588277533
11.07 1.108243354859599
11.08 1.109494425935712
11.09 1.110722466732826
11.10 1.111925208761621
11.11 1.113100452472121
11.12 1.114246069669462
11.13 1.115360005702151
11.14 1.116440281435501
11.15 1.117484995023241
11.16 1.118492323490363
11.17 1.119460524140327
11.18 1.120387935799621
11.19 1.121272979912475
11.20 1.122114161498252
11.21 1.122910069983696
11.22 1.123659379921750
11.23 1.124360851608216
11.24 1.125013331606977
11.25 1.125615753193915
11.26 1.126167136729062
11.27 1.126666589965866
11.28 1.127113308305780
11.29 1.127506575005710
11.30 1.127845761345126
11.31 1.128130326758924
11.32 1.128359818941419
11.33 1.128533873926068
11.34 1.128652216144808
11.35 1.128714658470116
11.36 1.128721102242175
11.37 1.128671537282738
11.38 1.128566041896533
11.39 1.128404782860319
11.40 1.128188015398898
11.41 1.127916083146656
11.42 1.127589418092455
11.43 1.127208540504909
11.44 1.126774058834365
11.45 1.126286669587126
11.46 1.125747157166728
11.47 1.125156393676358
11.48 1.124515338675745
11.49 1.123825038885178
11.50 1.123086627828584
11.51 1.122301325406940
11.52 1.121470437392638
11.53 1.120595354834783
11.54 1.119677553364860
11.55 1.118718592391600
11.56 1.117720114173450
11.57 1.116683842756538
11.58 1.115611582765721
11.59 1.114505218035936
11.60 1.113366710070922
11.61 1.112198096316200
11.62 1.111001488233223
11.63 1.109779069161673
11.64 1.108533091957147
11.65 1.107265876391776
11.66 1.105979806305908
11.67 1.104677326499584
11.68 1.103360939353434
11.69 1.102033201169601
11.70 1.100696718224535
11.71 1.099354142526880
11.72 1.098008167275274
11.73 1.096661522012688
11.74 1.095316967475918
11.75 1.093977290141024
11.76 1.092645296467897
11.77 1.091323806849695
11.78 1.090015649275591
11.79 1.088723652718155
11.80 1.087450640259693
11.81 1.086199421974914
11.82 1.084972787590499
11.83 1.083773498945298
11.84 1.082604282278078
11.85 1.081467820372862
11.86 1.080366744594963
11.87 1.079303626853682
11.88 1.078280971530375
11.89 1.077301207413049
11.90 1.076366679680822
11.91 1.075479641983454
11.92 1.074642248662556
11.93 1.073856547162200
11.94 1.073124470677133
11.95 1.072447831086944
11.96 1.071828312224044
11.97 1.071267463522328
11.98 1.070766694091895
11.99 1.070327267263044
12.00 1.069950295640219
12.01 1.069636736703359
12.02 1.069387388990531
12.03 1.069202888891599
12.04 1.069083708078218
12.05 1.069030151590583
12.06 1.069042356596271
12.07 1.069120291831144
12.08 1.069263757726837
12.09 1.069472387223789
12.10 1.069745647263285
12.11 1.070082840946490
12.12 1.070483110343257
12.13 1.070945439928418
12.14 1.071468660618565
12.15 1.072051454378005
12.16 1.072692359358616
12.17 1.073389775534896
12.18 1.074141970792526
12.19 1.074947087426370
12.20 1.075803149001912
12.21 1.076708067532826
12.22 1.077659650926590
12.23 1.078655610649772
12.24 1.079693569564916
12.25 1.080771069891670
12.26 1.081885581246010
12.27 1.083034508713018
12.28 1.084215200910639
12.29 1.085424958004142
12.30 1.086661039633575
12.31 1.087920672719273
12.32 1.089201059113456
12.33 1.090499383069016
12.34 1.091812818499754
12.35 1.093138536009511
12.36 1.094473709670820
12.37 1.095815523536839
12.38 1.097161177873378
12.39 1.098507895100774
12.40 1.099852925438194
12.41 1.101193552245604
12.42 1.102527097061118
12.43 1.103850924333765
12.44 1.105162445853834
12.45 1.106459124884849
12.46 1.107738480002977
12.47 1.108998088651187
12.48 1.110235590416781
12.49 1.111448690042093
12.50 1.112635160179077
12.51 1.113792843899283
12.52 1.114919656971349
12.53 1.116013589918577
12.54 1.117072709869467
12.55 1.118095162214275
12.56 1.119079172080709
12.57 1.120023045641808
12.58 1.120925171268894
12.59 1.121784020542264
12.60 1.122598149131905
12.61 1.123366197560181
12.62 1.124086891857920
12.63 1.124759044124855
12.64 1.125381553004790
12.65 1.125953404085274
12.66 1.126473670230924
12.67 1.126941511858882
12.68 1.127356177164204
12.69 1.127717002302291
12.70 1.128023411534724
12.71 1.128274917344180
12.72 1.128471120523326
12.73 1.128611710241866
12.74 1.128696464095175
12.75 1.128725248137168
12.76 1.128698016899320
12.77 1.128614813396992
12.78 1.128475769123449
12.79 1.128281104031204
12.80 1.128031126499549
12.81 1.127726233286402
12.82 1.127366909461804
12.83 1.126953728319684
12.84 1.126487351263735
12.85 1.125968527662497
12.86 1.125398094668034
12.87 1.124776976991825
12.88 1.124106186630794
12.89 1.123386822535704
12.90 1.122620070213446
12.91 1.121807201254093
12.92 1.120949572772959
12.93 1.120048626757306
12.94 1.119105889306776
12.95 1.118122969756092
12.96 1.117101559668146
12.97 1.116043431685153
12.98 1.114950438225242
12.99 1.113824510011590
13.00 1.112667654421053
13.01 1.111481953639186
13.02 1.110269562608584
13.03 1.109032706757657
13.04 1.107773679497266
13.05 1.106494839473073
13.06 1.105198607562094
13.07 1.103887463602701
13.08 1.102563942848254
13.09 1.101230632135710
13.10 1.099890165761837
13.11 1.098545221061216
13.12 1.097198513681885
13.13 1.095852792556454
13.14 1.094510834568557
13.15 1.093175438916882
13.16 1.091849421181456
13.17 1.090535607099537
13.18 1.089236826061283
13.19 1.087955904338284
13.20 1.086695658061130
13.21 1.085458885965296
13.22 1.084248361927801
13.23 1.083066827320305
13.24 1.081916983207450
13.25 1.080801482422327
13.26 1.079722921553938
13.27 1.078683832884266
13.28 1.077686676315187
13.29 1.076733831327726
13.30 1.075827589018141
13.31 1.074970144256969
13.32 1.074163588018328
13.33 1.073409899927563
13.34 1.072710941075600
13.35 1.072068447148090
13.36 1.071484021916719
13.37 1.070959131138680
13.38 1.070495096908479
13.39 1.070093092503811
13.40 1.069754137764320
13.41 1.069479095038582
13.42 1.069268665730791
13.43 1.069123387474231
13.44 1.069043631953963
13.45 1.069029603396115
13.46 1.069081337735905
13.47 1.069198702471109
13.48 1.069381397202157
13.49 1.069628954854492
13.50 1.069940743573371
13.51 1.070315969275911
13.52 1.070753678840100
13.53 1.071252763905605
13.54 1.071811965256740
13.55 1.072429877753844
13.56 1.073104955775666
13.57 1.073835519132222
13.58 1.074619759404914
13.59 1.075455746668624
13.60 1.076341436548935
13.61 1.077274677566635
13.62 1.078253218721182
13.63 1.079274717264876
13.64 1.080336746620047
13.65 1.081436804392566
13.66 1.082572320436467
13.67 1.083740664926263
13.68 1.084939156395737
13.69 1.086165069704445
13.70 1.087415643895866
13.71 1.088688089914018
13.72 1.089979598148423
13.73 1.091287345780403
13.74 1.092608503906880
13.75 1.093940244421051
13.76 1.095279746632448
13.77 1.096624203611987
13.78 1.097970828250614
13.79 1.099316859023002
13.80 1.100659565450513
13.81 1.101996253260156
13.82 1.103324269238692
13.83 1.104641005783205
13.84 1.105943905151482
13.85 1.107230463417302
13.86 1.108498234137402
13.87 1.109744831738221
13.88 1.110967934631786
13.89 1.112165288071103
13.90 1.113334706756270
13.91 1.114474077203211
13.92 1.115581359887430
13.93 1.116654591175555
13.94 1.117691885057702
13.95 1.118691434693722
13.96 1.119651513786462
13.97 1.120570477794970
13.98 1.121446765000433
13.99 1.122278897437276
14.00 1.123065481701526
14.01 1.123805209648068
14.02 1.124496858987958
14.03 1.125139293796398
14.04 1.125731464941379
14.05 1.126272410442417
14.06 1.126761255768115
14.07 1.127197214080628
14.08 1.127579586434423
14.09 1.127907761935991
14.10 1.128181217870464
14.11 1.128399519800343
14.12 1.128562321640811
14.13 1.128669365715345
14.14 1.128720482794604
14.15 1.128715592120789
14.16 1.128654701418944
14.17 1.128537906895887
14.18 1.128365393226698
14.19 1.128137433527945
14.20 1.127854389316061
14.21 1.127516710448524
14.22 1.127124935044748
14.23 1.126679689382825
14.24 1.126181687767529
14.25 1.125631732364231
14.26 1.125030712992666
14.27 1.124379606873738
14.28 1.123679478321889
14.29 1.122931478374799
14.30 1.122136844351588
14.31 1.121296899329980
14.32 1.120413051532324
14.33 1.119486793609749
14.34 1.118519701813228
14.35 1.117513435039811
14.36 1.116469733741887
14.37 1.115390418686950
14.38 1.114277389555083
14.39 1.113132623361144
14.40 1.111958172688584
14.41 1.110756163721766
14.42 1.109528794063849
14.43 1.108278330327483
14.44 1.107007105486014
14.45 1.105717515973391
14.46 1.104412018521709
14.47 1.103093126726174
14.48 1.101763407328351
14.49 1.100425476209783
14.50 1.099081994089520
14.51 1.097735661920736
14.52 1.096389215983429
14.53 1.095045422672253
14.54 1.093707072980745
14.55 1.092376976685631
14.56 1.091057956237477
14.57 1.089752840366719
14.58 1.088464457416975
14.59 1.087195628420565
14.60 1.085949159934292
14.61 1.084727836656642
14.62 1.083534413850817
14.63 1.082371609601146
14.64 1.081242096933542
14.65 1.080148495833701
14.66 1.079093365199585
14.67 1.078079194767421
14.68 1.077108397052813
14.69 1.076183299350750
14.70 1.075306135839989
14.71 1.074479039838722
14.72 1.073704036259350
14.73 1.072983034310668
14.74 1.072317820495733
14.75 1.071710051953124
14.76 1.071161250188217
14.77 1.070672795239430
14.78 1.070245920322227
14.79 1.069881706990896
14.80 1.069581080854909
14.81 1.069344807882928
14.82 1.069173491323330
14.83 1.069067569265601
14.84 1.069027312862003
14.85 1.069052825223789
14.86 1.069144041000838
14.87 1.069300726648117
14.88 1.069522481376802
14.89 1.069808738782415
14.90 1.070158769136889
14.91 1.070571682326288
14.92 1.071046431410921
14.93 1.071581816779954
14.94 1.072176490868346
14.95 1.072828963400131
14.96 1.073537607118677
14.97 1.074300663961715
14.98 1.075116251636642
14.99 1.075982370549764
15.00 1.076896911042010
15.01 1.077857660882881
15.02 1.078862312974327
15.03 1.079908473216560
15.04 1.080993668488657
15.05 1.082115354698112
15.06 1.083270924855153
15.07 1.084457717129698
15.08 1.085673022851164
15.09 1.086914094413977
15.10 1.088178153054420
15.11 1.089462396467472
15.12 1.090764006235374
15.13 1.092080155042823
15.14 1.093408013656881
15.15 1.094744757652877
15.16 1.096087573870667
15.17 1.097433666588689
15.18 1.098780263406144
15.19 1.100124620826423
15.20 1.101464029537551
15.21 1.102795819387833
15.22 1.104117364057194
15.23 1.105426085426765
15.24 1.106719457651148
15.25 1.107995010939466
15.26 1.109250335052817
15.27 1.110483082526996
15.28 1.111690971630479
15.29 1.112871789068566
15.30 1.114023392445326
15.31 1.115143712495565
15.32 1.116230755099463
15.33 1.117282603092802
15.34 1.118297417885877
15.35 1.119273440904181
15.36 1.120208994863908
15.37 1.121102484895108
15.38 1.121952399525099
15.39 1.122757311534356
15.40 1.123515878696718
15.41 1.124226844415256
15.42 1.124889038264646
15.43 1.125501376450290
15.44 1.126062862193844
15.45 1.126572586054176
15.46 1.127029726192082
15.47 1.127433548586435
15.48 1.127783407208717
15.49 1.128078744162169
15.50 1.128319089791068
15.51 1.128504062764886
15.52 1.128633370141365
15.53 1.128706807411765
15.54 1.128724258530803
15.55 1.128685695933039
15.56 1.128591180536702
15.57 1.128440861735198
15.58 1.128234977375775
15.59 1.127973853724061
15.60 1.127657905412430
15.61 1.127287635369406
15.62 1.126863634726546
15.63 1.126386582698504
15.64 1.125857246431229
15.65 1.125276480812521
15.66 1.124645228238423
15.67 1.123964518328248
15.68 1.123235467580297
15.69 1.122459278959683
15.70 1.121637241408996
15.71 1.120770729271927
15.72 1.119861201619369
15.73 1.118910201466962
15.74 1.117919354872555
15.75 1.116890369901570
15.76 1.115825035447917
15.77 1.114725219897750
15.78 1.113592869623134
15.79 1.112430007292561
15.80 1.111238729985204
15.81 1.110021207095859
15.82 1.108779678017762
15.83 1.107516449590752
15.84 1.106233893302778
15.85 1.104934442233356
15.86 1.103620587728412
15.87 1.102294875796901
15.88 1.100959903220807
15.89 1.099618313371433
15.90 1.098272791726503
15.91 1.096926061084301
15.92 1.095580876473075
15.93 1.094240019756048
15.94 1.092906293934741
15.95 1.091582517155820
15.96 1.090271516429375
15.97 1.088976121069384
15.98 1.087699155870062
15.99 1.086443434034899
16.00 1.085211749878285
16.01 1.084006871322866
16.02 1.082831532218897
16.03 1.081688424515052
16.04 1.080580190313178
16.05 1.079509413842441
16.06 1.078478613391010
16.07 1.077490233236022
16.08 1.076546635614728
16.09 1.075650092781695
16.10 1.074802779198445
16.11 1.074006763903044
16.12 1.073264003107808
16.13 1.072576333073485
16.14 1.071945463307890
16.15 1.071372970136138
16.16 1.070860290688147
16.17 1.070408717347129
16.18 1.070019392700256
16.19 1.069693305029658
16.20 1.069431284378347
16.21 1.069233999221672
16.22 1.069101953770508
16.23 1.069035485927574
16.24 1.069034765913255
16.25 1.069099795571942
16.26 1.069230408364517
16.27 1.069426270047020
16.28 1.069686880030038
16.29 1.070011573407876
16.30 1.070399523641288
16.31 1.070849745872450
16.32 1.071361100846096
16.33 1.071932299406286
16.34 1.072561907534311
16.35 1.073248351889637
16.36 1.073989925812767
16.37 1.074784795746363
16.38 1.075631008028966
16.39 1.076526496014231
16.40 1.077469087467683
16.41 1.078456512192649
16.42 1.079486409837193
16.43 1.080556337834520
16.44 1.081663779430421
16.45 1.082806151752891
16.46 1.083980813880909
16.47 1.085185074871654
16.48 1.086416201707898
16.49 1.087671427130099
16.50 1.088947957320624
16.51 1.090242979410587
16.52 1.091553668782947
16.53 1.092877196148684
16.54 1.094210734376048
16.55 1.095551465056039
16.56 1.096896584790335
16.57 1.098243311190853
16.58 1.099588888582987
16.59 1.100930593407238
16.60 1.102265739316488
16.61 1.103591681968515
16.62 1.104905823515499
16.63 1.106205616794216
16.64 1.107488569222415
16.65 1.108752246408374
16.66 1.109994275482055
16.67 1.111212348157417
16.68 1.112404223536442
16.69 1.113567730666237
16.70 1.114700770861235
16.71 1.115801319802966
16.72 1.116867429430254
16.73 1.117897229632856
16.74 1.118888929761663
16.75 1.119840819968529
16.76 1.120751272388665
16.77 1.121618742178290
16.78 1.122441768419948
16.79 1.123218974907455
16.80 1.123949070822057
16.81 1.124630851310829
16.82 1.125263197977806
16.83 1.125845079297748
16.84 1.126375550961811
16.85 1.126853756163735
16.86 1.127278925834492
16.87 1.127650378832628
16.88 1.127967522096825
16.89 1.128229850766475
16.90 1.128436948275337
16.91 1.128588486422587
16.92 1.128684225424829
16.93 1.128724013951894
16.94 1.128707789148459
16.95 1.128635576642821
16.96 1.128507490543334
16.97 1.128323733422308
16.98 1.128084596286383
16.99 1.127790458531639
17.00 1.127441787880945
17.01 1.127039140300301
17.02 1.126583159890160
17.03 1.126074578746988
17.04 1.125514216789570
17.05 1.124902981543844
17.06 1.124241867879329
17.07 1.123531957689483
17.08 1.122774419507688
17.09 1.121970508049831
17.10 1.121121563673874
17.11 1.120229011746136
17.12 1.119294361903497
17.13 1.118319207200162
17.14 1.117305223127173
17.15 1.116254166492449
17.16 1.115167874148749
17.17 1.114048261556746
17.18 1.112897321170160
17.19 1.111717120629857
17.20 1.110509800753822
17.21 1.109277573310094
17.22 1.108022718559981
17.23 1.106747582559351
17.24 1.105454574206322
17.25 1.104146162024448
17.26 1.102824870671381
17.27 1.101493277164111
17.28 1.100154006813151
17.29 1.098809728859514
17.30 1.097463151810015
17.31 1.096117018468295
17.32 1.094774100661046
17.33 1.093437193661178
17.34 1.092109110312109
17.35 1.090792674860020
17.36 1.089490716503635
17.37 1.088206062674079
17.38 1.086941532060329
17.39 1.085699927398957
17.40 1.084484028049974
17.41 1.083296582383824
17.42 1.082140300007711
17.43 1.081017843862552
17.44 1.079931822224842
17.45 1.078884780650536
17.46 1.077879193900663
17.47 1.076917457890772
17.48 1.076001881708330
17.49 1.075134679743895
17.50 1.074317963983189
17.51 1.073553736508022
17.52 1.072843882254424
17.53 1.072190162076167
17.54 1.071594206161220
17.55 1.071057507847470
17.56 1.070581417882263
17.57 1.070167139168030
17.58 1.069815722033432
17.59 1.069528060066071
17.60 1.069304886539054
17.61 1.069146771459374
17.62 1.069054119261500
17.63 1.069027167164543
17.64 1.069065984206213
17.65 1.069170470961321
17.66 1.069340359947130
17.67 1.069575216712248
17.68 1.069874441600329
17.69 1.070237272174413
17.70 1.070662786282615
17.71 1.071149905740912
17.72 1.071697400604264
17.73 1.072303893993064
17.74 1.072967867438230
17.75 1.073687666704941
17.76 1.074461508052316
17.77 1.075287484884109
17.78 1.076163574743833
17.79 1.077087646606616
17.80 1.078057468419527
17.81 1.079070714842069
17.82 1.080124975138984
17.83 1.081217761178461
17.84 1.082346515490202
17.85 1.083508619339552
17.86 1.084701400776021
17.87 1.085922142616931
17.88 1.087168090329559
17.89 1.088436459778051
17.90 1.089724444804344
17.91 1.091029224615479
17.92 1.092347970952857
17.93 1.093677855022162
17.94 1.095016054165867
17.95 1.096359758263317
17.96 1.097706175846411
17.97 1.099052539921801
17.98 1.100396113493284
17.99 1.101734194780637
18.00 1.103064122133586
18.01 1.104383278641822
18.02 1.105689096444014
18.03 1.106979060740602
18.04 1.108250713516820
18.05 1.109501656983795
18.06 1.110729556746877
18.07 1.111932144711346
18.08 1.113107221736599
18.09 1.114252660050556
18.10 1.115366405436624
18.11 1.116446479205925
18.12 1.117490979967760
18.13 1.118498085211397
18.14 1.119466052712290
18.15 1.120393221775726
18.16 1.121278014330705
18.17 1.122118935886565
18.18 1.122914576364535
18.19 1.123663610815922
18.20 1.124364800038215
18.21 1.125016991099795
18.22 1.125619117783413
18.23 1.126170200957950
18.24 1.126669348887333
18.25 1.127115757484838
18.26 1.127508710520281
18.27 1.127847579786903
18.28 1.128131825234065
18.29 1.128360995071072
18.30 1.128534725846777
18.31 1.128652742508801
18.32 1.128714858445510
18.33 1.128720975513091
18.34 1.128671084049344
18.35 1.128565262875020
18.36 1.128403679282798
18.37 1.128186589013216
18.38 1.127914336216132
18.39 1.127587353395498
18.40 1.127206161334523
18.41 1.126771368997497
18.42 1.126283673403843
18.43 1.125743859469182
18.44 1.125152799807509
18.45 1.124511454487795
18.46 1.123820870737672
18.47 1.123082182586135
18.48 1.122296610436521
18.49 1.121465460560375
18.50 1.120590124502212
18.51 1.119672078384559
18.52 1.118712882102150
18.53 1.117714178393639
18.54 1.116677691778752
18.55 1.115605227348432
18.56 1.114498669395233
18.57 1.113359979870986
18.58 1.112191196658664
18.59 1.110994431645326
18.60 1.109771868583154
18.61 1.108525760725778
18.62 1.107258428227486
18.63 1.105972255293419
18.64 1.104669687069496
18.65 1.103353226261707
18.66 1.102025429475376
18.67 1.100688903266257
18.68 1.099346299896676
18.69 1.098000312791580
18.70 1.096653671691093
18.71 1.095309137498233
18.72 1.093969496822581
18.73 1.092637556223114
18.74 1.091316136155935
18.75 1.090008064635384
18.76 1.088716170619853
18.77 1.087443277136645
18.78 1.086192194163284
18.79 1.084965711285847
18.80 1.083766590158073
18.81 1.082597556788189
18.82 1.081461293683518
18.83 1.080360431885974
18.84 1.079297542934444
18.85 1.078275130792770
18.86 1.077295623784511
18.87 1.076361366577828
18.88 1.075474612265693
18.89 1.074637514588078
18.90 1.073852120343800
18.91 1.073120362040269
18.92 1.072444050829459
18.93 1.071824869777976
18.94 1.071264367518078
18.95 1.070763952325002
18.96 1.070324886663827
18.97 1.069948282246497
18.98 1.069635095636474
18.99 1.069386124434851
19.00 1.069202004077662
19.01 1.069083205269651
19.02 1.069030032074904
19.03 1.069042620679645
19.04 1.069120938837132
19.05 1.069264785999153
19.06 1.069473794133048
19.07 1.069747429217669
19.08 1.070084993406268
19.09 1.070485627839032
19.10 1.070948316082951
19.11 1.071471888172028
19.12 1.072055025216440
19.13 1.072696264545406
19.14 1.073394005344997
19.15 1.074146514749225
19.16 1.074951934340291
19.17 1.075808287012005
19.18 1.076713484149066
19.19 1.077665333074084
19.20 1.078661544714020
19.21 1.079699741437923
19.22 1.080777465018650
19.23 1.081892184672412
19.24 1.083041305131622
19.25 1.084222174708476
19.26 1.085432093309017
19.27 1.086668320359976
19.28 1.087928082613468
19.29 1.089208581797613
19.30 1.090507002084170
19.31 1.091820517347493
19.32 1.093146298192254
19.33 1.094481518730580
19.34 1.095823363092396
19.35 1.097169031655778
19.36 1.098515746987116
19.37 1.099860759483669
19.38 1.101201352713753
19.39 1.102534848452316
19.40 1.103858611411937
19.41 1.105170053671407
19.42 1.106466638805991
19.43 1.107745885725142
19.44 1.109005372225022
19.45 1.110242738264450
19.46 1.111455688974072
19.47 1.112641997409492
19.48 1.113799507059852
19.49 1.114926134124011
19.50 1.116019869566867
19.51 1.117078780968729
19.52 1.118101014180783
19.53 1.119084794799764
19.54 1.120028429474901
19.55 1.120930307060001
19.56 1.121788899623345
19.57 1.122602763327687
19.58 1.123370539192280
19.59 1.124090953748376
19.60 1.124762819599141
19.61 1.125385035894354
19.62 1.125956588729665
19.63 1.126476551479558
19.64 1.126944085072496
19.65 1.127358438216039
19.66 1.127718947579038
19.67 1.128025037937285
19.68 1.128276222288253
19.69 1.128472101939854
19.70 1.128612366577378
19.71 1.128696794312017
19.72 1.128725251713651
19.73 1.128697693829794
19.74 1.128614164191849
19.75 1.128474794809050
19.76 1.128279806149731
19.77 1.128029507108772
19.78 1.127724294959348
19.79 1.127364655286307
19.80 1.126951161897802
19.81 1.126484476710997
19.82 1.125965349606957
19.83 1.125394618249096
19.84 1.124773207858795
19.85 1.124102130941122
19.86 1.123382486952866
19.87 1.122615461904411
19.88 1.121802327886325
19.89 1.120944442510895
19.90 1.120043248258247
19.91 1.119100271716118
19.92 1.118117122701846
19.93 1.117095493254658
19.94 1.116037156485967
19.95 1.114943965275014
19.96 1.113817850796998
19.97 1.112660820870610
19.98 1.111474958111886
19.99 1.110262417881302
20.00 1.109025426011240
