0.00 -19.721137390428662
0.01 -19.718485147812480
0.02 -19.715830313049405
0.03 -19.713191916530828
0.04 -19.710588626963354
0.05 -19.708038641269692
0.06 -19.705559580835029
0.07 -19.703168394239192
0.08 -19.700881266559129
0.09 -19.698713535278593
0.10 -19.696679612802193
0.11 -19.694792915538891
0.12 -19.693065799495209
0.13 -19.691509502300185
0.14 -19.690134091572226
0.15 -19.688948419531574
0.16 -19.687960083761109
0.17 -19.687175394021221
0.18 -19.686599345031901
0.19 -19.686235595145657
0.20 -19.686086450848119
0.21 -19.686152857038675
0.22 -19.686434393060392
0.23 -19.686929274466646
0.24 -19.687634360529934
0.25 -19.688545167516914
0.26 -19.689655887770876
0.27 -19.690959414659119
0.28 -19.692447373456744
0.29 -19.694110158250204
0.30 -19.695936974952303
0.31 -19.697915890525348
0.32 -19.700033888509719
0.33 -19.702276930950724
0.34 -19.704630026807088
0.35 -19.707077306908428
0.36 -19.709602105507159
0.37 -19.712187048440729
0.38 -19.714814147883548
0.39 -19.717464903623330
0.40 -19.720120410743931
0.41 -19.722761473535655
0.42 -19.725368725384548
0.43 -19.727922754314417
0.44 -19.730404233769182
0.45 -19.732794058129503
0.46 -19.735073482356789
0.47 -19.737224265050429
0.48 -19.739228814091870
0.49 -19.741070333932960
0.50 -19.742732973467856
0.51 -19.744201973309188
0.52 -19.745463811173007
0.53 -19.746506343965176
0.54 -19.747318945057675
0.55 -19.747892635149363
0.56 -19.748220205025852
0.57 -19.748296328470083
0.58 -19.748117663533147
0.59 -19.747682940356771
0.60 -19.746993033748474
0.61 -19.746051018750759
0.62 -19.744862207519812
0.63 -19.743434165939298
0.64 -19.741776708543220
0.65 -19.739901870509058
0.66 -19.737823855709603
0.67 -19.735558960077427
0.68 -19.733125469839191
0.69 -19.730543534514215
0.70 -19.727835014939437
0.71 -19.725023306975675
0.72 -19.722133141961411
0.73 -19.719190365402859
0.74 -19.716221695814152
0.75 -19.713254466039441
0.76 -19.710316349790407
0.77 -19.707435076506236
0.78 -19.704638137980030
0.79 -19.701952490483702
0.80 -19.699404256354651
0.81 -19.697018429172243
0.82 -19.694818586743537
0.83 -19.692826616129810
0.84 -19.691062454874348
0.85 -19.689543852436262
0.86 -19.688286155594678
0.87 -19.687302121266342
0.88 -19.686601759781702
0.89 -19.686192211198232
0.90 -19.686077656704505
0.91 -19.686259266595513
0.92 -19.686735185692328
0.93 -19.687500556451351
0.94 -19.688547579374614
0.95 -19.689865609708015
0.96 -19.691441288813689
0.97 -19.693258708039398
0.98 -19.695299602394932
0.99 -19.697543570893931
1.00 -19.699968320038518
1.01 -19.702549926620453
1.02 -19.705263115791485
1.03 -19.708081550218793
1.04 -19.710978126089650
1.05 -19.713925271759717
1.06 -19.716895244948098
1.07 -19.719860424562828
1.08 -19.722793593485139
1.09 -19.725668208941304
1.10 -19.728458657436423
1.11 -19.731140491605942
1.12 -19.733690646746471
1.13 -19.736087635208328
1.14 -19.738311717257197
1.15 -19.740345047433220
1.16 -19.742171795843490
1.17 -19.743778244211462
1.18 -19.745152856868213
1.19 -19.746286327200117
1.20 -19.747171600362506
1.21 -19.747803873325854
1.22 -19.748180573539120
1.23 -19.748301317673416
1.24 -19.748167852048461
1.25 -19.747783976446396
1.26 -19.747155453083508
1.27 -19.746289902543655
1.28 -19.745196688480124
1.29 -19.743886792868899
1.30 -19.742372683549060
1.31 -19.740668175719065
1.32 -19.738788288974039
1.33 -19.736749101372880
1.34 -19.734567601917682
1.35 -19.732261542714983
1.36 -19.729849291971284
1.37 -19.727349688856773
1.38 -19.724781901153186
1.39 -19.722165286486419
1.40 -19.719519257833191
1.41 -19.716863153885249
1.42 -19.714216114755363
1.43 -19.711596963417115
1.44 -19.709024093186592
1.45 -19.706515361477884
1.46 -19.704087989996793
1.47 -19.701758471478140
1.48 -19.699542483021016
1.49 -19.697454806033726
1.50 -19.695509252765135
1.51 -19.693718599371497
1.52 -19.692094525447153
1.53 -19.690647559933112
1.54 -19.689387033309224
1.55 -19.688321035972365
1.56 -19.687456382704742
1.57 -19.686798583142174
1.58 -19.686351818161487
1.59 -19.686118922118464
1.60 -19.686101370882437
1.61 -19.686299275630031
1.62 -19.686711382378352
1.63 -19.687335077255998
1.64 -19.688166397528896
1.65 -19.689200048415422
1.66 -19.690429425742295
1.67 -19.691846644507525
1.68 -19.693442573429415
1.69 -19.695206875570548
1.70 -19.697128055131941
1.71 -19.699193510514981
1.72 -19.701389593746335
1.73 -19.703701676353528
1.74 -19.706114221765592
1.75 -19.708610864293533
1.76 -19.711174494718854
1.77 -19.713787352484683
1.78 -19.716431124442543
1.79 -19.719087050058317
1.80 -19.721736032923211
1.81 -19.724358758349226
1.82 -19.726935816754203
1.83 -19.729447832458494
1.84 -19.731875597424587
1.85 -19.734200209372840
1.86 -19.736403213601616
1.87 -19.738466747729657
1.88 -19.740373688463773
1.89 -19.742107799377184
1.90 -19.743653878565343
1.91 -19.744997904928603
1.92 -19.746127181717153
1.93 -19.747030475866257
1.94 -19.747698151551454
1.95 -19.748122296307592
1.96 -19.748296837985627
1.97 -19.748217650770371
1.98 -19.747882648454613
1.99 -19.747291863163365
2.00 -19.746447507750069
2.01 -19.745354020147154
2.02 -19.744018088049234
2.03 -19.742448652440576
2.04 -19.740656888650378
2.05 -19.738656163831152
2.06 -19.736461970006239
2.07 -19.734091832121262
2.08 -19.731565190858838
2.09 -19.728903260332160
2.10 -19.726128861156798
2.11 -19.723266229805120
2.12 -19.720340805566650
2.13 -19.717378996863058
2.14 -19.714407929088210
2.15 -19.711455176553038
2.16 -19.708548481500749
2.17 -19.705715463510291
2.18 -19.702983322914250
2.19 -19.700378542111856
2.20 -19.697926588849363
2.21 -19.695651625660780
2.22 -19.693576229705471
2.23 -19.691721127200875
2.24 -19.690104946525768
2.25 -19.688743993862005
2.26 -19.687652054952185
2.27 -19.686840226182014
2.28 -19.686316777755135
2.29 -19.686087051224963
2.30 -19.686153393091800
2.31 -19.686515125578236
2.32 -19.687168555073953
2.33 -19.688107018107949
2.34 -19.689320964076273
2.35 -19.690798073341579
2.36 -19.692523408741437
2.37 -19.694479598008435
2.38 -19.696647044128305
2.39 -19.699004160253040
2.40 -19.701527625451305
2.41 -19.704192657324977
2.42 -19.706973297350782
2.43 -19.709842704721385
2.44 -19.712773454459022
2.45 -19.715737835653425
2.46 -19.718708145829467
2.47 -19.721656977670349
2.48 -19.724557494602315
2.49 -19.727383692075765
2.50 -19.730110641746656
2.51 -19.732714716159350
2.52 -19.735173791948437
2.53 -19.737467430001448
2.54 -19.739577031448029
2.55 -19.741485968754780
2.56 -19.743179691601252
2.57 -19.744645807584693
2.58 -19.745874138143819
2.59 -19.746856750400692
2.60 -19.747587965891650
2.61 -19.748064347391875
2.62 -19.748284665231775
2.63 -19.748249844658083
2.64 -19.747962895908735
2.65 -19.747428828750643
2.66 -19.746654553274723
2.67 -19.745648768757384
2.68 -19.744421842383467
2.69 -19.742985679587505
2.70 -19.741353587710083
2.71 -19.739540134588868
2.72 -19.737561003611848
2.73 -19.735432846657762
2.74 -19.733173136237689
2.75 -19.730800018036280
2.76 -19.728332164932695
2.77 -19.725788633462869
2.78 -19.723188723568370
2.79 -19.720551842363690
2.80 -19.717897372546155
2.81 -19.715244545970378
2.82 -19.712612322814319
2.83 -19.710019276676785
2.84 -19.707483485866895
2.85 -19.705022431075289
2.86 -19.702652899554344
2.87 -19.700390895880712
2.88 -19.698251559327559
2.89 -19.696249087835955
2.90 -19.694396668544393
2.91 -19.692706414812125
2.92 -19.691189309655162
2.93 -19.689855155503245
2.94 -19.688712530180865
2.95 -19.687768749015280
2.96 -19.687029832978713
2.97 -19.686500482779785
2.98 -19.686184058830634
2.99 -19.686082567029747
3.00 -19.686196650316536
3.01 -19.686525585970855
3.02 -19.687067288648798
3.03 -19.687818319164514
3.04 -19.688773899045859
3.05 -19.689927930908880
3.06 -19.691273024711883
3.07 -19.692800529963449
3.08 -19.694500573969865
3.09 -19.696362106215144
3.10 -19.698372948970803
3.11 -19.700519854232162
3.12 -19.702788567072432
3.13 -19.705163895494845
3.14 -19.707629786846063
3.15 -19.710169410830257
3.16 -19.712765249132381
3.17 -19.715399191620847
3.18 -19.718052639053333
3.19 -19.720706612155038
3.20 -19.723341866875725
3.21 -19.725939015560574
3.22 -19.728478653690182
3.23 -19.730941491757299
3.24 -19.733308491752542
3.25 -19.735561007628835
3.26 -19.737680929006178
3.27 -19.739650827264779
3.28 -19.741454103058071
3.29 -19.743075134158506
3.30 -19.744499422430952
3.31 -19.745713738612924
3.32 -19.746706263470536
3.33 -19.747466723796837
3.34 -19.747986521628100
3.35 -19.748258854977191
3.36 -19.748278828324363
3.37 -19.748043551068832
3.38 -19.747552222132143
3.39 -19.746806198920591
3.40 -19.745809048901343
3.41 -19.744566582128968
3.42 -19.743086863177481
3.43 -19.741380201089818
3.44 -19.739459116152929
3.45 -19.737338282542204
3.46 -19.735034446153271
3.47 -19.732566317250079
3.48 -19.729954437902563
3.49 -19.727221024560986
3.50 -19.724389786511573
3.51 -19.721485721372296
3.52 -19.718534889211934
3.53 -19.715564167299409
3.54 -19.712600987906093
3.55 -19.709673061979707
3.56 -19.706808091875278
3.57 -19.704033476655074
3.58 -19.701376013746156
3.59 -19.698861600961262
3.60 -19.696514943037698
3.61 -19.694359266923527
3.62 -19.692416050034012
3.63 -19.690704765611727
3.64 -19.689242649149026
3.65 -19.688044489573155
3.66 -19.687122448555144
3.67 -19.686485910890116
3.68 -19.686141368416276
3.69 -19.686092339402908
3.70 -19.686339324756041
3.71 -19.686879801777291
3.72 -19.687708255580780
3.73 -19.688816247640187
3.74 -19.690192520317371
3.75 -19.691823135630415
3.76 -19.693691645965789
3.77 -19.695779293939058
3.78 -19.698065238171907
3.79 -19.700526801388822
3.80 -19.703139736951016
3.81 -19.705878509742671
3.82 -19.708716587206727
3.83 -19.711626736294050
3.84 -19.714581322137867
3.85 -19.717552604390676
3.86 -19.720513027356084
3.87 -19.723435500306017
3.88 -19.726293664684960
3.89 -19.729062145257309
3.90 -19.731716782641538
3.91 -19.734234845085119
3.92 -19.736595217756356
3.93 -19.738778568254602
3.94 -19.740767487458449
3.95 -19.742546605235827
3.96 -19.744102680921841
3.97 -19.745424668825006
3.98 -19.746503759344908
3.99 -19.747333396571062
4.00 -19.747909273481010
4.01 -19.748229306065362
4.02 -19.748293587876930
4.03 -19.748104326632316
4.04 -19.747665764588053
4.05 -19.746984084471901
4.06 -19.746067302776371
4.07 -19.744925152217977
4.08 -19.743568955136734
4.09 -19.742011489558394
4.10 -19.740266849570897
4.11 -19.738350301579921
4.12 -19.736278137909537
4.13 -19.734067529105939
4.14 -19.731736376188120
4.15 -19.729303163971814
4.16 -19.726786816474302
4.17 -19.724206555290383
4.18 -19.721581761714916
4.19 -19.718931843277463
4.20 -19.716276105249886
4.21 -19.713633627590095
4.22 -19.711023147694789
4.23 -19.708462949251579
4.24 -19.705970757406870
4.25 -19.703563640400020
4.26 -19.701257917757260
4.27 -19.699069075089540
4.28 -19.697011685497635
4.29 -19.695099337554574
4.30 -19.693344569809220
4.31 -19.691758811735728
4.32 -19.690352331040572
4.33 -19.689134187231627
4.34 -19.688112191351827
4.35 -19.687292871782279
4.36 -19.686681446026657
4.37 -19.686281798398298
4.38 -19.686096463544633
4.39 -19.686126615758500
4.40 -19.686372064042700
4.41 -19.686831252912004
4.42 -19.687501268935268
4.43 -19.688377853038364
4.44 -19.689455418606535
4.45 -19.690727075440876
4.46 -19.692184659638361
4.47 -19.693818769476881
4.48 -19.695618807395899
4.49 -19.697573028168812
4.50 -19.699668593364560
4.51 -19.701891632192389
4.52 -19.704227308815181
4.53 -19.706659896201845
4.54 -19.709172856568291
4.55 -19.711748928428463
4.56 -19.714370220241410
4.57 -19.717018310597222
4.58 -19.719674354833330
4.59 -19.722319197912984
4.60 -19.724933493329782
4.61 -19.727497827725504
4.62 -19.729992850824011
4.63 -19.732399410191451
4.64 -19.734698690233113
4.65 -19.736872354731418
4.66 -19.738902692117712
4.67 -19.740772762555100
4.68 -19.742466545791448
4.69 -19.743969088623224
4.70 -19.745266650693942
4.71 -19.746346847238208
4.72 -19.747198787276727
4.73 -19.747813205671832
4.74 -19.748182587370312
4.75 -19.748301282094634
4.76 -19.748165607697331
4.77 -19.747773940371413
4.78 -19.747126789913921
4.79 -19.746226858275083
4.80 -19.745079079693500
4.81 -19.743690640821907
4.82 -19.742070979389677
4.83 -19.740231760129245
4.84 -19.738186826913651
4.85 -19.735952130312047
4.86 -19.733545630066782
4.87 -19.730987172327524
4.88 -19.728298341840890
4.89 -19.725502289682833
4.90 -19.722623537529948
4.91 -19.719687759886966
4.92 -19.716721546112925
4.93 -19.713752144508572
4.94 -19.710807191132410
4.95 -19.707914426392104
4.96 -19.705101402801574
4.97 -19.702395187591193
4.98 -19.699822064099823
4.99 -19.697407236054097
5.00 -19.695174538944308
5.01 -19.693146162732234
5.02 -19.691342390069178
5.03 -19.689781354061150
5.04 -19.688478819391765
5.05 -19.687447990305362
5.06 -19.686699348567462
5.07 -19.686240524064097
5.08 -19.686076200185461
5.09 -19.686208055573623
5.10 -19.686634743211265
5.11 -19.687351907203162
5.12 -19.688352236968090
5.13 -19.689625557931947
5.14 -19.691158957206941
5.15 -19.692936942171272
5.16 -19.694941629341521
5.17 -19.697152960467498
5.18 -19.699548942385569
5.19 -19.702105906849710
5.20 -19.704798786324229
5.21 -19.707601401571090
5.22 -19.710486756798769
5.23 -19.713427338156436
5.24 -19.716395411453089
5.25 -19.719363315150122
5.26 -19.722303744910562
5.27 -19.725190026279620
5.28 -19.727996372410221
5.29 -19.730698124122970
5.30 -19.733271969992760
5.31 -19.735696144572934
5.32 -19.737950603293147
5.33 -19.740017172989052
5.34 -19.741879677432483
5.35 -19.743524037622208
5.36 -19.744938346961455
5.37 -19.746112921783673
5.38 -19.747040327989197
5.39 -19.747715384818630
5.40 -19.748135147013969
5.41 -19.748298866803076
5.42 -19.748207937289425
5.43 -19.747865818936958
5.44 -19.747277950911979
5.45 -19.746451649082388
5.46 -19.745395992482571
5.47 -19.744121700032526
5.48 -19.742640999256515
5.49 -19.740967488682347
5.50 -19.739115995521580
5.51 -19.737102430136435
5.52 -19.734943638694226
5.53 -19.732657255298321
5.54 -19.730261554767807
5.55 -19.727775307119824
5.56 -19.725217634690157
5.57 -19.722607872711869
5.58 -19.719965434059645
5.59 -19.717309678760689
5.60 -19.714659788772618
5.61 -19.712034648435356
5.62 -19.709452730918649
5.63 -19.706931990909325
5.64 -19.704489763713553
5.65 -19.702142670888673
5.66 -19.699906532467097
5.67 -19.697796285790552
5.68 -19.695825910936769
5.69 -19.694008362691878
5.70 -19.692355508999849
5.71 -19.690878075805028
5.72 -19.689585598194483
5.73 -19.688486377742791
5.74 -19.687587445962734
5.75 -19.686894533770616
5.76 -19.686412046883479
5.77 -19.686143047077437
5.78 -19.686089239250595
5.79 -19.686250964250274
5.80 -19.686627197441631
5.81 -19.687215553013182
5.82 -19.688012294032948
5.83 -19.689012348286909
5.84 -19.690209329948519
5.85 -19.691595567143089
5.86 -19.693162135484236
5.87 -19.694898897669763
5.88 -19.696794549231463
5.89 -19.698836670536309
5.90 -19.701011785134945
5.91 -19.703305424546944
5.92 -19.705702199559745
5.93 -19.708185878099926
5.94 -19.710739469709882
5.95 -19.713345316630743
5.96 -19.715985191452095
5.97 -19.718640401240851
5.98 -19.721291898005532
5.99 -19.723920395287077
6.00 -19.726506490594410
6.01 -19.729030793321307
6.02 -19.731474057691731
6.03 -19.733817320183746
6.04 -19.736042040778351
6.05 -19.738130247270036
6.06 -19.740064681761627
6.07 -19.741828948348719
6.08 -19.743407660880397
6.09 -19.744786589565201
6.10 -19.745952805076570
6.11 -19.746894818703232
6.12 -19.747602716990059
6.13 -19.748068289226552
6.14 -19.748285146067474
6.15 -19.748248827515873
6.16 -19.747956898466732
6.17 -19.747409030003396
6.18 -19.746607064661656
6.19 -19.745555063931267
6.20 -19.744259336354578
6.21 -19.742728444708696
6.22 -19.740973190923128
6.23 -19.739006577589826
6.24 -19.736843745166745
6.25 -19.734501884258648
6.26 -19.732000122677519
6.27 -19.729359387336252
6.28 -19.726602241408774
6.29 -19.723752697591632
6.30 -19.720836008719402
6.31 -19.717878437410871
6.32 -19.714907006846268
6.33 -19.711949235187742
6.34 -19.709032856545832
6.35 -19.706185531753366
6.36 -19.703434552524637
6.37 -19.700806542841949
6.38 -19.698327161614234
6.39 -19.696020810785789
6.40 -19.693910353129855
6.41 -19.692016843937612
6.42 -19.690359280704708
6.43 -19.688954374723803
6.44 -19.687816348215335
6.45 -19.686956760272292
6.46 -19.686384364465699
6.47 -19.686105000463908
6.48 -19.686121521470646
6.49 -19.686433758697127
6.50 -19.687038523465183
6.51 -19.687929646905960
6.52 -19.689098056587444
6.53 -19.690531888788009
6.54 -19.692216634547613
6.55 -19.694135317085646
6.56 -19.696268697687476
6.57 -19.698595506740361
6.58 -19.701092696251827
6.59 -19.703735709916089
6.60 -19.706498766610210
6.61 -19.709355153102546
6.62 -19.712277521741143
6.63 -19.715238188955261
6.64 -19.718209430544526
6.65 -19.721163769940301
6.66 -19.724074255894230
6.67 -19.726914726370676
6.68 -19.729660055782396
6.69 -19.732286383102345
6.70 -19.734771318798241
6.71 -19.737094128960283
6.72 -19.739235895416705
6.73 -19.741179651048050
6.74 -19.742910489910255
6.75 -19.744415652153808
6.76 -19.745684584073647
6.77 -19.746708973939569
6.78 -19.747482764535064
6.79 -19.748002143572556
6.80 -19.748265513353481
6.81 -19.748273441202798
6.82 -19.748028592330101
6.83 -19.747535646855333
6.84 -19.746801202788280
6.85 -19.745833666770491
6.86 -19.744643134378887
6.87 -19.743241261755891
6.88 -19.741641130274346
6.89 -19.739857105870808
6.90 -19.737904694591109
6.91 -19.735800395791081
6.92 -19.733561554325451
6.93 -19.731206212943107
6.94 -19.728752965988722
6.95 -19.726220815392281
6.96 -19.723629029811018
6.97 -19.720997007674494
6.98 -19.718344144774605
6.99 -19.715689706939205
7.00 -19.713052708231906
7.01 -19.710451795031840
7.02 -19.707905136266845
7.03 -19.705430320001025
7.04 -19.703044256513934
7.05 -19.700763087953224
7.06 -19.698602104595192
7.07 -19.696575667708604
7.08 -19.694697138985404
7.09 -19.692978816477346
7.10 -19.691431876959854
7.11 -19.690066324632806
7.12 -19.688890946061761
7.13 -19.687913271262353
7.14 -19.687139540833996
7.15 -19.686574679056402
7.16 -19.686222272873266
7.17 -19.686084556700681
7.18 -19.686162403013501
7.19 -19.686455318679922
7.20 -19.686961447032516
7.21 -19.687677575682343
7.22 -19.688599150101012
7.23 -19.689720293012844
7.24 -19.691033829655371
7.25 -19.692531318980485
7.26 -19.694203090879920
7.27 -19.696038289527301
7.28 -19.698024922933520
7.29 -19.700149918812606
7.30 -19.702399186850588
7.31 -19.704757687460013
7.32 -19.707209507086542
7.33 -19.709737940111513
7.34 -19.712325577364833
7.35 -19.714954401225221
7.36 -19.717605887240033
7.37 -19.720261112143678
7.38 -19.722900868092136
7.39 -19.725505782861202
7.40 -19.728056445677758
7.41 -19.730533538266958
7.42 -19.732917970604099
7.43 -19.735191020758670
7.44 -19.737334478110675
7.45 -19.739330789106670
7.46 -19.741163204606806
7.47 -19.742815927755775
7.48 -19.744274261192160
7.49 -19.745524752294664
7.50 -19.746555335052062
7.51 -19.747355467040109
7.52 -19.747916259895394
7.53 -19.748230601596852
7.54 -19.748293268803877
7.55 -19.748101027458848
7.56 -19.747652719845430
7.57 -19.746949336304827
7.58 -19.745994069854582
7.59 -19.744792352030135
7.60 -19.743351868381811
7.61 -19.741682552210008
7.62 -19.739796555310978
7.63 -19.737708194734633
7.64 -19.735433874823602
7.65 -19.732991984107755
7.66 -19.730402766967366
7.67 -19.727688170347452
7.68 -19.724871666199430
7.69 -19.721978050738706
7.70 -19.719033222029431
7.71 -19.716063937832704
7.72 -19.713097556071965
7.73 -19.710161760669433
7.74 -19.707284275879868
7.75 -19.704492572581959
7.76 -19.701813570273330
7.77 -19.699273338742877
7.78 -19.696896803555184
7.79 -19.694707459569294
7.80 -19.692727096721470
7.81 -19.690975542226532
7.82 -19.689470423191761
7.83 -19.688226953392643
7.84 -19.687257747634330
7.85 -19.686572666720643
7.86 -19.686178695583095
7.87 -19.686079856593881
7.88 -19.686277159512009
7.89 -19.686768588902694
7.90 -19.687549129241603
7.91 -19.688610827281902
7.92 -19.689942890638509
7.93 -19.691531820944576
7.94 -19.693361579374699
7.95 -19.695413781819141
7.96 -19.697667920545459
7.97 -19.700101608806726
7.98 -19.702690844556376
7.99 -19.705410289212804
8.00 -19.708233557284853
8.01 -19.711133512621810
8.02 -19.714082567086223
8.03 -19.717052977560503
8.04 -19.720017137382392
8.05 -19.722947858552331
8.06 -19.725818641358718
8.07 -19.728603928415033
8.08 -19.731279340485411
8.09 -19.733821891882489
8.10 -19.736210183642310
8.11 -19.738424573106357
8.12 -19.740447318960950
8.13 -19.742262701191084
8.14 -19.743857115792327
8.15 -19.745219144443737
8.16 -19.746339599673185
8.17 -19.747211546339042
8.18 -19.747830300507541
8.19 -19.748193407020768
8.20 -19.748300597226820
8.21 -19.748153728481071
8.22 -19.747756707127330
8.23 -19.747115396732120
8.24 -19.746237513376705
8.25 -19.745132509813018
8.26 -19.743811450264477
8.27 -19.742286877604361
8.28 -19.740572674576391
8.29 -19.738683920637882
8.30 -19.736636745908822
8.31 -19.734448183603533
8.32 -19.732136022208270
8.33 -19.729718658550958
8.34 -19.727214952790700
8.35 -19.724644086236772
8.36 -19.722025422791710
8.37 -19.719378374701989
8.38 -19.716722273194481
8.39 -19.714076244477596
8.40 -19.711459091494753
8.41 -19.708889181733838
8.42 -19.706384341320785
8.43 -19.703961755558456
8.44 -19.701637876013123
8.45 -19.699428334200597
8.46 -19.697347861881543
8.47 -19.695410217941230
8.48 -19.693628121801307
8.49 -19.692013193291285
8.50 -19.690575898893027
8.51 -19.689325504263678
8.52 -19.688270032939432
8.53 -19.687416231124477
8.54 -19.686769538475367
8.55 -19.686334064800526
8.56 -19.686112572607023
8.57 -19.686106465441629
8.58 -19.686315781989521
8.59 -19.686739195911844
8.60 -19.687374021421583
8.61 -19.688216224615584
8.62 -19.689260440598293
8.63 -19.690499996449315
8.64 -19.691926940101986
8.65 -19.693532075212488
8.66 -19.695305002108871
8.67 -19.697234164915404
8.68 -19.699306904949854
8.69 -19.701509520488631
8.70 -19.703827332986975
8.71 -19.706244759827605
8.72 -19.708745393651476
8.73 -19.711312088297170
8.74 -19.713927051341539
8.75 -19.716571943192179
8.76 -19.719227982632447
8.77 -19.721876058661479
8.78 -19.724496848405078
8.79 -19.727070940798203
8.80 -19.729578965656597
8.81 -19.732001727663807
8.82 -19.734320344701342
8.83 -19.736516389844571
8.84 -19.738572036236121
8.85 -19.740470203933768
8.86 -19.742194707711793
8.87 -19.743730404676381
8.88 -19.745063340438236
8.89 -19.746180892472026
8.90 -19.747071909185124
8.91 -19.747726843120461
8.92 -19.748137876633194
8.93 -19.748299038311945
8.94 -19.748206308365692
8.95 -19.747857711170969
8.96 -19.747253393173814
8.97 -19.746395684370732
8.98 -19.745289141655174
8.99 -19.743940572414036
9.00 -19.742359036893788
9.01 -19.740555828030239
9.02 -19.738544427649352
9.03 -19.736340438199633
9.04 -19.733961489467259
9.05 -19.731427120051357
9.06 -19.728758633734788
9.07 -19.725978931270866
9.08 -19.723112318512218
9.09 -19.720184292227810
9.10 -19.717221305379148
9.11 -19.714250514048423
9.12 -19.711299508619362
9.13 -19.708396032196006
9.14 -19.705567689594940
9.15 -19.702841650551928
9.16 -19.700244351035682
9.17 -19.697801196749058
9.18 -19.695536273015136
9.19 -19.693472065284595
9.20 -19.691629194458468
9.21 -19.690026171092509
9.22 -19.688679172338070
9.23 -19.687601845179064
9.24 -19.686805139152145
9.25 -19.686297171292832
9.26 -19.686083125543540
9.27 -19.686165188301299
9.28 -19.686542521185579
9.29 -19.687211271483964
9.30 -19.688164620099950
9.31 -19.689392866198020
9.32 -19.690883547130525
9.33 -19.692621591653804
9.34 -19.694589503909640
9.35 -19.696767575174910
9.36 -19.699134119976563
9.37 -19.701665732838862
9.38 -19.704337561680372
9.39 -19.707123593713312
9.40 -19.709996949617214
9.41 -19.712930181762314
9.42 -19.715895572340852
9.43 -19.718865427421530
9.44 -19.721812363166705
9.45 -19.724709580734356
9.46 -19.727531126718588
9.47 -19.730252136352789
9.48 -19.732849057098591
9.49 -19.735299850660255
9.50 -19.737584171889317
9.51 -19.739683523467043
9.52 -19.741581385665583
9.53 -19.743263320883731
9.54 -19.744717053023788
9.55 -19.745932522117137
9.56 -19.746901914912893
9.57 -19.747619672414110
9.58 -19.748082475577220
9.59 -19.748289210582215
9.60 -19.748240915233517
9.61 -19.747940708165796
9.62 -19.747393702606978
9.63 -19.746606906494531
9.64 -19.745589110753968
9.65 -19.744350767533273
9.66 -19.742903860147326
9.67 -19.741261766425513
9.68 -19.739439117077463
9.69 -19.737451650599318
9.70 -19.735316066139713
9.71 -19.733049875633526
9.72 -19.730671256395556
9.73 -19.728198905247876
9.74 -19.725651895136330
9.75 -19.723049535075230
9.76 -19.720411234146280
9.77 -19.717756370170363
9.78 -19.715104163568800
9.79 -19.712473556836414
9.80 -19.709883099961772
9.81 -19.707350842051159
9.82 -19.704894229342546
9.83 -19.702530009733753
9.84 -19.700274143895452
9.85 -19.698141722994222
9.86 -19.696146893013250
9.87 -19.694302785628281
9.88 -19.692621455573466
9.89 -19.691113824415183
9.90 -19.689789630641808
9.91 -19.688657385972327
9.92 -19.687724337786882
9.93 -19.686996437586735
9.94 -19.686478315399324
9.95 -19.686173260055366
9.96 -19.686083205278987
9.97 -19.686208721547722
9.98 -19.686549013696510
9.99 -19.687101924258052
10.00 -19.687863942550194
10.01 -19.688830219539145
10.02 -19.689994588524325
10.03 -19.691349591706444
10.04 -19.692886512713855
10.05 -19.694595415173001
10.06 -19.696465187416649
10.07 -19.698483593427042
10.08 -19.700637330110531
10.09 -19.702912090994690
10.10 -19.705292636427231
10.11 -19.707762870338993
10.12 -19.710305923608875
10.13 -19.712904244037418
10.14 -19.715539692896975
10.15 -19.718193647979550
10.16 -19.720847113008400
10.17 -19.723480833216293
10.18 -19.726075416821313
10.19 -19.728611462051163
10.20 -19.731069689278662
10.21 -19.733431077735350
10.22 -19.735677006167482
10.23 -19.737789396689948
10.24 -19.739750860980152
10.25 -19.741544847837044
10.26 -19.743155791011947
10.27 -19.744569256099744
10.28 -19.745772085163637
10.29 -19.746752537656782
10.30 -19.747500426102253
10.31 -19.748007244902443
10.32 -19.748266290573461
10.33 -19.748272771642377
10.34 -19.748023906409248
10.35 -19.747519006765177
10.36 -19.746759546275239
10.37 -19.745749210784545
10.38 -19.744493929889352
10.39 -19.743001887735758
10.40 -19.741283511767296
10.41 -19.739351438241098
10.42 -19.737220453570032
10.43 -19.734907410824338
10.44 -19.732431121039209
10.45 -19.729812219320788
10.46 -19.727073006118143
10.47 -19.724237264427511
10.48 -19.721330054110066
10.49 -19.718377484928791
10.50 -19.715406470333939
10.51 -19.712444464441283
10.52 -19.709519185042158
10.53 -19.706658325849087
10.54 -19.703889261505037
10.55 -19.701238749157966
10.56 -19.698732630616099
10.57 -19.696395539244513
10.58 -19.694250615833983
10.59 -19.692319237662470
10.60 -19.690620764875540
10.61 -19.689172308132697
10.62 -19.687988521204002
10.63 -19.687081421857876
10.64 -19.686460243963957
10.65 -19.686131323250937
10.66 -19.686098018619973
10.67 -19.686360670330476
10.68 -19.686916595760493
10.69 -19.687760122813032
10.70 -19.688882660407003
10.71 -19.690272804871896
10.72 -19.691916480473456
10.73 -19.693797111747280
10.74 -19.695895824819694
10.75 -19.698191674462620
10.76 -19.700661893268446
10.77 -19.703282159049724
10.78 -19.706026876370345
10.79 -19.708869468001534
10.80 -19.711782672067010
10.81 -19.714738840694057
10.82 -19.717710236116254
10.83 -19.720669320372583
10.84 -19.723589035008647
10.85 -19.726443067499392
10.86 -19.729206101469298
10.87 -19.731854048175059
10.88 -19.734364257126785
10.89 -19.736715704146636
10.90 -19.738889155588591
10.91 -19.740867307861013
10.92 -19.742634901796706
10.93 -19.744178811795894
10.94 -19.745488110020759
10.95 -19.746554106240708
10.96 -19.747370364212212
10.97 -19.747932695723510
10.98 -19.748239133641722
10.99 -19.748289885467607
11.00 -19.748087269032062
11.01 -19.747635632060515
11.02 -19.746941257388041
11.03 -19.746012255632674
11.04 -19.744858447129634
11.05 -19.743491234898691
11.06 -19.741923470363830
11.07 -19.740169313472496
11.08 -19.738244088774351
11.09 -19.736164138919918
11.10 -19.733946676931303
11.11 -19.731609638482560
11.12 -19.729171535309796
11.13 -19.726651310752317
11.14 -19.724068198308945
11.15 -19.721441583978979
11.16 -19.718790873047510
11.17 -19.716135361870759
11.18 -19.713494115119509
11.19 -19.710885848848942
11.20 -19.708328819681149
11.21 -19.705840720312914
11.22 -19.703438581496204
11.23 -19.701138680581796
11.24 -19.698956456668057
11.25 -19.696906432356148
11.26 -19.695002142080142
11.27 -19.693256066954746
11.28 -19.691679576064463
11.29 -19.690282874105410
11.30 -19.689074955284042
11.31 -19.688063563375220
11.32 -19.687255157844980
11.33 -19.686654885950006
11.34 -19.686266560736087
11.35 -19.686092644870801
11.36 -19.686134240260827
11.37 -19.686391083421253
11.38 -19.686861546582030
11.39 -19.687542644535085
11.40 -19.688430047243990
11.41 -19.689518098255441
11.42 -19.690799838968285
11.43 -19.692267038830117
11.44 -19.693910231543448
11.45 -19.695718757372564
11.46 -19.697680811647217
11.47 -19.699783499560677
11.48 -19.702012897355807
11.49 -19.704354119983776
11.50 -19.706791395305110
11.51 -19.709308144881238
11.52 -19.711887071376271
11.53 -19.714510252552966
11.54 -19.717159241803166
11.55 -19.719815175101225
11.56 -19.722458884208898
11.57 -19.725071015891622
11.58 -19.727632156829301
11.59 -19.730122963819479
11.60 -19.732524298778113
11.61 -19.734817367942821
11.62 -19.736983864577265
11.63 -19.739006114363260
11.64 -19.740867222551682
11.65 -19.742551221825011
11.66 -19.744043219705869
11.67 -19.745329544229204
11.68 -19.746397886483376
11.69 -19.747237438520095
11.70 -19.747839025037980
11.71 -19.748195227162679
11.72 -19.748300496581560
11.73 -19.748151258246033
11.74 -19.747745999833768
11.75 -19.747085346169200
11.76 -19.746172116837307
11.77 -19.745011365295859
11.78 -19.743610397897175
11.79 -19.741978771374200
11.80 -19.740128267528664
11.81 -19.738072844081515
11.82 -19.735828560907127
11.83 -19.733413481171702
11.84 -19.730847547229963
11.85 -19.728152431498401
11.86 -19.725351362913884
11.87 -19.722468929995653
11.88 -19.719530861950624
11.89 -19.716563789687012
11.90 -19.713594989020741
11.91 -19.710652108762911
11.92 -19.707762886754359
11.93 -19.704954857254517
11.94 -19.702255053386381
11.95 -19.699689708577420
11.96 -19.697283961109100
11.97 -19.695061565987945
11.98 -19.693044618372383
11.99 -19.691253292728440
12.00 -19.689705601741167
12.01 -19.688417178778153
12.02 -19.687401087389038
12.03 -19.686667660935623
12.04 -19.686224374988178
12.05 -19.686075754604531
12.06 -19.686223318040433
12.07 -19.686665557835536
12.08 -19.687397959592978
12.09 -19.688413058136838
12.10 -19.689700530105334
12.11 -19.691247321433377
12.12 -19.693037807609812
12.13 -19.695053984075575
12.14 -19.697275683669570
12.15 -19.699680817639745
12.16 -19.702245636423882
12.17 -19.704945006173929
12.18 -19.707752696851223
12.19 -19.710641677658295
12.20 -19.713584415594298
12.21 -19.716553173020770
12.22 -19.719520300297130
12.23 -19.722458519783295
12.24 -19.725341197800908
12.25 -19.728142601485949
12.26 -19.730838137843033
12.27 -19.733404572715436
12.28 -19.735820227804304
12.29 -19.738065154295722
12.30 -19.740121282075936
12.31 -19.741972543924689
12.32 -19.743604974466891
12.33 -19.745006784027385
12.34 -19.746168407867223
12.35 -19.747082531578954
12.36 -19.747744093679806
12.37 -19.748150266664389
12.38 -19.748300417961484
12.39 -19.748196052383332
12.40 -19.747840737762047
12.41 -19.747240015537979
12.42 -19.746401298101400
12.43 -19.745333754695491
12.44 -19.744048187667506
12.45 -19.742556900810413
12.46 -19.740873561472338
12.47 -19.739013058029254
12.48 -19.736991354221445
12.49 -19.734825341748824
12.50 -19.732532692407858
12.51 -19.730131710936202
12.52 -19.727641189612555
12.53 -19.725080265541191
12.54 -19.722468281434875
12.55 -19.719824650597982
12.56 -19.717168726705211
12.57 -19.714519678871181
12.58 -19.711896372413154
12.59 -19.709317255624235
12.60 -19.706800252797251
12.61 -19.704362663671162
12.62 -19.702021069411614
12.63 -19.699791245185544
12.64 -19.697688079346062
12.65 -19.695725499207924
12.66 -19.693916403365570
12.67 -19.692272600484042
12.68 -19.690804754478339
12.69 -19.689522335987366
12.70 -19.688433580045146
12.71 -19.687545449853015
12.72 -19.686863606561715
12.73 -19.686392384981332
12.74 -19.686134775148997
12.75 -19.686092409698595
12.76 -19.686265556993096
12.77 -19.686653119997619
12.78 -19.687252640889643
12.79 -19.688060311421069
12.80 -19.689070989064820
12.81 -19.690278218995431
12.82 -19.691674261968373
12.83 -19.693250128175798
12.84 -19.694995617166629
12.85 -19.696899363925674
12.86 -19.698948891209291
12.87 -19.701130668233375
12.88 -19.703430175802453
12.89 -19.705831977956215
12.90 -19.708319800190740
12.91 -19.710876614286096
12.92 -19.713484729739161
12.93 -19.716125891759837
12.94 -19.718781385740385
12.95 -19.721432148050617
12.96 -19.724058882946739
12.97 -19.726642185307679
12.98 -19.729162668831044
12.99 -19.731601099230858
13.00 -19.733938531881808
13.01 -19.736156453250786
13.02 -19.738236925346410
13.03 -19.740162732303052
13.04 -19.741917528098348
13.05 -19.743485984284593
13.06 -19.744853936496785
13.07 -19.746008528385662
13.08 -19.746938351515581
13.09 -19.747633579667745
13.10 -19.748086095901758
13.11 -19.748289610656528
13.12 -19.748239769118527
13.13 -19.747934246054694
13.14 -19.747372826302474
13.15 -19.746557469134046
13.16 -19.745492354768341
13.17 -19.744183911396323
13.18 -19.742640821213730
13.19 -19.740874004123185
13.20 -19.738896577974462
13.21 -19.736723794458172
13.22 -19.734372950052549
13.23 -19.731863271743634
13.24 -19.729215777591932
13.25 -19.726453112599568
13.26 -19.723599360734791
13.27 -19.720679834388584
13.28 -19.717720842962958
13.29 -19.714749442713405
13.30 -19.711793170379067
13.31 -19.708879763523331
13.32 -19.706036870864171
13.33 -19.703291756187578
13.34 -19.700670999698499
13.35 -19.698200200862868
13.36 -19.695903686923799
13.37 -19.693804231327412
13.38 -19.691922786265305
13.39 -19.690278233427488
13.40 -19.688887156861941
13.41 -19.687763641555730
13.42 -19.686919100992661
13.43 -19.686362136509494
13.44 -19.686098430775875
13.45 -19.686130677172716
13.46 -19.686458546252062
13.47 -19.687078689841940
13.48 -19.687984782727295
13.49 -19.689167601206886
13.50 -19.690615137211442
13.51 -19.692312746084696
13.52 -19.694243325588989
13.53 -19.696387523213364
13.54 -19.698723968444462
13.55 -19.701229526317039
13.56 -19.703879568297918
13.57 -19.706648256377484
13.58 -19.709508836148565
13.59 -19.712433934641748
13.60 -19.715395858755997
13.61 -19.718366890268541
13.62 -19.721319573621578
13.63 -19.724226992956591
13.64 -19.727063035191250
13.65 -19.729802636298572
13.66 -19.732422008342692
13.67 -19.734898845240174
13.68 -19.737212505639903
13.69 -19.739344171738647
13.70 -19.741276983264644
13.71 -19.742996146260250
13.72 -19.744489016669842
13.73 -19.745745159085395
13.74 -19.746756381315127
13.75 -19.747516745716911
13.76 -19.748022558476002
13.77 -19.748272338205080
13.78 -19.748266765403677
13.79 -19.748008614434571
13.80 -19.747502669758802
13.81 -19.746755628220182
13.82 -19.745775989188211
13.83 -19.744573934357454
13.84 -19.743161198965648
13.85 -19.741550936135333
13.86 -19.739757575968191
13.87 -19.737796680930849
13.88 -19.735684798969373
13.89 -19.733439315679565
13.90 -19.731078306744948
13.91 -19.728620391736222
13.92 -19.726084590247350
13.93 -19.723490181226808
13.94 -19.720856566248653
13.95 -19.718203137359691
13.96 -19.715549150036100
13.97 -19.712913601687095
13.98 -19.710315116055138
13.99 -19.707771833781862
14.00 -19.705301309337266
14.01 -19.702920414446172
14.02 -19.700645248091046
14.03 -19.698491053123462
14.04 -19.696472139477610
14.05 -19.694601813947969
14.06 -19.692892316469202
14.07 -19.691354762818648
14.08 -19.689999093650769
14.09 -19.688834029766841
14.10 -19.687867033522711
14.11 -19.687104276281033
14.12 -19.686550611822078
14.13 -19.686209555637948
14.14 -19.686083270048670
14.15 -19.686172555094267
14.16 -19.686476845173878
14.17 -19.686994211421286
14.18 -19.687721369824363
14.19 -19.688653695114276
14.20 -19.689785240467490
14.21 -19.691108763079669
14.22 -19.692615755684301
14.23 -19.694296484100466
14.24 -19.696140030902175
14.25 -19.698134345306251
14.26 -19.700266299375720
14.27 -19.702521750630989
14.28 -19.704885611150548
14.29 -19.707341923226764
14.30 -19.709873941619243
14.31 -19.712464222418227
14.32 -19.715094718493003
14.33 -19.717746881454865
14.34 -19.720401770010604
14.35 -19.723040164520523
14.36 -19.725642687504681
14.37 -19.728189929762276
14.38 -19.730662581682218
14.39 -19.733041569228497
14.40 -19.735308193982295
14.41 -19.737444276514985
14.42 -19.739432302253526
14.43 -19.741255568883151
14.44 -19.742898334214036
14.45 -19.744345963320178
14.46 -19.745585073642879
14.47 -19.746603676640017
14.48 -19.747391314459055
14.49 -19.747939190019128
14.50 -19.748240288809363
14.51 -19.748289490649356
14.52 -19.748083669618453
14.53 -19.747621780344648
14.54 -19.746904928857088
14.55 -19.745936426249663
14.56 -19.744721823481061
14.57 -19.743268925750908
14.58 -19.741587785043833
14.59 -19.739690669625052
14.60 -19.737592009502116
14.61 -19.735308317137317
14.62 -19.732858083002171
14.63 -19.730261645906008
14.64 -19.727541038401519
14.65 -19.724719807964949
14.66 -19.721822815061682
14.67 -19.718876009631188
14.68 -19.715906187949884
14.69 -19.712940732247489
14.70 -19.710007335851330
14.71 -19.707133717003568
14.72 -19.704347324828163
14.73 -19.701675041207174
14.74 -19.699142882550422
14.75 -19.696775705599823
14.76 -19.694596921493009
14.77 -19.692628222314141
14.78 -19.690889324280089
14.79 -19.689397731544872
14.80 -19.688168524356762
14.81 -19.687214174972009
14.82 -19.686544394324098
14.83 -19.686166011974045
14.84 -19.686082891336486
14.85 -19.686295881598969
14.86 -19.686802807141657
14.87 -19.687598494635374
14.88 -19.688674837362527
14.89 -19.690020895682608
14.90 -19.691623031966664
14.91 -19.693465077766625
14.92 -19.695528530478406
14.93 -19.697792776313356
14.94 -19.700235336019269
14.95 -19.702832129497430
14.96 -19.705557755249679
14.97 -19.708385780461942
14.98 -19.711289037487749
14.99 -19.714239922534041
15.00 -19.717210692468274
15.01 -19.720173755853594
15.02 -19.723101954569778
15.03 -19.725968832683545
15.04 -19.728748889581503
15.05 -19.731417814763613
15.06 -19.733952702102968
15.07 -19.736332241799243
15.08 -19.738536888678375
15.09 -19.740549005910736
15.10 -19.742352983625999
15.11 -19.743935332287940
15.12 -19.745284751050640
15.13 -19.746392171643688
15.14 -19.747250778625059
15.15 -19.747856007093201
15.16 -19.748205519163886
15.17 -19.748299160691396
15.18 -19.748138899849408
15.19 -19.747728749284487
15.20 -19.747074673618037
15.21 -19.746184484102013
15.22 -19.745067722233944
15.23 -19.743735534110179
15.24 -19.742200537246916
15.25 -19.740476681529557
15.26 -19.738579105865913
15.27 -19.736523992021112
15.28 -19.734328417005049
15.29 -19.732010205269603
15.30 -19.729587781855464
15.31 -19.727080027509977
15.32 -19.724506136679523
15.33 -19.721885479164989
15.34 -19.719237466118152
15.35 -19.716581420951623
15.36 -19.713936455636322
15.37 -19.711321352769453
15.38 -19.708754453712334
15.39 -19.706253553022592
15.40 -19.703835799338407
15.41 -19.701517602814402
15.42 -19.699314549158590
15.43 -19.697241320278064
15.44 -19.695311621506935
15.45 -19.693538115362919
15.46 -19.691932361759307
15.47 -19.690504764585111
15.48 -19.689264524558453
15.49 -19.688219598255706
15.50 -19.687376663220775
15.51 -19.686741089065332
15.52 -19.686316914480219
15.53 -19.686106830090985
15.54 -19.686112167105229
15.55 -19.686332891716216
15.56 -19.686767605244825
15.57 -19.687413550020338
15.58 -19.688266621018755
15.59 -19.689321383295248
15.60 -19.690571095263639
15.61 -19.692007737890791
15.62 -19.693622049886088
15.63 -19.695403568975753
15.64 -19.697340679357680
15.65 -19.699420665434346
15.66 -19.701629771918416
15.67 -19.703953270397726
15.68 -19.706375532432141
15.69 -19.708880109234627
15.70 -19.711449817961512
15.71 -19.714066834602516
15.72 -19.716712793418633
15.73 -19.719368892825756
15.74 -19.722016007563155
15.75 -19.724634806918900
15.76 -19.727205878708730
15.77 -19.729709858621309
15.78 -19.732127564451044
15.79 -19.734440134640746
15.80 -19.736629170451046
15.81 -19.738676880962341
15.82 -19.740566229999946
15.83 -19.742281083955287
15.84 -19.743806359357318
15.85 -19.745128168931256
15.86 -19.746233964768329
15.87 -19.747112677123599
15.88 -19.747754847261778
15.89 -19.748152752686682
15.90 -19.748300523021872
15.91 -19.748194244761592
15.92 -19.747832053085951
15.93 -19.747214208935599
15.94 -19.746343159572582
15.95 -19.745223580918186
15.96 -19.743862400058536
15.97 -19.742268796445781
15.98 -19.740454180499153
15.99 -19.738432148525899
16.00 -19.736218413136999
16.01 -19.733830708625309
16.02 -19.731288671101769
16.03 -19.728613693544904
16.04 -19.725828756304981
16.05 -19.722958234011220
16.06 -19.720027680250340
16.07 -19.717063591810259
16.08 -19.714093154703601
16.09 -19.711143974592972
16.10 -19.708243794622732
16.11 -19.705420204010181
16.12 -19.702700341052022
16.13 -19.700110594450294
16.14 -19.697676307046308
16.15 -19.695421486163962
16.16 -19.693368524798817
16.17 -19.691537937842220
16.18 -19.689948117397808
16.19 -19.688615111031446
16.20 -19.687552426496527
16.21 -19.686770866099749
16.22 -19.686278393424754
16.23 -19.686080034621160
16.24 -19.686177815905914
16.25 -19.686570738324850
16.26 -19.687254790198672
16.27 -19.688222997044143
16.28 -19.689465508132425
16.29 -19.690969718237753
16.30 -19.692720422554132
16.31 -19.694700002229794
16.32 -19.696888637498688
16.33 -19.699264544986860
16.34 -19.701804235445188
16.35 -19.704482787915246
16.36 -19.707274136174316
16.37 -19.710151363229762
16.38 -19.713086999640542
16.39 -19.716053321530506
16.40 -19.719022644319224
16.41 -19.721967608423252
16.42 -19.724861453466545
16.43 -19.727678277872482
16.44 -19.730393281082151
16.45 -19.732982986043787
16.46 -19.735425440035556
16.47 -19.737700392308824
16.48 -19.739789447462051
16.49 -19.741676193867370
16.50 -19.743346306866300
16.51 -19.744787626819900
16.52 -19.745990212438130
16.53 -19.746946370118124
16.54 -19.747650660289015
16.55 -19.748099881990299
16.56 -19.748293037100201
16.57 -19.748231275781013
16.58 -19.747917824820799
16.59 -19.747357900626742
16.60 -19.746558608667758
16.61 -19.745528831175072
16.62 -19.744279104893074
16.63 -19.742821490631719
16.64 -19.741169436309896
16.65 -19.739337635100174
16.66 -19.737341880192098
16.67 -19.735198917587436
16.68 -19.732926298229419
16.69 -19.730542230651881
16.70 -19.728065435215747
16.71 -19.725515000882108
16.72 -19.722910245354786
16.73 -19.720270579312682
16.74 -19.717615375344838
16.75 -19.714963842099706
16.76 -19.712334904066189
16.77 -19.709747087317297
16.78 -19.707218411469192
16.79 -19.704766288038236
16.80 -19.702407425317325
16.81 -19.700157739839412
16.82 -19.698032274451325
16.83 -19.696045122983680
16.84 -19.694209361473074
16.85 -19.692536985870209
16.86 -19.691038856151263
16.87 -19.689724646740213
16.88 -19.688602803144736
16.89 -19.687680504709025
16.90 -19.686963633391333
16.91 -19.686456748482353
16.92 -19.686163067192211
16.93 -19.686084451047773
16.94 -19.686221398057928
16.95 -19.686573040622111
16.96 -19.687137149175218
16.97 -19.687910141580662
16.98 -19.688887098301237
16.99 -19.690061783394555
17.00 -19.691426671395334
17.01 -19.692972980160302
17.02 -19.694690709761979
17.03 -19.696568687525371
17.04 -19.698594619304711
17.05 -19.700755147096817
17.06 -19.703035913081315
17.07 -19.705421630166615
17.08 -19.707896159102550
17.09 -19.710442592196173
17.10 -19.713043343635583
17.11 -19.715680246387386
17.12 -19.718334655586105
17.13 -19.720987558278686
17.14 -19.723619689323133
17.15 -19.726211653168338
17.16 -19.728744051161421
17.17 -19.731197613940488
17.18 -19.733553338374374
17.19 -19.735792628408049
17.20 -19.737897439063318
17.21 -19.739850422730655
17.22 -19.741635076771217
17.23 -19.743235891329256
17.24 -19.744638496137359
17.25 -19.745829804981717
17.26 -19.746798156385104
17.27 -19.747533448963800
17.28 -19.748027269825403
17.29 -19.748273014299251
17.30 -19.748265995235013
17.31 -19.748003540070101
17.32 -19.747485073857341
17.33 -19.746712186463537
17.34 -19.745688682200740
17.35 -19.744420610237640
17.36 -19.742916274261006
17.37 -19.741186220018037
17.38 -19.739243199571007
17.39 -19.737102111335144
17.40 -19.734779915249145
17.41 -19.732295522742241
17.42 -19.729669661509494
17.43 -19.726924715483623
17.44 -19.724084540791164
17.45 -19.721174258896717
17.46 -19.718220028563390
17.47 -19.715248798681245
17.48 -19.712288044429521
17.49 -19.709365489631804
17.50 -19.706508818526327
17.51 -19.703745380495224
17.52 -19.701101891567451
17.53 -19.698604136720139
17.54 -19.696276677144823
17.55 -19.694142566710873
17.56 -19.692223081843661
17.57 -19.690537468936387
17.58 -19.689102713230746
17.59 -19.687933332834405
17.60 -19.687041201196042
17.61 -19.686435400937569
17.62 -19.686122111456196
17.63 -19.686104532167047
17.64 -19.686382842670941
17.65 -19.686954200516560
17.66 -19.687812776594658
17.67 -19.688949827569477
17.68 -19.690353804134471
17.69 -19.692010493289153
17.70 -19.693903192286054
17.71 -19.696012911402676
17.72 -19.698318602263925
17.73 -19.700797408084242
17.74 -19.703424931921496
17.75 -19.706175518841228
17.76 -19.709022547780890
17.77 -19.711938728879232
17.78 -19.714896402092528
17.79 -19.717867833052260
17.80 -19.720825502321418
17.81 -19.723742384470381
17.82 -19.726592213709953
17.83 -19.729349733177216
17.84 -19.731990925360730
17.85 -19.734493221563262
17.86 -19.736835688723581
17.87 -19.738999192343389
17.88 -19.740966534682979
17.89 -19.742722567791049
17.90 -19.744254281313626
17.91 -19.745550865378597
17.92 -19.746603749171040
17.93 -19.747406616097305
17.94 -19.747955396680034
17.95 -19.748248240531684
17.96 -19.748285468919416
17.97 -19.748069509561432
17.98 -19.747604815384665
17.99 -19.746897769028767
18.00 -19.745956574904326
18.01 -19.744791140607049
18.02 -19.743412949457845
18.03 -19.741834925884564
18.04 -19.740071295288448
18.05 -19.738137439950151
18.06 -19.736049752430262
18.07 -19.733825487810453
18.08 -19.731482616006701
18.09 -19.729039675268378
18.10 -19.726515627858234
18.11 -19.723929718791233
18.12 -19.721301338395723
18.13 -19.718649889351095
18.14 -19.715994658752074
18.15 -19.713354695652889
18.16 -19.710748694455020
18.17 -19.708194884420667
18.18 -19.705710925520901
18.19 -19.703313810762662
18.20 -19.701019775082283
18.21 -19.698844210845159
18.22 -19.696801589950987
18.23 -19.694905392511377
18.24 -19.693168042041528
18.25 -19.691600847088839
18.26 -19.690213949209255
18.27 -19.689016277195304
18.28 -19.688015507458395
18.29 -19.687218030470905
18.30 -19.686628923180578
18.31 -19.686251927320146
18.32 -19.686089433548055
18.33 -19.686142471371813
18.34 -19.686410704821927
18.35 -19.686892433862774
18.36 -19.687584601544891
18.37 -19.688482806921368
18.38 -19.689581323768714
18.39 -19.690873125168576
18.40 -19.692349914021097
18.41 -19.694002159572577
18.42 -19.695819140048709
18.43 -19.697788991489926
18.44 -19.699898762886171
18.45 -19.702134477704462
18.46 -19.704481201893255
18.47 -19.706923118432258
18.48 -19.709443608474597
18.49 -19.712025339099327
18.50 -19.714650357656097
18.51 -19.717300192639819
18.52 -19.719955960980673
18.53 -19.722598481574781
18.54 -19.725208394811382
18.55 -19.727766287775331
18.56 -19.730252824718267
18.57 -19.732648882298204
18.58 -19.734935688987253
18.59 -19.737094967940045
18.60 -19.739109082503592
18.61 -19.740961183433306
18.62 -19.742635356761784
18.63 -19.744116771148441
18.64 -19.745391823421503
18.65 -19.746448280911927
18.66 -19.747275419073713
18.67 -19.747864152790836
18.68 -19.748207159689709
18.69 -19.748298993712304
18.70 -19.748136187161307
18.71 -19.747717339409107
18.72 -19.747043190470198
18.73 -19.746116677674841
18.74 -19.744942973753908
18.75 -19.743529504752516
18.76 -19.741885946336108
18.77 -19.740024197237478
18.78 -19.737958328817818
18.79 -19.735704509978284
18.80 -19.733280906959337
18.81 -19.730707557900530
18.82 -19.728006222399213
18.83 -19.725200206698105
18.84 -19.722314165542087
18.85 -19.719373882166575
18.86 -19.716406028305023
18.87 -19.713437906521904
18.88 -19.710497177580294
18.89 -19.707611575929114
18.90 -19.704808616734262
18.91 -19.702115298169446
18.92 -19.699557802917550
18.93 -19.697161203002320
18.94 -19.694949172166481
18.95 -19.692943710029475
18.96 -19.691164882192069
18.97 -19.689630580304794
18.98 -19.688356305881921
18.99 -19.687354981326049
19.00 -19.686636791235333
19.01 -19.686209056602756
19.02 -19.686076143995006
19.03 -19.686239411228179
19.04 -19.686697190451856
19.05 -19.687444808925932
19.06 -19.688474647140961
19.07 -19.689776233307079
19.08 -19.691336372633884
19.09 -19.693139309257923
19.10 -19.695166918157749
19.11 -19.697398923941133
19.12 -19.699813143003080
19.13 -19.702385745245049
19.14 -19.705091531319102
19.15 -19.707904221219067
19.16 -19.710796749983459
19.17 -19.713741566300488
19.18 -19.716710929909357
19.19 -19.719677203868262
19.20 -19.722613138000774
19.21 -19.725492140129059
19.22 -19.728288532046047
19.23 -19.730977787557578
19.24 -19.733536750330579
19.25 -19.735943829703295
19.26 -19.738179173038692
19.27 -19.740224813623463
19.28 -19.742064793523948
19.29 -19.743685261199108
19.30 -19.745074544033898
19.31 -19.746223196288270
19.32 -19.747124023253996
19.33 -19.747772082671204
19.34 -19.748164664676796
19.35 -19.748301251737953
19.36 -19.748183460165798
19.37 -19.747814964908379
19.38 -19.747201409390499
19.39 -19.746350302202995
19.40 -19.745270902448869
19.41 -19.743974095531396
19.42 -19.742472261123503
19.43 -19.740779134991801
19.44 -19.738909666266068
19.45 -19.736879871649162
19.46 -19.734706687956816
19.47 -19.732407824263873
19.48 -19.730001614816786
19.49 -19.727506873753629
19.50 -19.724942752554878
19.51 -19.722328601032554
19.52 -19.719683832553805
19.53 -19.717027794088853
19.54 -19.714379641573380
19.55 -19.711758220983008
19.56 -19.709181955432836
19.57 -19.706668738538436
19.58 -19.704235834206720
19.59 -19.701899782965381
19.60 -19.699676314888269
19.61 -19.697580269130810
19.62 -19.695625520054161
19.63 -19.693824909888669
19.64 -19.692190187866085
19.65 -19.690731955735398
19.66 -19.689459619568119
19.67 -19.688381347755715
19.68 -19.687504035102982
19.69 -19.686833272926680
19.70 -19.686373325078055
19.71 -19.686127109819687
19.72 -19.686096187501885
19.73 -19.686280754000109
19.74 -19.686679639892411
19.75 -19.687290315374419
19.76 -19.688108900927393
19.77 -19.689130183773081
19.78 -19.690347640165616
19.79 -19.691753463585961
19.80 -19.693338598917233
19.81 -19.695092782689251
19.82 -19.697004589487207
19.83 -19.699061484622149
19.84 -19.701249883158631
19.85 -19.703555215387954
19.86 -19.705961998822371
19.87 -19.708453916766395
19.88 -19.711013903495306
19.89 -19.713624236037777
19.90 -19.716266632518352
19.91 -19.718922356966715
19.92 -19.721572330443365
19.93 -19.724197248265568
19.94 -19.726777703043453
19.95 -19.729294313153773
19.96 -19.731727856188442
19.97 -19.734059406817362
19.98 -19.736270478400364
19.99 -19.738343167573323
20.00 -19.740260300918511
