0.00 1.117680000000000
0.01 1.118661138183719
0.02 1.119602857935981
0.03 1.120503545628727
0.04 1.121361669857441
0.05 1.122175782362166
0.06 1.122944518828588
0.07 1.123666599580495
0.08 1.124340830174447
0.09 1.124966101906929
0.10 1.125541392243712
0.11 1.126065765180512
0.12 1.126538371543412
0.13 1.126958449236834
0.14 1.127325323446171
0.15 1.127638406801496
0.16 1.127897199508027
0.17 1.128101289448336
0.18 1.128250352260527
0.19 1.128344151395900
0.20 1.128382538158843
0.21 1.128365451730987
0.22 1.128292919180877
0.23 1.128165055459682
0.24 1.127982063382711
0.25 1.127744233595765
0.26 1.127451944524578
0.27 1.127105662304897
0.28 1.126705940689958
0.29 1.126253420931420
0.30 1.125748831629060
0.31 1.125192988543807
0.32 1.124586794367980
0.33 1.123931238445896
0.34 1.123227396437308
0.35 1.122476429915467
0.36 1.121679585890960
0.37 1.120838196251833
0.38 1.119953677109935
0.39 1.119027528042868
0.40 1.118061331220384
0.41 1.117056750403672
0.42 1.116015529805528
0.43 1.114939492799107
0.44 1.113830540462689
0.45 1.112690649947735
0.46 1.111521872657447
0.47 1.110326332223082
0.48 1.109106222265435
0.49 1.107863803929201
0.50 1.106601403178357
0.51 1.105321407841281
0.52 1.104026264395084
0.53 1.102718474479531
0.54 1.101400591132025
0.55 1.100075214736405
0.56 1.098744988679786
0.57 1.097412594713297
0.58 1.096080748014467
0.59 1.094752191951035
0.60 1.093429692548170
0.61 1.092116032663549
0.62 1.090814005877259
0.63 1.089526410106265
0.64 1.088256040956008
0.65 1.087005684824687
0.66 1.085778111778811
0.67 1.084576068221711
0.68 1.083402269379800
0.69 1.082259391634454
0.70 1.081150064730394
0.71 1.080076863894358
0.72 1.079042301900571
0.73 1.078048821122069
0.74 1.077098785609195
0.75 1.076194473238559
0.76 1.075338067977367
0.77 1.074531652309266
0.78 1.073777199868622
0.79 1.073076568330506
0.80 1.072431492603461
0.81 1.071843578371483
0.82 1.071314296030391
0.83 1.070844975062062
0.84 1.070436798887680
0.85 1.070090800238417
0.86 1.069807857078613
0.87 1.069588689112842
0.88 1.069433854904028
0.89 1.069343749625291
0.90 1.069318603463334
0.91 1.069358480686094
0.92 1.069463279382132
0.93 1.069632731873831
0.94 1.069866405801109
0.95 1.070163705866971
0.96 1.070523876231005
0.97 1.070946003531872
0.98 1.071429020515096
0.99 1.071971710237958
1.00 1.072572710819270
1.01 1.073230520698133
1.02 1.073943504362627
1.03 1.074709898506679
1.04 1.075527818571232
1.05 1.076395265624177
1.06 1.077310133532461
1.07 1.078270216379168
1.08 1.079273216078366
1.09 1.080316750140928
1.10 1.081398359545418
1.11 1.082515516669485
1.12 1.083665633238871
1.13 1.084846068253227
1.14 1.086054135850212
1.15 1.087287113071992
1.16 1.088542247500969
1.17 1.089816764734560
1.18 1.091107875671836
1.19 1.092412783587922
1.20 1.093728690975198
1.21 1.095052806133387
1.22 1.096382349493674
1.23 1.097714559664940
1.24 1.099046699192996
1.25 1.100376060026462
1.26 1.101699968685390
1.27 1.103015791131177
1.28 1.104320937338465
1.29 1.105612865571719
1.30 1.106889086371020
1.31 1.108147166253187
1.32 1.109384731135800
1.33 1.110599469492888
1.34 1.111789135252155
1.35 1.112951550444432
1.36 1.114084607616795
1.37 1.115186272021312
1.38 1.116254583591787
1.39 1.117287658721147
1.40 1.118283691852218
1.41 1.119240956894694
1.42 1.120157808480979
1.43 1.121032683073426
1.44 1.121864099935211
1.45 1.122650661976749
1.46 1.123391056489136
1.47 1.124084055775641
1.48 1.124728517691747
1.49 1.125323386103695
1.50 1.125867691274844
1.51 1.126360550188592
1.52 1.126801166815885
1.53 1.127188832334701
1.54 1.127522925308203
1.55 1.127802911827515
1.56 1.128028345624389
1.57 1.128198868158285
1.58 1.128314208681650
1.59 1.128374184286454
1.60 1.128378699934280
1.61 1.128327748471527
1.62 1.128221410630550
1.63 1.128059855016772
1.64 1.127843338081110
1.65 1.127572204076250
1.66 1.127246884994608
1.67 1.126867900485039
1.68 1.126435857744626
1.69 1.125951451381135
1.70 1.125415463241024
1.71 1.124828762197112
1.72 1.124192303889377
1.73 1.123507130411589
1.74 1.122774369935847
1.75 1.121995236266415
1.76 1.121171028313602
1.77 1.120303129477863
1.78 1.119393006933689
1.79 1.118442210802354
1.80 1.117452373202103
1.81 1.116425207163940
1.82 1.115362505400817
1.83 1.114266138917763
1.84 1.113138055450267
1.85 1.111980277718147
1.86 1.110794901482119
1.87 1.109584093390415
1.88 1.108350088603023
1.89 1.107095188181493
1.90 1.105821756232808
1.91 1.104532216796458
1.92 1.103229050464731
1.93 1.101914790727252
1.94 1.100592020031985
1.95 1.099263365556347
1.96 1.097931494683617
1.97 1.096599110181640
1.98 1.095268945082788
1.99 1.093943757266278
2.00 1.092626323746319
2.01 1.091319434672058
2.02 1.090025887047960
2.03 1.088748478186078
2.04 1.087489998904604
2.05 1.086253226490070
2.06 1.085040917443707
2.07 1.083855800035522
2.08 1.082700566692789
2.09 1.081577866252658
2.10 1.080490296111561
2.11 1.079440394306896
2.12 1.078430631569062
2.13 1.077463403384330
2.14 1.076541022111106
2.15 1.075665709193915
2.16 1.074839587520801
2.17 1.074064673970842
2.18 1.073342872198941
2.19 1.072675965705132
2.20 1.072065611235128
2.21 1.071513332557852
2.22 1.071020514664134
2.23 1.070588398428719
2.24 1.070218075775098
2.25 1.069910485379612
2.26 1.069666408947688
2.27 1.069486468091074
2.28 1.069371121830523
2.29 1.069320664743688
2.30 1.069335225772934
2.31 1.069414767702616
2.32 1.069559087310006
2.33 1.069767816188653
2.34 1.070040422237593
2.35 1.070376211804521
2.36 1.070774332465928
2.37 1.071233776422304
2.38 1.071753384481934
2.39 1.072331850602581
2.40 1.072967726956530
2.41 1.073659429481125
2.42 1.074405243874014
2.43 1.075203331990017
2.44 1.076051738594638
2.45 1.076948398427996
2.46 1.077891143532134
2.47 1.078877710794463
2.48 1.079905749660306
2.49 1.080972829968256
2.50 1.082076449863208
2.51 1.083214043743481
2.52 1.084382990200374
2.53 1.085580619910720
2.54 1.086804223445476
2.55 1.088051058960132
2.56 1.089318359735564
2.57 1.090603341540961
2.58 1.091903209793536
2.59 1.093215166492826
2.60 1.094536416910496
2.61 1.095864176019596
2.62 1.097195674650234
2.63 1.098528165361470
2.64 1.099858928022015
2.65 1.101185275094909
2.66 1.102504556623777
2.67 1.103814164920556
2.68 1.105111538956624
2.69 1.106394168461178
2.70 1.107659597732382
2.71 1.108905429168299
2.72 1.110129326525955
2.73 1.111329017917978
2.74 1.112502298557200
2.75 1.113647033260410
2.76 1.114761158723015
2.77 1.115842685576840
2.78 1.116889700243637
2.79 1.117900366596994
2.80 1.118872927445474
2.81 1.119805705849690
2.82 1.120697106285943
2.83 1.121545615668754
2.84 1.122349804244354
2.85 1.123108326366781
2.86 1.123819921167787
2.87 1.124483413131281
2.88 1.125097712582457
2.89 1.125661816101196
2.90 1.126174806868689
2.91 1.126635854955613
2.92 1.127044217559480
2.93 1.127399239198135
2.94 1.127700351865640
2.95 1.127947075156092
2.96 1.128139016360169
2.97 1.128275870538499
2.98 1.128357420575178
2.99 1.128383537214035
3.00 1.128354179079501
3.01 1.128269392683166
3.02 1.128129312416404
3.03 1.127934160528641
3.04 1.127684247090137
3.05 1.127379969937393
3.06 1.127021814598520
3.07 1.126610354195223
3.08 1.126146249317248
3.09 1.125630247864454
3.10 1.125063184850941
3.11 1.124445982164918
3.12 1.123779648277335
3.13 1.123065277891594
3.14 1.122304051525967
3.15 1.121497235019757
3.16 1.120646178953561
3.17 1.119752317973457
3.18 1.118817170008355
3.19 1.117842335369299
3.20 1.116829495719014
3.21 1.115780412899654
3.22 1.114696927606360
3.23 1.113580957894036
3.24 1.112434497504585
3.25 1.111259614001820
3.26 1.110058446701324
3.27 1.108833204382738
3.28 1.107586162772255
3.29 1.106319661783585
3.30 1.105036102506258
3.31 1.103737943930924
3.32 1.102427699402263
3.33 1.101107932791228
3.34 1.099781254379699
3.35 1.098450316452106
3.36 1.097117808590293
3.37 1.095786452669794
3.38 1.094458997557773
3.39 1.093138213515144
3.40 1.091826886307868
3.41 1.090527811034980
3.42 1.089243785683721
3.43 1.087977604424976
3.44 1.086732050665242
3.45 1.085509889874404
3.46 1.084313862211683
3.47 1.083146674975231
3.48 1.082010994903928
3.49 1.080909440362914
3.50 1.079844573447243
3.51 1.078818892040786
3.52 1.077834821869925
3.53 1.076894708593849
3.54 1.076000809975118
3.55 1.075155288175719
3.56 1.074360202224953
3.57 1.073617500706217
3.58 1.072929014709926
3.59 1.072296451099582
3.60 1.071721386137156
3.61 1.071205259512659
3.62 1.070749368820889
3.63 1.070354864525957
3.64 1.070022745451293
3.65 1.069753854829438
3.66 1.069548876942104
3.67 1.069408334376705
3.68 1.069332585920977
3.69 1.069321825112413
3.70 1.069376079454061
3.71 1.069495210302990
3.72 1.069678913432304
3.73 1.069926720262200
3.74 1.070237999750247
3.75 1.070611960925830
3.76 1.071047656048764
3.77 1.071543984367322
3.78 1.072099696446594
3.79 1.072713399034065
3.80 1.073383560425810
3.81 1.074108516293580
3.82 1.074886475930544
3.83 1.075715528871365
3.84 1.076593651840813
3.85 1.077518715984143
3.86 1.078488494331987
3.87 1.079500669452609
3.88 1.080552841244881
3.89 1.081642534826341
3.90 1.082767208472112
3.91 1.083924261562217
3.92 1.085111042496973
3.93 1.086324856542495
3.94 1.087562973571017
3.95 1.088822635663518
3.96 1.090101064545107
3.97 1.091395468826675
3.98 1.092703051029406
3.99 1.094021014371853
4.00 1.095346569302372
4.01 1.096676939762679
4.02 1.098009369171286
4.03 1.099341126118291
4.04 1.100669509765742
4.05 1.101991854950229
4.06 1.103305536986730
4.07 1.104607976174879
4.08 1.105896642010763
4.09 1.107169057109162
4.10 1.108422800842668
4.11 1.109655512705543
4.12 1.110864895411358
4.13 1.112048717734442
4.14 1.113204817106054
4.15 1.114331101976808
4.16 1.115425553957448
4.17 1.116486229750390
4.18 1.117511262884725
4.19 1.118498865267445
4.20 1.119447328563672
4.21 1.120355025418563
4.22 1.121220410533331
4.23 1.122042021607576
4.24 1.122818480159734
4.25 1.123548492237030
4.26 1.124230849025856
4.27 1.124864427372946
4.28 1.125448190227167
4.29 1.125981187011117
4.30 1.126462553931115
4.31 1.126891514233479
4.32 1.127267378414310
4.33 1.127589544389333
4.34 1.127857497629581
4.35 1.128070811268042
4.36 1.128229146181609
4.37 1.128332251051985
4.38 1.128379962408398
4.39 1.128372204654297
4.40 1.128308990079397
4.41 1.128190418857738
4.42 1.128016679031633
4.43 1.127788046480668
4.44 1.127504884874147
4.45 1.127167645604623
4.46 1.126776867699438
4.47 1.126333177706429
4.48 1.125837289549231
4.49 1.125290004346885
4.50 1.124692210191739
4.51 1.124044881878904
4.52 1.123349080579860
4.53 1.122605953452120
4.54 1.121816733176188
4.55 1.120982737410453
4.56 1.120105368154030
4.57 1.119186111007028
4.58 1.118226534317179
4.59 1.117228288201328
4.60 1.116193103429845
4.61 1.115122790161720
4.62 1.114019236517780
4.63 1.112884406979364
4.64 1.111720340599638
4.65 1.110529149014803
4.66 1.109313014242574
4.67 1.108074186255577
4.68 1.106814980317722
4.69 1.105537774072168
4.70 1.104245004370203
4.71 1.102939163831268
4.72 1.101622797125388
4.73 1.100298496970547
4.74 1.098968899838946
4.75 1.097636681367755
4.76 1.096304551471743
4.77 1.094975249157207
4.78 1.093651537038836
4.79 1.092336195563492
4.80 1.091032016947464
4.81 1.089741798836451
4.82 1.088468337700357
4.83 1.087214421977945
4.84 1.085982824989421
4.85 1.084776297638109
4.86 1.083597560925494
4.87 1.082449298306982
4.88 1.081334147918765
4.89 1.080254694709096
4.90 1.079213462510039
4.91 1.078212906088341
4.92 1.077255403216383
4.93 1.076343246806184
4.94 1.075478637151138
4.95 1.074663674321427
4.96 1.073900350759950
4.97 1.073190544126004
4.98 1.072536010433871
4.99 1.071938377532865
5.00 1.071399138974301
5.01 1.070919648309142
5.02 1.070501113857940
5.03 1.070144593991950
5.04 1.069850992961112
5.05 1.069621057300903
5.06 1.069455372845992
5.07 1.069354362374145
5.08 1.069318283899009
5.09 1.069347229625406
5.10 1.069441125575464
5.11 1.069599731888600
5.12 1.069822643792943
5.13 1.070109293240422
5.14 1.070458951192497
5.15 1.070870730538416
5.16 1.071343589623066
5.17 1.071876336356980
5.18 1.072467632876897
5.19 1.073116000721587
5.20 1.073819826484366
5.21 1.074577367900986
5.22 1.075386760329325
5.23 1.076246023575593
5.24 1.077153069020593
5.25 1.078105706998926
5.26 1.079101654383863
5.27 1.080138542331025
5.28 1.081213924134759
5.29 1.082325283152401
5.30 1.083470040753248
5.31 1.084645564251021
5.32 1.085849174780940
5.33 1.087078155085017
5.34 1.088329757171979
5.35 1.089601209821093
5.36 1.090889725902207
5.37 1.092192509487401
5.38 1.093506762732725
5.39 1.094829692511646
5.40 1.096158516784796
5.41 1.097490470693649
5.42 1.098822812368535
5.43 1.100152828444181
5.44 1.101477839278493
5.45 1.102795203872703
5.46 1.104102324493242
5.47 1.105396650997714
5.48 1.106675684869199
5.49 1.107936982964748
5.50 1.109178160985422
5.51 1.110396896676441
5.52 1.111590932767142
5.53 1.112758079661315
5.54 1.113896217889237
5.55 1.115003300333294
5.56 1.116077354239495
5.57 1.117116483027494
5.58 1.118118867911849
5.59 1.119082769347323
5.60 1.120006528310947
5.61 1.120888567433374
5.62 1.121727391991848
5.63 1.122521590776733
5.64 1.123269836843159
5.65 1.123970888158919
5.66 1.124623588159173
5.67 1.125226866218022
5.68 1.125779738046387
5.69 1.126281306025013
5.70 1.126730759480757
5.71 1.127127374913668
5.72 1.127470516181650
5.73 1.127759634648797
5.74 1.127994269302792
5.75 1.128174046845998
5.76 1.128298681764177
5.77 1.128367976375988
5.78 1.128381820865720
5.79 1.128340193300919
5.80 1.128243159635866
5.81 1.128090873701077
5.82 1.127883577178281
5.83 1.127621599559538
5.84 1.127305358088472
5.85 1.126935357680783
5.86 1.126512190820515
5.87 1.126036537427792
5.88 1.125509164692996
5.89 1.124930926871672
5.90 1.124302765033687
5.91 1.123625706759517
5.92 1.122900865775803
5.93 1.122129441521710
5.94 1.121312718636924
5.95 1.120452066361559
5.96 1.119548937837657
5.97 1.118604869301402
5.98 1.117621479154744
5.99 1.116600466904619
6.00 1.115543611957668
6.01 1.114452772257987
6.02 1.113329882755286
6.03 1.112176953690676
6.04 1.110996068687309
6.05 1.109789382633181
6.06 1.108559119343610
6.07 1.107307568991297
6.08 1.106037085292325
6.09 1.104750082437140
6.10 1.103449031756364
6.11 1.102136458112278
6.12 1.100814936007993
6.13 1.099487085407685
6.14 1.098155567262828
6.15 1.096823078741088
6.16 1.095492348156497
6.17 1.094166129601653
6.18 1.092847197284979
6.19 1.091538339578608
6.20 1.090242352785048
6.21 1.088962034633614
6.22 1.087700177520508
6.23 1.086459561509413
6.24 1.085242947112591
6.25 1.084053067875504
6.26 1.082892622791154
6.27 1.081764268573337
6.28 1.080670611820997
6.29 1.079614201108700
6.30 1.078597519040886
6.31 1.077622974309997
6.32 1.076692893800701
6.33 1.075809514784281
6.34 1.074974977248681
6.35 1.074191316410748
6.36 1.073460455457826
6.37 1.072784198565924
6.38 1.072164224241337
6.39 1.071602079031638
6.40 1.071099171650551
6.41 1.070656767559203
6.42 1.070275984043767
6.43 1.069957785826481
6.44 1.069702981243544
6.45 1.069512219019449
6.46 1.069385985662991
6.47 1.069324603505487
6.48 1.069328229396812
6.49 1.069396854069662
6.50 1.069530302177141
6.51 1.069728233003360
6.52 1.069990141841370
6.53 1.070315362027421
6.54 1.070703067615384
6.55 1.071152276670265
6.56 1.071661855155057
6.57 1.072230521380930
6.58 1.072856850986835
6.59 1.073539282411171
6.60 1.074276122815218
6.61 1.075065554415563
6.62 1.075905641180853
6.63 1.076794335846792
6.64 1.077729487202475
6.65 1.078708847600783
6.66 1.079730080645758
6.67 1.080790769010502
6.68 1.081888422340242
6.69 1.083020485196690
6.70 1.084184345001696
6.71 1.085377339940357
6.72 1.086596766786197
6.73 1.087839888613728
6.74 1.089103942366509
6.75 1.090386146251856
6.76 1.091683706936354
6.77 1.092993826519486
6.78 1.094313709265751
6.79 1.095640568078729
6.80 1.096971630703546
6.81 1.098304145647082
6.82 1.099635387808041
6.83 1.100962663811637
6.84 1.102283317046103
6.85 1.103594732400533
6.86 1.104894340705668
6.87 1.106179622881158
6.88 1.107448113794558
6.89 1.108697405838828
6.90 1.109925152236485
6.91 1.111129070079662
6.92 1.112306943116335
6.93 1.113456624293762
6.94 1.114576038070823
6.95 1.115663182511423
6.96 1.116716131171456
6.97 1.117733034792048
6.98 1.118712122811857
6.99 1.119651704711192
7.00 1.120550171200575
7.01 1.121405995266153
7.02 1.122217733084062
7.03 1.122984024815462
7.04 1.123703595293541
7.05 1.124375254613283
7.06 1.124997898634261
7.07 1.125570509406119
7.08 1.126092155525835
7.09 1.126561992435167
7.10 1.126979262666044
7.11 1.127343296040982
7.12 1.127653509834887
7.13 1.127909408903905
7.14 1.128110585786255
7.15 1.128256720779236
7.16 1.128347581995885
7.17 1.128383025403992
7.18 1.128362994849458
7.19 1.128287522065221
7.20 1.128156726666222
7.21 1.127970816130151
7.22 1.127730085762950
7.23 1.127434918647295
7.24 1.127085785571564
7.25 1.126683244936009
7.26 1.126227942632161
7.27 1.125720611890715
7.28 1.125162073092457
7.29 1.124553233536046
7.30 1.123895087155785
7.31 1.123188714181796
7.32 1.122435280734376
7.33 1.121636038343633
7.34 1.120792323384889
7.35 1.119905556419762
7.36 1.118977241432256
7.37 1.118008964948716
7.38 1.117002395030033
7.39 1.115959280124091
7.40 1.114881447766130
7.41 1.113770803114456
7.42 1.112629327308765
7.43 1.111459075638284
7.44 1.110262175506998
7.45 1.109040824183388
7.46 1.107797286322399
7.47 1.106533891247823
7.48 1.105253029983827
7.49 1.103957152025174
7.50 1.102648761836538
7.51 1.101330415072474
7.52 1.100004714510851
7.53 1.098674305694062
7.54 1.097341872273971
7.55 1.096010131058440
7.56 1.094681826759325
7.57 1.093359726444059
7.58 1.092046613695395
7.59 1.090745282486423
7.60 1.089458530780745
7.61 1.088189153870527
7.62 1.086939937468148
7.63 1.085713650570197
7.64 1.084513038115654
7.65 1.083340813463237
7.66 1.082199650715921
7.67 1.081092176923685
7.68 1.080020964198426
7.69 1.078988521777666
7.70 1.077997288076271
7.71 1.077049622767575
7.72 1.076147798937326
7.73 1.075293995355419
7.74 1.074490288911616
7.75 1.073738647262211
7.76 1.073040921734900
7.77 1.072398840538931
7.78 1.071814002326889
7.79 1.071287870153231
7.80 1.070821765872931
7.81 1.070416865021257
7.82 1.070074192212917
7.83 1.069794617095481
7.84 1.069578850888225
7.85 1.069427443533361
7.86 1.069340781482053
7.87 1.069319086132783
7.88 1.069362412934520
7.89 1.069470651161856
7.90 1.069643524363926
7.91 1.069880591483515
7.92 1.070181248637384
7.93 1.070544731543673
7.94 1.070970118577155
7.95 1.071456334428392
7.96 1.072002154338399
7.97 1.072606208876358
7.98 1.073266989224329
7.99 1.073982852929728
8.00 1.074752030083717
8.01 1.075572629881502
8.02 1.076442647518956
8.03 1.077359971378910
8.04 1.078322390459919
8.05 1.079327602000293
8.06 1.080373219250631
8.07 1.081456779349031
8.08 1.082575751254476
8.09 1.083727543695621
8.10 1.084909513094275
8.11 1.086118971425204
8.12 1.087353193976488
8.13 1.088609426977452
8.14 1.089884895064111
8.15 1.091176808555118
8.16 1.092482370514295
8.17 1.093798783578923
8.18 1.095123256536068
8.19 1.096453010632222
8.20 1.097785285604505
8.21 1.099117345424479
8.22 1.100446483748315
8.23 1.101770029069583
8.24 1.103085349573320
8.25 1.104389857692158
8.26 1.105681014367353
8.27 1.106956333019294
8.28 1.108213383233725
8.29 1.109449794171286
8.30 1.110663257709236
8.31 1.111851531325252
8.32 1.113012440734041
8.33 1.114143882288249
8.34 1.115243825155640
8.35 1.116310313284945
8.36 1.117341467173018
8.37 1.118335485446070
8.38 1.119290646267770
8.39 1.120205308586882
8.40 1.121077913236970
8.41 1.121906983900364
8.42 1.122691127948301
8.43 1.123429037168676
8.44 1.124119488392431
8.45 1.124761344029019
8.46 1.125353552520889
8.47 1.125895148726269
8.48 1.126385254238948
8.49 1.126823077653052
8.50 1.127207914780182
8.51 1.127539148825539
8.52 1.127816250528977
8.53 1.128038778276208
8.54 1.128206378184632
8.55 1.128318784167555
8.56 1.128375817979798
8.57 1.128377389246966
8.58 1.128323495479893
8.59 1.128214222075035
8.60 1.128049742300835
8.61 1.127830317269328
8.62 1.127556295891513
8.63 1.127228114814258
8.64 1.126846298335789
8.65 1.126411458296041
8.66 1.125924293937419
8.67 1.125385591730815
8.68 1.124796225160971
8.69 1.124157154464578
8.70 1.123469426313831
8.71 1.122734173437429
8.72 1.121952614170405
8.73 1.121126051923496
8.74 1.120255874562193
8.75 1.119343553685008
8.76 1.118390643790012
8.77 1.117398781318186
8.78 1.116369683561739
8.79 1.115305147425177
8.80 1.114207048026627
8.81 1.113077337126756
8.82 1.111918041372486
8.83 1.110731260342739
8.84 1.109519164383562
8.85 1.108283992220218
8.86 1.107028048334235
8.87 1.105753700093904
8.88 1.104463374627442
8.89 1.103159555428862
8.90 1.101844778687646
8.91 1.100521629334514
8.92 1.099192736796999
8.93 1.097860770460114
8.94 1.096528434829213
8.95 1.095198464394105
8.96 1.093873618195650
8.97 1.092556674098440
8.98 1.091250422775665
8.99 1.089957661414949
9.00 1.088681187156773
9.01 1.087423790280008
9.02 1.086188247152129
9.03 1.084977312964743
9.04 1.083793714278183
9.05 1.082640141402011
9.06 1.081519240641307
9.07 1.080433606441566
9.08 1.079385773467823
9.09 1.078378208656233
9.10 1.077413303278687
9.11 1.076493365063131
9.12 1.075620610414008
9.13 1.074797156778564
9.14 1.074025015205768
9.15 1.073306083145020
9.16 1.072642137531871
9.17 1.072034828207435
9.18 1.071485671717182
9.19 1.070996045533186
9.20 1.070567182741849
9.21 1.070200167236468
9.22 1.069895929450913
9.23 1.069655242667068
9.24 1.069478719924686
9.25 1.069366811557867
9.26 1.069319803377647
9.27 1.069337815515151
9.28 1.069420801934565
9.29 1.069568550619826
9.30 1.069780684433536
9.31 1.070056662641224
9.32 1.070395783088793
9.33 1.070797185015895
9.34 1.071259852483072
9.35 1.071782618385973
9.36 1.072364169025708
9.37 1.073003049200643
9.38 1.073697667781577
9.39 1.074446303729413
9.40 1.075247112512092
9.41 1.076098132875756
9.42 1.076997293923836
9.43 1.077942422457027
9.44 1.078931250526876
9.45 1.079961423156005
9.46 1.081030506178712
9.47 1.082135994156889
9.48 1.083275318327776
9.49 1.084445854541989
9.50 1.085644931152521
9.51 1.086869836817901
9.52 1.088117828185426
9.53 1.089386137423254
9.54 1.090671979573156
9.55 1.091972559698796
9.56 1.093285079807505
9.57 1.094606745526635
9.58 1.095934772518596
9.59 1.097266392621699
9.60 1.098598859706765
9.61 1.099929455242204
9.62 1.101255493562897
9.63 1.102574326840596
9.64 1.103883349755837
9.65 1.105180003873425
9.66 1.106461781725416
9.67 1.107726230607195
9.68 1.108970956093773
9.69 1.110193625284665
9.70 1.111391969786889
9.71 1.112563788446503
9.72 1.113706949839891
9.73 1.114819394536604
9.74 1.115899137146012
9.75 1.116944268160307
9.76 1.117952955606617
9.77 1.118923446521002
9.78 1.119854068257078
9.79 1.120743229641853
9.80 1.121589421991114
9.81 1.122391219996397
9.82 1.123147282495168
9.83 1.123856353135405
9.84 1.124517260945254
9.85 1.125128920817913
9.86 1.125690333921259
9.87 1.126200588041177
9.88 1.126658857866845
9.89 1.127064405225589
9.90 1.127416579274234
9.91 1.127714816653156
9.92 1.127958641608533
9.93 1.128147666087570
9.94 1.128281589810735
9.95 1.128360200324301
9.96 1.128383373035757
9.97 1.128351071233893
9.98 1.128263346094621
9.99 1.128120336672848
10.00 1.127922269879960
10.01 1.127669460445740
10.02 1.127362310862777
10.03 1.127001311310693
10.04 1.126587039556768
10.05 1.126120160828802
10.06 1.125601427655322
10.07 1.125031679667519
10.08 1.124411843356581
10.09 1.123742931779402
10.10 1.123026044204926
10.11 1.122262365692765
10.12 1.121453166595033
10.13 1.120599801971781
10.14 1.119703710909782
10.15 1.118766415733911
10.16 1.117789521099850
10.17 1.116774712956419
10.18 1.115723757365454
10.19 1.114638499166834
10.20 1.113520860476045
10.21 1.112372839001532
10.22 1.111196506169046
10.23 1.109994005040272
10.24 1.108767548013222
10.25 1.107519414292198
10.26 1.106251947115627
10.27 1.104967550730654
10.28 1.103668687104214
10.29 1.102357872361242
10.30 1.101037672941815
10.31 1.099710701470376
10.32 1.098379612331688
10.33 1.097047096949875
10.34 1.095715878768843
10.35 1.094388707934430
10.36 1.093068355680954
10.37 1.091757608427249
10.38 1.090459261589936
10.39 1.089176113124407
10.40 1.087910956806906
10.41 1.086666575274093
10.42 1.085445732839515
10.43 1.084251168109527
10.44 1.083085586424301
10.45 1.081951652152632
10.46 1.080851980872236
10.47 1.079789131470076
10.48 1.078765598199967
10.49 1.077783802737154
10.50 1.076846086271750
10.51 1.075954701684809
10.52 1.075111805852335
10.53 1.074319452123595
10.54 1.073579583020845
10.55 1.072894023207687
10.56 1.072264472773063
10.57 1.071692500876971
10.58 1.071179539802714
10.59 1.070726879458529
10.60 1.070335662369088
10.61 1.070006879194382
10.62 1.069741364810111
10.63 1.069539794979839
10.64 1.069402683644892
10.65 1.069330380853354
10.66 1.069323071344624
10.67 1.069380773800802
10.68 1.069503340770930
10.69 1.069690459268670
10.70 1.069941652038649
10.71 1.070256279481339
10.72 1.070633542221183
10.73 1.071072484297676
10.74 1.071571996954436
10.75 1.072130822996932
10.76 1.072747561685589
10.77 1.073420674127458
10.78 1.074148489126611
10.79 1.074929209450872
10.80 1.075760918470493
10.81 1.076641587122909
10.82 1.077569081156739
10.83 1.078541168607817
10.84 1.079555527460069
10.85 1.080609753444680
10.86 1.081701367931943
10.87 1.082827825871676
10.88 1.083986523739837
10.89 1.085174807451135
10.90 1.086389980199821
10.91 1.087629310193490
10.92 1.088890038247546
10.93 1.090169385210944
10.94 1.091464559196879
10.95 1.092772762595178
10.96 1.094091198846269
10.97 1.095417078959671
10.98 1.096747627762951
10.99 1.098080089870018
11.00 1.099411735360421
11.01 1.100739865163967
11.02 1.102061816147463
11.03 1.103374965902722
11.04 1.104676737237105
11.05 1.105964602369820
11.06 1.107236086838952
11.07 1.108488773125769
11.08 1.109720304004216
11.09 1.110928385624693
11.10 1.112110790342210
11.11 1.113265359299852
11.12 1.114390004779142
11.13 1.115482712329386
11.14 1.116541542688474
11.15 1.117564633507802
11.16 1.118550200894102
11.17 1.119496540780957
11.18 1.120402030142645
11.19 1.121265128062769
11.20 1.122084376669820
11.21 1.122858401951485
11.22 1.123585914459039
11.23 1.124265709912741
11.24 1.124896669718546
11.25 1.125477761405950
11.26 1.126008038996108
11.27 1.126486643308783
11.28 1.126912802215972
11.29 1.127285830849425
11.30 1.127605131768523
11.31 1.127870195094305
11.32 1.128080598614698
11.33 1.128236007865271
11.34 1.128336176189098
11.35 1.128380944778588
11.36 1.128370242701365
11.37 1.128304086911570
11.38 1.128182582247172
11.39 1.128005921413154
11.40 1.127774384949686
11.41 1.127488341183622
11.42 1.127148246160958
11.43 1.126754643557098
11.44 1.126308164561067
11.45 1.125809527729063
11.46 1.125259538802010
11.47 1.124659090481054
11.48 1.124009162154256
11.49 1.123310819567014
11.50 1.122565214428087
11.51 1.121773583942443
11.52 1.120937250261526
11.53 1.120057619840916
11.54 1.119136182694853
11.55 1.118174511536516
11.56 1.117174260792540
11.57 1.116137165479817
11.58 1.115065039932311
11.59 1.113959776365339
11.60 1.112823343264620
11.61 1.111657783587287
11.62 1.110465212762127
11.63 1.109247816476415
11.64 1.108007848237033
11.65 1.106747626693936
11.66 1.105469532714627
11.67 1.104176006199011
11.68 1.102869542624889
11.69 1.101552689315440
11.70 1.100228041421281
11.71 1.098898237611143
11.72 1.097565955466844
11.73 1.096233906580061
11.74 1.094904831350439
11.75 1.093581493486772
11.76 1.092266674215391
11.77 1.090963166202445
11.78 1.089673767199483
11.79 1.088401273424565
11.80 1.087148472694123
11.81 1.085918137323786
11.82 1.084713016819521
11.83 1.083535830383499
11.84 1.082389259262231
11.85 1.081275938967495
11.86 1.080198451403522
11.87 1.079159316936647
11.88 1.078160986446196
11.89 1.077205833397689
11.90 1.076296145981424
11.91 1.075434119361206
11.92 1.074621848079223
11.93 1.073861318663932
11.94 1.073154402488208
11.95 1.072502848924894
11.96 1.071908278846255
11.97 1.071372178512714
11.98 1.070895893894551
11.99 1.070480625468013
12.00 1.070127423524593
12.01 1.069837184028956
12.02 1.069610645057340
12.03 1.069448383844110
12.04 1.069350814459669
12.05 1.069318186138117
12.06 1.069350582267977
12.07 1.069447920054067
12.08 1.069609950853223
12.09 1.069836261181185
12.10 1.070126274382594
12.11 1.070479252950790
12.12 1.070894301479037
12.13 1.071370370220002
12.14 1.071906259225807
12.15 1.072500623036853
12.16 1.073151975883943
12.17 1.073858697364962
12.18 1.074619038554670
12.19 1.075431128503940
12.20 1.076292981083057
12.21 1.077202502122598
12.22 1.078157496804729
12.23 1.079155677257691
12.24 1.080194670306597
12.25 1.081272025334532
12.26 1.082385222209197
12.27 1.083531679232016
12.28 1.084708761068620
12.29 1.085913786621937
12.30 1.087144036811655
12.31 1.088396762226605
12.32 1.089669190619500
12.33 1.090958534216507
12.34 1.092261996817208
12.35 1.093576780663601
12.36 1.094900093059905
12.37 1.096229152727948
12.38 1.097561195885891
12.39 1.098893482040880
12.40 1.100223299488911
12.41 1.101547970517796
12.42 1.102864856311449
12.43 1.104171361555981
12.44 1.105464938750073
12.45 1.106743092223941
12.46 1.108003381872870
12.47 1.109243426612691
12.48 1.110460907565876
12.49 1.111653570987970
12.50 1.112819230944996
12.51 1.113955771753163
12.52 1.115061150192817
12.53 1.116133397508941
12.54 1.117170621210835
12.55 1.118171006683719
12.56 1.119132818625054
12.57 1.120054402318285
12.58 1.120934184756552
12.59 1.121770675628650
12.60 1.122562468179165
12.61 1.123308239954356
12.62 1.124006753444827
12.63 1.124656856635585
12.64 1.125257483473463
12.65 1.125807654261345
12.66 1.126306475987954
12.67 1.126753142601355
12.68 1.127146935233613
12.69 1.127487222383382
12.70 1.127773460062472
12.71 1.128005191911736
12.72 1.128182049290890
12.73 1.128303751346129
12.74 1.128370105058691
12.75 1.128381005276743
12.76 1.128336434732247
12.77 1.128236464043693
12.78 1.128081251704857
12.79 1.127871044058963
12.80 1.127606175256927
12.81 1.127287067197553
12.82 1.126914229446861
12.83 1.126488259132957
12.84 1.126009840812110
12.85 1.125479746301010
12.86 1.124898834469401
12.87 1.124268050986631
12.88 1.123588428014906
12.89 1.122861083841406
12.90 1.122087222440709
12.91 1.121268132958371
12.92 1.120405189105870
12.93 1.119499848456583
12.94 1.118553651631894
12.95 1.117568221366083
12.96 1.116545261438191
12.97 1.115486555458718
12.98 1.114393965498699
12.99 1.113269430548494
13.00 1.112114964793551
13.01 1.110932655694326
13.02 1.109724661857703
13.03 1.108493210687444
13.04 1.107240595801576
13.05 1.105969174205131
13.06 1.104681363207298
13.07 1.103379637072897
13.08 1.102066523399070
13.09 1.100744599209268
13.10 1.099416486758001
13.11 1.098084849041352
13.12 1.096752385010034
13.13 1.095421824483718
13.14 1.094095922767474
13.15 1.092777454973516
13.16 1.091469210053930
13.17 1.090173984552695
13.18 1.088894576088138
13.19 1.087633776579847
13.20 1.086394365237098
13.21 1.085179101328903
13.22 1.083990716758924
13.23 1.082831908471555
13.24 1.081705330718566
13.25 1.080613587218632
13.26 1.079559223244912
13.27 1.078544717678484
13.28 1.077572475067837
13.29 1.076644817736763
13.30 1.075763977984788
13.31 1.074932090425708
13.32 1.074151184510825
13.33 1.073423177284023
13.34 1.072749866415940
13.35 1.072132923564040
13.36 1.071573888104477
13.37 1.071074161280133
13.38 1.070635000807239
13.39 1.070257515980422
13.40 1.069942663313003
13.41 1.069691242745838
13.42 1.069503894454059
13.43 1.069381096276679
13.44 1.069323161789389
13.45 1.069330239035837
13.46 1.069402309927548
13.47 1.069539190317283
13.48 1.069740530745246
13.49 1.070005817852175
13.50 1.070334376448022
13.51 1.070725372219809
13.52 1.071177815057315
13.53 1.071690562970617
13.54 1.072262326569262
13.55 1.072891674068953
13.56 1.073577036788229
13.57 1.074316715094699
13.58 1.075108884757937
13.59 1.075951603664298
13.60 1.076842818847496
13.61 1.077780373788020
13.62 1.078762015934100
13.63 1.079785404397169
13.64 1.080848117775410
13.65 1.081947662060101
13.66 1.083081478580974
13.67 1.084246951948700
13.68 1.085441417954770
13.69 1.086662171391557
13.70 1.087906473757974
13.71 1.089171560819039
13.72 1.090454649990624
13.73 1.091752947523746
13.74 1.093063655465838
13.75 1.094383978379559
13.76 1.095711129802763
13.77 1.097042338436224
13.78 1.098374854048620
13.79 1.099705953091038
13.80 1.101032944015879
13.81 1.102353172297517
13.82 1.103664025154307
13.83 1.104962935973696
13.84 1.106247388444038
13.85 1.107514920398463
13.86 1.108763127377661
13.87 1.109989665919773
13.88 1.111192256586708
13.89 1.112368686737208
13.90 1.113516813057722
13.91 1.114634563862813
13.92 1.115719941177292
13.93 1.116771022612579
13.94 1.117785963050021
13.95 1.118762996143949
13.96 1.119700435657221
13.97 1.120596676641882
13.98 1.121450196477315
13.99 1.122259555777984
14.00 1.123023399182457
14.01 1.123740456034980
14.02 1.124409540970378
14.03 1.125029554412503
14.04 1.125599482995880
14.05 1.126118399919586
14.06 1.126585465241740
14.07 1.126999926122344
14.08 1.127361117021489
14.09 1.127668459859277
14.10 1.127921464143065
14.11 1.128119727066935
14.12 1.128262933587539
14.13 1.128350856479763
14.14 1.128383356374862
14.15 1.128360381783034
14.16 1.128281969101593
14.17 1.128148242609200
14.18 1.127959414445831
14.19 1.127715784577421
14.20 1.127417740743392
14.21 1.127065758384487
14.22 1.126660400547637
14.23 1.126202317763817
14.24 1.125692247894107
14.25 1.125131015938501
14.26 1.124519533801205
14.27 1.123858800005549
14.28 1.123149899350886
14.29 1.122394002503208
14.30 1.121592365510555
14.31 1.120746329233675
14.32 1.119857318681801
14.33 1.118926842242865
14.34 1.117956490796971
14.35 1.116947936701481
14.36 1.115902932635708
14.37 1.114823310292856
14.38 1.113710978906638
14.39 1.112567923599827
14.40 1.111396203541945
14.41 1.110197949903372
14.42 1.108975363593295
14.43 1.107730712769262
14.44 1.106466330106514
14.45 1.105184609815918
14.46 1.103888004400027
14.47 1.102579021137782
14.48 1.101260218289435
14.49 1.099934201014606
14.50 1.098603616997858
14.51 1.097271151777838
14.52 1.095939523777945
14.53 1.094611479038523
14.54 1.093289785652817
14.55 1.091977227911402
14.56 1.090676600162343
14.57 1.089390700397108
14.58 1.088122323575124
14.59 1.086874254702850
14.60 1.085649261686264
14.61 1.084450087978804
14.62 1.083279445049863
14.63 1.082140004702044
14.64 1.081034391268369
14.65 1.079965173723526
14.66 1.078934857745941
14.67 1.077945877769991
14.68 1.077000589069892
14.69 1.076101259918751
14.70 1.075250063867834
14.71 1.074449072192296
14.72 1.073700246550360
14.73 1.073005431903217
14.74 1.072366349742670
14.75 1.071784591672867
14.76 1.071261613391116
14.77 1.070798729111059
14.78 1.070397106469077
14.79 1.070057761952010
14.80 1.069781556880902
14.81 1.069569193981705
14.82 1.069421214569676
14.83 1.069337996369620
14.84 1.069319751989275
14.85 1.069366528058002
14.86 1.069478205037693
14.87 1.069654497707391
14.88 1.069894956317761
14.89 1.070198968406166
14.90 1.070565761257909
14.91 1.070994404994185
14.92 1.071483816262532
14.93 1.072032762501164
14.94 1.072639866744530
14.95 1.073303612933859
14.96 1.074022351693318
14.97 1.074794306529791
14.98 1.075617580412186
14.99 1.076490162684609
15.00 1.077409936266712
15.01 1.078374685094006
15.02 1.079382101750946
15.03 1.080429795250049
15.04 1.081515298911305
15.05 1.082636078297430
15.06 1.083789539162317
15.07 1.084973035372081
15.08 1.086183876760460
15.09 1.087419336882945
15.10 1.088676660636816
15.11 1.089953071717183
15.12 1.091245779882182
15.13 1.092551988003568
15.14 1.093868898882053
15.15 1.095193721809817
15.16 1.096523678865649
15.17 1.097856010931094
15.18 1.099187983418811
15.19 1.100516891707038
15.20 1.101840066276540
15.21 1.103154877548818
15.22 1.104458740426501
15.23 1.105749118538816
15.24 1.107023528196844
15.25 1.108279542064851
15.26 1.109514792555387
15.27 1.110726974957064
15.28 1.111913850304950
15.29 1.113073248004391
15.30 1.114203068219731
15.31 1.115301284039967
15.32 1.116365943433728
15.33 1.117395171006248
15.34 1.118387169571088
15.35 1.119340221549399
15.36 1.120252690209404
15.37 1.121123020758587
15.38 1.121949741300798
15.39 1.122731463670141
15.40 1.123466884153075
15.41 1.124154784109718
15.42 1.124794030504772
15.43 1.125383576357972
15.44 1.125922461123313
15.45 1.126409811005715
15.46 1.126844839223099
15.47 1.127226846221183
15.48 1.127555219847599
15.49 1.127829435491247
15.50 1.128049056192037
15.51 1.128213732725491
15.52 1.128323203665901
15.53 1.128377295431023
15.54 1.128375922310523
15.55 1.128319086479668
15.56 1.128206877998981
15.57 1.128039474799844
15.58 1.127817142655288
15.59 1.127540235134441
15.60 1.127209193538391
15.61 1.126824546814428
15.62 1.126386911444944
15.63 1.125896991306496
15.64 1.125355577493809
15.65 1.124763548102807
15.66 1.124121867966011
15.67 1.123431588332971
15.68 1.122693846487721
15.69 1.121909865294571
15.70 1.121080952662941
15.71 1.120208500921325
15.72 1.119293986089914
15.73 1.118338967040881
15.74 1.117345084534871
15.75 1.116314060121816
15.76 1.115247694893833
15.77 1.114147868077729
15.78 1.113016535454404
15.79 1.111855727592382
15.80 1.110667547882696
15.81 1.109454170362483
15.82 1.108217837314901
15.83 1.106960856633371
15.84 1.105685598938689
15.85 1.104394494438240
15.86 1.103090029517425
15.87 1.101774743054450
15.88 1.100451222450834
15.89 1.099122099371439
15.90 1.097790045189391
15.91 1.096457766133086
15.92 1.095127998134462
15.93 1.093803501379891
15.94 1.092487054567403
15.95 1.091181448876498
15.96 1.089889481659476
15.97 1.088613949866044
15.98 1.087357643215894
15.99 1.086123337136974
16.00 1.084913785490262
16.01 1.083731713104947
16.02 1.082579808151033
16.03 1.081460714379396
16.04 1.080377023262272
16.05 1.079331266069937
16.06 1.078325905921941
16.07 1.077363329853588
16.08 1.076445840940443
16.09 1.075575650525352
16.10 1.074754870593794
16.11 1.073985506344333
16.12 1.073269449001382
16.13 1.072608468917458
16.14 1.072004209011603
16.15 1.071458178589547
16.16 1.070971747589638
16.17 1.070546141296385
16.18 1.070182435560868
16.19 1.069881552564073
16.20 1.069644257155635
16.21 1.069471153796368
16.22 1.069362684128596
16.23 1.069319125193479
16.24 1.069340588309529
16.25 1.069427018621288
16.26 1.069578195321778
16.27 1.069793732546953
16.28 1.070073080934969
16.29 1.070415529837870
16.30 1.070820210168125
16.31 1.071286097857646
16.32 1.071812017902325
16.33 1.072396648960972
16.34 1.073038528473742
16.35 1.073736058261854
16.36 1.074487510567551
16.37 1.075291034490978
16.38 1.076144662778864
16.39 1.077046318918639
16.40 1.077993824490934
16.41 1.078984906733193
16.42 1.080017206267431
16.43 1.081088284945957
16.44 1.082195633770058
16.45 1.083336680838260
16.46 1.084508799282727
16.47 1.085709315154600
16.48 1.086935515221629
16.49 1.088184654644139
16.50 1.089453964498287
16.51 1.090740659118566
16.52 1.092041943234593
16.53 1.093355018880301
16.54 1.094677092056798
16.55 1.096005379133157
16.56 1.097337112972393
16.57 1.098669548772757
16.58 1.099999969617204
16.59 1.101325691726456
16.60 1.102644069413548
16.61 1.103952499739942
16.62 1.105248426875369
16.63 1.106529346165431
16.64 1.107792807912642
16.65 1.109036420878093
16.66 1.110257855512191
16.67 1.111454846924037
16.68 1.112625197599925
16.69 1.113766779882206
16.70 1.114877538220340
16.71 1.115955491206426
16.72 1.116998733407751
16.73 1.118005437009128
16.74 1.118973853277799
16.75 1.119902313863635
16.76 1.120789231947208
16.77 1.121633103248068
16.78 1.122432506905221
16.79 1.123186106241433
16.80 1.123892649422506
16.81 1.124550970022192
16.82 1.125159987502838
16.83 1.125718707621289
16.84 1.126226222768922
16.85 1.126681712254075
16.86 1.127084442534427
16.87 1.127433767406217
16.88 1.127729128156477
16.89 1.127970053683733
16.90 1.128156160591920
16.91 1.128287153261492
16.92 1.128362823901000
16.93 1.128383052581649
16.94 1.128347807256604
16.95 1.128257143766077
16.96 1.128111205828443
16.97 1.127910225016945
16.98 1.127654520720728
16.99 1.127344500088261
17.00 1.126980657950393
17.01 1.126563576719627
17.02 1.126093926261367
17.03 1.125572463732250
17.04 1.125000033379876
17.05 1.124377566297587
17.06 1.123706080127223
17.07 1.122986678702092
17.08 1.122220551621738
17.09 1.121408973749446
17.10 1.120553304622802
17.11 1.119654987767060
17.12 1.118715549900501
17.13 1.117736600020528
17.14 1.116719828358736
17.15 1.115667005192886
17.16 1.114579979503363
17.17 1.113460677461499
17.18 1.112311100737003
17.19 1.111133324611704
17.20 1.109929495886914
17.21 1.108701830571890
17.22 1.107452611341241
17.23 1.106184184749590
17.24 1.104898958192436
17.25 1.103599396602967
17.26 1.102288018875552
17.27 1.100967394007756
17.28 1.099640136954128
17.29 1.098308904186463
17.30 1.096976388957029
17.31 1.095645316263122
17.32 1.094318437513446
17.33 1.092998524899086
17.34 1.091688365474326
17.35 1.090390754955173
17.36 1.089108491246241
17.37 1.087844367709529
17.38 1.086601166191618
17.39 1.085381649828913
17.40 1.084188555653604
17.41 1.083024587026172
17.42 1.081892405923295
17.43 1.080794625113003
17.44 1.079733800251787
17.45 1.078712421941021
17.46 1.077732907782528
17.47 1.076797594475296
17.48 1.075908729997188
17.49 1.075068465917024
17.50 1.074278849883469
17.51 1.073541818337813
17.52 1.072859189497923
17.53 1.072232656660270
17.54 1.071663781866120
17.55 1.071153989976564
17.56 1.070704563199167
17.57 1.070316636106532
17.58 1.069991191184162
17.59 1.069729054941535
17.60 1.069530894616430
17.61 1.069397215498248
17.62 1.069328358891432
17.63 1.069324500735175
17.64 1.069385650890418
17.65 1.069511653099859
17.66 1.069702185621287
17.67 1.069956762529183
17.68 1.070274735674164
17.69 1.070655297284724
17.70 1.071097483190718
17.71 1.071600176643389
17.72 1.072162112702378
17.73 1.072781883156245
17.74 1.073457941939507
17.75 1.074188611006216
17.76 1.074972086617564
17.77 1.075806445999021
17.78 1.076689654321099
17.79 1.077619571956854
17.80 1.078593961968907
17.81 1.079610497778829
17.82 1.080666770972353
17.83 1.081760299194906
17.84 1.082888534093393
17.85 1.084048869262001
17.86 1.085238648151927
17.87 1.086455171907350
17.88 1.087695707092622
17.89 1.088957493278495
17.90 1.090237750458142
17.91 1.091533686266819
17.92 1.092842502982080
17.93 1.094161404284593
17.94 1.095487601762644
17.95 1.096818321146460
17.96 1.098150808261350
17.97 1.099482334691480
17.98 1.100810203148744
17.99 1.102131752543652
18.00 1.103444362757498
18.01 1.104745459117193
18.02 1.106032516576064
18.03 1.107303063605711
18.04 1.108554685805511
18.05 1.109785029237775
18.06 1.110991803497694
18.07 1.112172784528234
18.08 1.113325817190925
18.09 1.114448817604190
18.10 1.115539775261308
18.11 1.116596754940498
18.12 1.117617898419799
18.13 1.118601426009545
18.14 1.119545637915196
18.15 1.120448915443158
18.16 1.121309722062056
18.17 1.122126604331564
18.18 1.122898192710599
18.19 1.123623202256193
18.20 1.124300433223920
18.21 1.124928771580191
18.22 1.125507189436164
18.23 1.126034745412416
18.24 1.126510584942863
18.25 1.126933940525768
18.26 1.127304131928998
18.27 1.127620566355969
18.28 1.127882738578020
18.29 1.128090231038246
18.30 1.128242713931054
18.31 1.128339945261013
18.32 1.128381770883781
18.33 1.128368124531193
18.34 1.128299027821804
18.35 1.128174590257466
18.36 1.127995009205746
18.37 1.127760569867257
18.38 1.127471645226218
18.39 1.127128695981814
18.40 1.126732270457184
18.41 1.126283004482134
18.42 1.125781621244912
18.43 1.125228931107689
18.44 1.124625831379645
18.45 1.123973306040866
18.46 1.123272425409557
18.47 1.122524345744411
18.48 1.121730308773315
18.49 1.120891641138958
18.50 1.120009753751291
18.51 1.119086141036264
18.52 1.118122380069731
18.53 1.117120129584956
18.54 1.116081128841768
18.55 1.115007196345068
18.56 1.113900228400126
18.57 1.112762197491976
18.58 1.111595150476090
18.59 1.110401206567608
18.60 1.109182555116501
18.61 1.107941453156368
18.62 1.106680222714971
18.63 1.105401247875192
18.64 1.104106971575819
18.65 1.102799892142504
18.66 1.101482559540264
18.67 1.100157571340213
18.68 1.098827568394641
18.69 1.097495230216200
18.70 1.096163270058828
18.71 1.094834429700025
18.72 1.093511473926375
18.73 1.092197184726557
18.74 1.090894355198680
18.75 1.089605783181494
18.76 1.088334264621867
18.77 1.087082586693897
18.78 1.085853520688046
18.79 1.084649814691806
18.80 1.083474186086475
18.81 1.082329313887750
18.82 1.081217830960811
18.83 1.080142316143521
18.84 1.079105286314085
18.85 1.078109188442072
18.86 1.077156391663985
18.87 1.076249179426558
18.88 1.075389741742605
18.89 1.074580167605485
18.90 1.073822437609085
18.91 1.073118416820571
18.92 1.072469847953025
18.93 1.071878344884437
18.94 1.071345386568340
18.95 1.070872311379657
18.96 1.070460311937113
18.97 1.070110430440763
18.98 1.069823554559961
18.99 1.069600413903381
19.00 1.069441577098536
19.01 1.069347449503756
19.02 1.069318271570748
19.03 1.069354117870784
19.04 1.069454896792316
19.05 1.069620350912437
19.06 1.069850058039207
19.07 1.070143432916518
19.08 1.070499729577905
19.09 1.070918044330683
19.10 1.071397319346967
19.11 1.071936346833682
19.12 1.072533773749557
19.13 1.073188107033423
19.14 1.073897719304954
19.15 1.074660854996239
19.16 1.075475636870427
19.17 1.076340072882008
19.18 1.077252063332158
19.19 1.078209408272016
19.20 1.079209815106630
19.21 1.080250906352762
19.22 1.081330227504572
19.23 1.082445254962523
19.24 1.083593403982514
19.25 1.084772036604270
19.26 1.085978469520349
19.27 1.087209981849678
19.28 1.088463822782305
19.29 1.089737219064985
19.30 1.091027382300209
19.31 1.092331516034412
19.32 1.093646822614190
19.33 1.094970509792418
19.34 1.096299797069243
19.35 1.097631921755834
19.36 1.098964144751641
19.37 1.100293756028587
19.38 1.101618079818204
19.39 1.102934479500062
19.40 1.104240362192092
19.41 1.105533183045366
19.42 1.106810449247758
19.43 1.108069723742513
19.44 1.109308628669206
19.45 1.110524848535799
19.46 1.111716133131588
19.47 1.112880300191695
19.48 1.114015237824496
19.49 1.115118906713928
19.50 1.116189342109011
19.51 1.117224655613233
19.52 1.118223036786516
19.53 1.119182754572603
19.54 1.120102158564517
19.55 1.120979680120660
19.56 1.121813833343792
19.57 1.122603215934829
19.58 1.123346509932958
19.59 1.124042482353148
19.60 1.124689985731561
19.61 1.125287958588875
19.62 1.125835425820861
19.63 1.126331499024992
19.64 1.126775376771170
19.65 1.127166344823989
19.66 1.127503776323265
19.67 1.127787131928848
19.68 1.128015959935015
19.69 1.128189896359023
19.70 1.128308665007639
19.71 1.128372077524767
19.72 1.128380033422499
19.73 1.128332520097222
19.74 1.128229612831604
19.75 1.128071474782605
19.76 1.127858356954833
19.77 1.127590598157886
19.78 1.127268624945525
19.79 1.126892951533795
19.80 1.126464179694484
19.81 1.125982998619541
19.82 1.125450184751376
19.83 1.124866601573226
19.84 1.124233199353050
19.85 1.123551014833756
19.86 1.122821170861830
19.87 1.122044875945813
19.88 1.121223423735425
19.89 1.120358192411530
19.90 1.119450643976552
19.91 1.118502323434440
19.92 1.117514857848799
19.93 1.116489955267362
19.94 1.115429403500631
19.95 1.114335068742237
19.96 1.113208894018341
19.97 1.112052897453321
19.98 1.110869170338943
19.99 1.109659874994366
20.00 1.108427242404522
