0.00 -8.618030442213943
0.01 -8.611046846025136
0.02 -8.604617905978863
0.03 -8.598746153366966
0.04 -8.593433837388050
0.05 -8.588682941866979
0.06 -8.584495200235168
0.07 -8.580872108809873
0.08 -8.577814938407021
0.09 -8.575324744318372
0.10 -8.573402374679789
0.11 -8.572048477253476
0.12 -8.571263504642793
0.13 -8.571047717954130
0.14 -8.571401188916070
0.15 -8.572323800461751
0.16 -8.573815245776071
0.17 -8.575875025805054
0.18 -8.578502445220419
0.19 -8.581696606828070
0.20 -8.585456404405040
0.21 -8.589780513945213
0.22 -8.594667383290027
0.23 -8.600115220116400
0.24 -8.606121978250108
0.25 -8.612685342269229
0.26 -8.619802710358551
0.27 -8.627471175372557
0.28 -8.635687504061343
0.29 -8.644448114411126
0.30 -8.653749051048365
0.31 -8.663585958654393
0.32 -8.673954053335956
0.33 -8.684848091895757
0.34 -8.696262338946717
0.35 -8.708190531813873
0.36 -8.720625843168879
0.37 -8.733560841344090
0.38 -8.746987448276274
0.39 -8.760896895034341
0.40 -8.775279674891195
0.41 -8.790125493907123
0.42 -8.805423219001227
0.43 -8.821160823498600
0.44 -8.837325330154199
0.45 -8.853902751670516
0.46 -8.870878028744690
0.47 -8.888234965702864
0.48 -8.905956163804769
0.49 -8.924022952331070
0.50 -8.942415317599371
0.51 -8.961111830093103
0.52 -8.980089569930849
0.53 -8.999324050952627
0.54 -9.018789143754496
0.55 -9.038456998064465
0.56 -9.058297964921001
0.57 -9.078280519191468
0.58 -9.098371183051480
0.59 -9.118534451138419
0.60 -9.138732718192978
0.61 -9.158926210112341
0.62 -9.179072919457404
0.63 -9.199128546584383
0.64 -9.219046447708102
0.65 -9.238777591349967
0.66 -9.258270524777446
0.67 -9.277471352202960
0.68 -9.296323726677137
0.69 -9.314768857782925
0.70 -9.332745537410622
0.71 -9.350190186067209
0.72 -9.367036922342532
0.73 -9.383217658316523
0.74 -9.398662223840116
0.75 -9.413298522752829
0.76 -9.427052724204879
0.77 -9.439849492323919
0.78 -9.451612257497086
0.79 -9.462263532518376
0.80 -9.471725276768828
0.81 -9.479919311440455
0.82 -9.486767788572353
0.83 -9.492193716325128
0.84 -9.496121542464749
0.85 -9.498477797444856
0.86 -9.499191797754941
0.87 -9.498196409327821
0.88 -9.495428869763293
0.89 -9.490831666917655
0.90 -9.484353470026116
0.91 -9.475950107966952
0.92 -9.465585587548096
0.93 -9.453233142810593
0.94 -9.438876304319598
0.95 -9.422509975281475
0.96 -9.404141499124956
0.97 -9.383791700965693
0.98 -9.361495883199655
0.99 -9.337304753415236
1.00 -9.311285260962382
1.01 -9.283521316964647
1.02 -9.254114371410305
1.03 -9.223183820320481
1.04 -9.190867215975578
1.05 -9.157320253893412
1.06 -9.122716511791005
1.07 -9.087246918209882
1.08 -9.051118931902046
1.09 -9.014555417491570
1.10 -8.977793208339511
1.11 -8.941081353899300
1.12 -8.904679056061005
1.13 -8.868853306899350
1.14 -8.833876248665753
1.15 -8.800022285552950
1.16 -8.767564985423402
1.17 -8.736773818007347
1.18 -8.707910783698416
1.19 -8.681226993654173
1.20 -8.656959267107245
1.21 -8.635326815301623
1.22 -8.616528083030305
1.23 -8.600737818175388
1.24 -8.588104436833142
1.25 -8.578747746534223
1.26 -8.572757082833869
1.27 -8.570189905342001
1.28 -8.571070888378951
1.29 -8.575391529254253
1.30 -8.583110284115593
1.31 -8.594153227890033
1.32 -8.608415221546947
1.33 -8.625761557251574
1.34 -8.646030040416601
1.35 -8.669033457605959
1.36 -8.694562371033049
1.37 -8.722388174265081
1.38 -8.752266339837108
1.39 -8.783939787830237
1.40 -8.817142305017587
1.41 -8.851601946777071
1.42 -8.887044358385067
1.43 -8.923195958253309
1.44 -8.959786932827280
1.45 -8.996554000880876
1.46 -9.033242913470989
1.47 -9.069610664522191
1.48 -9.105427395590192
1.49 -9.140477986536258
1.50 -9.174563331412491
1.51 -9.207501305639848
1.52 -9.239127436436883
1.53 -9.269295293357709
1.54 -9.297876619696808
1.55 -9.324761228430036
1.56 -9.349856688332650
1.57 -9.373087827018493
1.58 -9.394396077970951
1.59 -9.413738698289272
1.60 -9.431087882961817
1.61 -9.446429800111353
1.62 -9.459763569942105
1.63 -9.471100208154061
1.64 -9.480461552466741
1.65 -9.487879188692153
1.66 -9.493393390582767
1.67 -9.497052085511420
1.68 -9.498909855961083
1.69 -9.499026984847571
1.70 -9.497468550892320
1.71 -9.494303578620910
1.72 -9.489604246095352
1.73 -9.483445152195756
1.74 -9.475902644148437
1.75 -9.467054205045212
1.76 -9.456977900304068
1.77 -9.445751881372480
1.78 -9.433453944459027
1.79 -9.420161141682909
1.80 -9.405949441741061
1.81 -9.390893436995194
1.82 -9.375066093763534
1.83 -9.358538542552127
1.84 -9.341379904967054
1.85 -9.323657154101555
1.86 -9.305435005281691
1.87 -9.286775834172659
1.88 -9.267739619387994
1.89 -9.248383906899511
1.90 -9.228763793711638
1.91 -9.208931928435502
1.92 -9.188938526571576
1.93 -9.168831398482672
1.94 -9.148655988208230
1.95 -9.128455421435035
1.96 -9.108270561097008
1.97 -9.088140069226235
1.98 -9.068100473818845
1.99 -9.048186239611615
2.00 -9.028429841788377
2.01 -9.008861841749594
2.02 -8.989510964183381
2.03 -8.970404174772622
2.04 -8.951566757960684
2.05 -8.933022394277907
2.06 -8.914793236803071
2.07 -8.896899986398973
2.08 -8.879361965419271
2.09 -8.862197189635618
2.10 -8.845422438180115
2.11 -8.829053321338838
2.12 -8.813104346068002
2.13 -8.797588979135647
2.14 -8.782519707819045
2.15 -8.767908098111631
2.16 -8.753764850413532
2.17 -8.740099852697087
2.18 -8.726922231153361
2.19 -8.714240398337878
2.20 -8.702062098843845
2.21 -8.690394452539344
2.22 -8.679243995411458
2.23 -8.668616718065246
2.24 -8.658518101929186
2.25 -8.648953153221271
2.26 -8.639926434731331
2.27 -8.631442095475929
2.28 -8.623503898281887
2.29 -8.616115245353821
2.30 -8.609279201879517
2.31 -8.602998517725222
2.32 -8.597275647270529
2.33 -8.592112767429850
2.34 -8.587511793904467
2.35 -8.583474395705935
2.36 -8.580002007988032
2.37 -8.577095843220825
2.38 -8.574756900736595
2.39 -8.572985974673395
2.40 -8.571783660337895
2.41 -8.571150359005101
2.42 -8.571086281168272
2.43 -8.571591448248125
2.44 -8.572665692766080
2.45 -8.574308656982085
2.46 -8.576519789993140
2.47 -8.579298343284442
2.48 -8.582643364720761
2.49 -8.586553690961379
2.50 -8.591027938277941
2.51 -8.596064491750198
2.52 -8.601661492810944
2.53 -8.607816825107305
2.54 -8.614528098642024
2.55 -8.621792632154721
2.56 -8.629607433699888
2.57 -8.637969179375188
2.58 -8.646874190150974
2.59 -8.656318406749469
2.60 -8.666297362520071
2.61 -8.676806154255699
2.62 -8.687839410894211
2.63 -8.699391260048511
2.64 -8.711455292309498
2.65 -8.724024523267255
2.66 -8.737091353198146
2.67 -8.750647524368903
2.68 -8.764684075913511
2.69 -8.779191296244704
2.70 -8.794158672969795
2.71 -8.809574840290093
2.72 -8.825427523874884
2.73 -8.841703483215033
2.74 -8.858388451477898
2.75 -8.875467072904828
2.76 -8.892922837815343
2.77 -8.910738015308569
2.78 -8.928893583782783
2.79 -8.947369159428805
2.80 -8.966142922892448
2.81 -8.985191544346110
2.82 -9.004490107259929
2.83 -9.024012031219783
2.84 -9.043728994202489
2.85 -9.063610854789072
2.86 -9.083625574874944
2.87 -9.103739143521732
2.88 -9.123915502689924
2.89 -9.144116475694613
2.90 -9.164301699338701
2.91 -9.184428560799130
2.92 -9.204452140472174
2.93 -9.224325162123023
2.94 -9.243997951832942
2.95 -9.263418407393067
2.96 -9.282531979956714
2.97 -9.301281669930576
2.98 -9.319608039257382
2.99 -9.337449242416481
3.00 -9.354741078641338
3.01 -9.371417068020538
3.02 -9.387408554307473
3.03 -9.402644837408245
3.04 -9.417053338641379
3.05 -9.430559801960108
3.06 -9.443088534389810
3.07 -9.454562688951288
3.08 -9.464904593304443
3.09 -9.474036127245750
3.10 -9.481879152014873
3.11 -9.488355994097901
3.12 -9.493389985843654
3.13 -9.496906064722038
3.14 -9.498831432435320
3.15 -9.499096274332175
3.16 -9.497634538657982
3.17 -9.494384774093461
3.18 -9.489291022780098
3.19 -9.482303764601159
3.20 -9.473380906882891
3.21 -9.462488811908575
3.22 -9.449603352713027
3.23 -9.434710985569087
3.24 -9.417809825423051
3.25 -9.398910708325076
3.26 -9.378038222687380
3.27 -9.355231689052969
3.28 -9.330546066047569
3.29 -9.304052758406046
3.30 -9.275840301508945
3.31 -9.246014895840714
3.32 -9.214700764297829
3.33 -9.182040305442415
3.34 -9.148194016720275
3.35 -9.113340163435836
3.36 -9.077674171977938
3.37 -9.041407729472789
3.38 -9.004767576725371
3.39 -8.967993986982405
3.40 -8.931338929647666
3.41 -8.895063925496057
3.42 -8.859437608006338
3.43 -8.824733013953654
3.44 -8.791224635114304
3.45 -8.759185271537943
3.46 -8.728882735006275
3.47 -8.700576458676055
3.48 -8.674514075147405
3.49 -8.650928029975084
3.50 -8.630032300652950
3.51 -8.612019292109421
3.52 -8.597056978585320
3.53 -8.585286358343220
3.54 -8.576819281995530
3.55 -8.571736707455136
3.56 -8.570087424827980
3.57 -8.571887283295286
3.58 -8.577118939569772
3.59 -8.585732134310920
3.60 -8.597644489445045
3.61 -8.612742806163702
3.62 -8.630884830962637
3.63 -8.651901445886869
3.64 -8.675599229555939
3.65 -8.701763327866642
3.66 -8.730160567722915
3.67 -8.760542743836904
3.68 -8.792650007591952
3.69 -8.826214288070940
3.70 -8.860962678458700
3.71 -8.896620725880773
3.72 -8.932915569044098
3.73 -8.969578875464519
3.74 -9.006349538253108
3.75 -9.042976101041008
3.76 -9.079218888323508
3.77 -9.114851827001541
3.78 -9.149663952937633
3.79 -9.183460603716403
3.80 -9.216064305349608
3.81 -9.247315366287006
3.82 -9.277072196728566
3.83 -9.305211374866703
3.84 -9.331627484342642
3.85 -9.356232748933127
3.86 -9.378956491370460
3.87 -9.399744443335365
3.88 -9.418557933153908
3.89 -9.435372976685807
3.90 -9.450179295421917
3.91 -9.462979284017623
3.92 -9.473786947473755
3.93 -9.482626826025061
3.94 -9.489532923584507
3.95 -9.494547653384773
3.96 -9.497720812309431
3.97 -9.499108593357423
3.98 -9.498772643767312
3.99 -9.496779174564377
4.00 -9.493198125697981
4.01 -9.488102389515602
4.02 -9.481567094074368
4.03 -9.473668946717360
4.04 -9.464485637432782
4.05 -9.454095300759462
4.06 -9.442576034390106
4.07 -9.430005472141231
4.08 -9.416460408592409
4.09 -9.402016472433278
4.10 -9.386747845382128
4.11 -9.370727023441400
4.12 -9.354024617221583
4.13 -9.336709188084779
4.14 -9.318847116922598
4.15 -9.300502502481029
4.16 -9.281737086269951
4.17 -9.262610201239662
4.18 -9.243178741565703
4.19 -9.223497151050985
4.20 -9.203617427826700
4.21 -9.183589143207181
4.22 -9.163459472725954
4.23 -9.143273237548284
4.24 -9.123072954618017
4.25 -9.102898894052013
4.26 -9.082789142442865
4.27 -9.062779670869661
4.28 -9.042904406546381
4.29 -9.023195307158360
4.30 -9.003682437049019
4.31 -8.984394044521649
4.32 -8.965356639615194
4.33 -8.946595071798436
4.34 -8.928132607104757
4.35 -8.909991004299698
4.36 -8.892190589736455
4.37 -8.874750330610965
4.38 -8.857687906378379
4.39 -8.841019778137314
4.40 -8.824761255827649
4.41 -8.808926563122181
4.42 -8.793528899922686
4.43 -8.778580502397238
4.44 -8.764092700518281
4.45 -8.750075973080435
4.46 -8.736540000193560
4.47 -8.723493713260583
4.48 -8.710945342461159
4.49 -8.698902461771839
4.50 -8.687372031561067
4.51 -8.676360438803467
4.52 -8.665873534962417
4.53 -8.655916671593335
4.54 -8.646494733722305
4.55 -8.637612171055942
4.56 -8.629273027078794
4.57 -8.621480966094252
4.58 -8.614239298263964
4.59 -8.607551002699168
4.60 -8.601418748655449
4.61 -8.595844914879848
4.62 -8.590831607156623
4.63 -8.586380674094777
4.64 -8.582493721197187
4.65 -8.579172123247597
4.66 -8.576417035048047
4.67 -8.574229400535414
4.68 -8.572609960301742
4.69 -8.571559257538985
4.70 -8.571077642424569
4.71 -8.571165274959986
4.72 -8.571822126270385
4.73 -8.573047978368750
4.74 -8.574842422384052
4.75 -8.577204855248361
4.76 -8.580134474833699
4.77 -8.583630273525083
4.78 -8.587691030212051
4.79 -8.592315300676807
4.80 -8.597501406353009
4.81 -8.603247421425349
4.82 -8.609551158236185
4.83 -8.616410150961817
4.84 -8.623821637517556
4.85 -8.631782539647389
4.86 -8.640289441151186
4.87 -8.649338564199567
4.88 -8.658925743684357
4.89 -8.669046399550602
4.90 -8.679695507054785
4.91 -8.690867564893086
4.92 -8.702556561143382
4.93 -8.714755936965354
4.94 -8.727458548004632
4.95 -8.740656623449430
4.96 -8.754341722691882
4.97 -8.768504689551328
4.98 -8.783135604023320
4.99 -8.798223731526392
5.00 -8.813757469628801
5.01 -8.829724292249695
5.02 -8.846110691343927
5.03 -8.862902116097148
5.04 -8.880082909678206
5.05 -8.897636243619607
5.06 -8.915544049924288
5.07 -8.933786951028445
5.08 -8.952344187786137
5.09 -8.971193545682336
5.10 -8.990311279527317
5.11 -9.009672036937401
5.12 -9.029248780965379
5.13 -9.049012712309150
5.14 -9.068933191599402
5.15 -9.088977662347261
5.16 -9.109111575221043
5.17 -9.129298314417797
5.18 -9.149499127001015
5.19 -9.169673056190142
5.20 -9.189776879711482
5.21 -9.209765054452623
5.22 -9.229589668804360
5.23 -9.249200404224117
5.24 -9.268544507712697
5.25 -9.287566777060658
5.26 -9.306209560890320
5.27 -9.324412775692204
5.28 -9.342113942228693
5.29 -9.359248243849128
5.30 -9.375748609426346
5.31 -9.391545823779872
5.32 -9.406568668590660
5.33 -9.420744096929775
5.34 -9.433997444612043
5.35 -9.446252681636825
5.36 -9.457432706982610
5.37 -9.467459689969925
5.38 -9.476255461286517
5.39 -9.483741956568091
5.40 -9.489841715133819
5.41 -9.494478436075172
5.42 -9.497577593375528
5.43 -9.499067111083248
5.44 -9.498878098759350
5.45 -9.496945646461644
5.46 -9.493209677400346
5.47 -9.487615855099856
5.48 -9.480116540424872
5.49 -9.470671792179155
5.50 -9.459250403170781
5.51 -9.445830961675179
5.52 -9.430402926141353
5.53 -9.412967698812560
5.54 -9.393539681715350
5.55 -9.372147296267647
5.56 -9.348833945635796
5.57 -9.323658897012272
5.58 -9.296698059281344
5.59 -9.268044630188749
5.60 -9.237809586240710
5.61 -9.206121988237070
5.62 -9.173129075702152
5.63 -9.138996124618268
5.64 -9.103906044880992
5.65 -9.068058696854003
5.66 -9.031669910350379
5.67 -8.994970194318423
5.68 -8.958203131436363
5.69 -8.921623458648913
5.70 -8.885494842287006
5.71 -8.850087364627713
5.72 -8.815674747350062
5.73 -8.782531346055686
5.74 -8.750928958542108
5.75 -8.721133497505573
5.76 -8.693401585459991
5.77 -8.667977135542607
5.78 -8.645087986210250
5.79 -8.624942660329298
5.80 -8.607727319603921
5.81 -8.593602983523445
5.82 -8.582703077985075
5.83 -8.575131372504815
5.84 -8.570960356614053
5.85 -8.570230095897298
5.86 -8.572947596495984
5.87 -8.579086694196855
5.88 -8.588588470911095
5.89 -8.601362187932486
5.90 -8.617286712346491
5.91 -8.636212400832514
5.92 -8.657963394297363
5.93 -8.682340267670480
5.94 -8.709122972065090
5.95 -8.738074001552668
5.96 -8.768941714095760
5.97 -8.801463735720487
5.98 -8.835370378673906
5.99 -8.870388007908995
6.00 -8.906242295511115
6.01 -8.942661309313781
6.02 -8.979378389610162
6.03 -9.016134776198951
6.04 -9.052681956667048
6.05 -9.088783715485512
6.06 -9.124217871893611
6.07 -9.158777702425468
6.08 -9.192273051100567
6.09 -9.224531136610302
6.10 -9.255397071194553
6.11 -9.284734110269691
6.12 -9.312423655238041
6.13 -9.338365034312062
6.14 -9.362475087684574
6.15 -9.384687584053626
6.16 -9.404952495464558
6.17 -9.423235156770032
6.18 -9.439515334840983
6.19 -9.453786231096165
6.20 -9.466053439058063
6.21 -9.476333876583464
6.22 -9.484654710242170
6.23 -9.491052287101173
6.24 -9.495571086975366
6.25 -9.498262706079938
6.26 -9.499184881003309
6.27 -9.498400560041263
6.28 -9.495977027213424
6.29 -9.491985082733521
6.30 -9.486498282330833
6.31 -9.479592236621018
6.32 -9.471343970695544
6.33 -9.461831343232122
6.34 -9.451132523713021
6.35 -9.439325525762083
6.36 -9.426487794160836
6.37 -9.412695842766611
6.38 -9.398024940316294
6.39 -9.382548840946397
6.40 -9.366339556179852
6.41 -9.349467165111538
6.42 -9.331999659556775
6.43 -9.314002821000553
6.44 -9.295540126291144
6.45 -9.276672679152570
6.46 -9.257459164739618
6.47 -9.237955824620592
6.48 -9.218216449742545
6.49 -9.198292389106708
6.50 -9.178232572055474
6.51 -9.158083542243352
6.52 -9.137889501531184
6.53 -9.117692362203572
6.54 -9.097531806062850
6.55 -9.077445349098344
6.56 -9.057468410566003
6.57 -9.037634385441212
6.58 -9.017974719325872
6.59 -8.998518985000080
6.60 -8.979294959909250
6.61 -8.960328703969074
6.62 -8.941644637154329
6.63 -8.923265616413008
6.64 -8.905213011515452
6.65 -8.887506779509364
6.66 -8.870165537506240
6.67 -8.853206633573459
6.68 -8.836646215549411
6.69 -8.820499297637069
6.70 -8.804779824664816
6.71 -8.789500733932428
6.72 -8.774674014585424
6.73 -8.760310764482817
6.74 -8.746421244541885
6.75 -8.733014930559470
6.76 -8.720100562522633
6.77 -8.707686191432416
6.78 -8.695779223673696
6.79 -8.684386462971160
6.80 -8.673514149977214
6.81 -8.663167999541916
6.82 -8.653353235717960
6.83 -8.644074624555836
6.84 -8.635336504745228
6.85 -8.627142816158894
6.86 -8.619497126354879
6.87 -8.612402655091595
6.88 -8.605862296908782
6.89 -8.599878641825192
6.90 -8.594453994201237
6.91 -8.589590389812084
6.92 -8.585289611173490
6.93 -8.581553201159233
6.94 -8.578382474945469
6.95 -8.575778530313572
6.96 -8.573742256339006
6.97 -8.572274340489937
6.98 -8.571375274155011
6.99 -8.571045356615635
7.00 -8.571284697473818
7.01 -8.572093217542392
7.02 -8.573470648200091
7.03 -8.575416529209663
7.04 -8.577930204992933
7.05 -8.581010819352377
7.06 -8.584657308624605
7.07 -8.588868393246884
7.08 -8.593642567713754
7.09 -8.598978088896729
7.10 -8.604872962696147
7.11 -8.611324928990468
7.12 -8.618331444844634
7.13 -8.625889665935798
7.14 -8.633996426151356
7.15 -8.642648215311473
7.16 -8.651841154965632
7.17 -8.661570972210489
7.18 -8.671832971474700
7.19 -8.682622004214988
7.20 -8.693932436467266
7.21 -8.705758114196543
7.22 -8.718092326390369
7.23 -8.730927765842260
7.24 -8.744256487574475
7.25 -8.758069864853542
7.26 -8.772358542757377
7.27 -8.787112389259795
7.28 -8.802320443806950
7.29 -8.817970863370995
7.30 -8.834050865979069
7.31 -8.850546671731202
7.32 -8.867443441338917
7.33 -8.884725212237521
7.34 -8.902374832349800
7.35 -8.920373891607337
7.36 -8.938702651368363
7.37 -8.957339971908214
7.38 -8.976263238200900
7.39 -8.995448284257956
7.40 -9.014869316344500
7.41 -9.034498835452510
7.42 -9.054307559478412
7.43 -9.074264345626379
7.44 -9.094336113640953
7.45 -9.114487770563024
7.46 -9.134682137802146
7.47 -9.154879881426117
7.48 -9.175039446685608
7.49 -9.195116997917856
7.50 -9.215066365108511
7.51 -9.234838998534794
7.52 -9.254383933065293
7.53 -9.273647763851496
7.54 -9.292574635312105
7.55 -9.311106245481987
7.56 -9.329181867970973
7.57 -9.346738393951288
7.58 -9.363710396762789
7.59 -9.380030221888630
7.60 -9.395628105205487
7.61 -9.410432322547052
7.62 -9.424369373729943
7.63 -9.437364204270690
7.64 -9.449340468062138
7.65 -9.460220834268048
7.66 -9.469927341625413
7.67 -9.478381803203371
7.68 -9.485506264443229
7.69 -9.491223516983094
7.70 -9.495457670339038
7.71 -9.498134782959488
7.72 -9.499183553476602
7.73 -9.498536072136108
7.74 -9.496128631383778
7.75 -9.491902593414158
7.76 -9.485805311140000
7.77 -9.477791097517528
7.78 -9.467822236467855
7.79 -9.455870026779019
7.80 -9.441915848374771
7.81 -9.425952238223140
7.82 -9.407983960967105
7.83 -9.388029057140205
7.84 -9.366119849641354
7.85 -9.342303887057470
7.86 -9.316644800522656
7.87 -9.289223049182208
7.88 -9.260136528090666
7.89 -9.229501011623507
7.90 -9.197450405332074
7.91 -9.164136779729013
7.92 -9.129730160857282
7.93 -9.094418054755595
7.94 -9.058404686152628
7.95 -9.021909935938760
7.96 -8.985167967179612
7.97 -8.948425535611619
7.98 -8.911939987610120
7.99 -8.875976956409897
8.00 -8.840807775699538
8.01 -8.806706638368402
8.02 -8.773947536877854
8.03 -8.742801030139727
8.04 -8.713530889574157
8.05 -8.686390683835208
8.06 -8.661620367193802
8.07 -8.639442940437673
8.08 -8.620061255117767
8.09 -8.603655031835144
8.10 -8.590378160897812
8.11 -8.580356349052400
8.12 -8.573685169181651
8.13 -8.570428561028422
8.14 -8.570617820431830
8.15 -8.574251102600703
8.16 -8.581293452034107
8.17 -8.591677358308372
8.18 -8.605303823590297
8.19 -8.622043914909998
8.20 -8.641740762410027
8.21 -8.664211954402514
8.22 -8.689252271462363
8.23 -8.716636695222389
8.24 -8.746123623176008
8.25 -8.777458218693242
8.26 -8.810375825573349
8.27 -8.844605378658761
8.28 -8.879872746106367
8.29 -8.915903944578314
8.30 -8.952428175555552
8.31 -8.989180638849495
8.32 -9.025905087840876
8.33 -9.062356099671240
8.34 -9.098301042239596
8.35 -9.133521728138584
8.36 -9.167815753371096
8.37 -9.200997525638867
8.38 -9.232898993059610
8.39 -9.263370089268671
8.40 -9.292278914961150
8.41 -9.319511679037390
8.42 -9.344972424669553
8.43 -9.368582566877624
8.44 -9.390280268677472
8.45 -9.410019682642815
8.46 -9.427770083915600
8.47 -9.443514919415041
8.48 -9.457250796342047
8.49 -9.468986431153818
8.50 -9.478741578085256
8.51 -9.486545954101459
8.52 -9.492438174949001
8.53 -9.496464714791879
8.54 -9.498678899817842
8.55 -9.499139944218914
8.56 -9.497912035112433
8.57 -9.495063471293765
8.58 -9.490665859208784
8.59 -9.484793368206907
8.60 -9.477522045982312
8.61 -9.468929194126154
8.62 -9.459092802887092
8.63 -9.448091043560490
8.64 -9.436001816385259
8.65 -9.422902351408410
8.66 -9.408868859467313
8.67 -9.393976230224723
8.68 -9.378297774059167
8.69 -9.361905004550680
8.70 -9.344867458297898
8.71 -9.327252548846738
8.72 -9.309125451593747
8.73 -9.290549016640533
8.74 -9.271583706712018
8.75 -9.252287557404118
8.76 -9.232716157190765
8.77 -9.212922644790840
8.78 -9.192957721669110
8.79 -9.172869677618415
8.80 -9.152704427540549
8.81 -9.132505557708527
8.82 -9.112314379951872
8.83 -9.092169992357833
8.84 -9.072109345224398
8.85 -9.052167311135239
8.86 -9.032376758151740
8.87 -9.012768625233186
8.88 -8.993371999103124
8.89 -8.974214191877961
8.90 -8.955320818863266
8.91 -8.936715876004628
8.92 -8.918421816553485
8.93 -8.900459626574518
8.94 -8.882848898980694
8.95 -8.865607905835043
8.96 -8.848753668705424
8.97 -8.832302026900287
8.98 -8.816267703450158
8.99 -8.800664368731816
9.00 -8.785504701660164
9.01 -8.770800448397184
9.02 -8.756562478548192
9.03 -8.742800838833562
9.04 -8.729524804239185
9.05 -8.716742926661629
9.06 -8.704463081074405
9.07 -8.692692509250298
9.08 -8.681437861081612
9.09 -8.670705233545275
9.10 -8.660500207363885
9.11 -8.650827881416312
9.12 -8.641692904953402
9.13 -8.633099507674856
9.14 -8.625051527723627
9.15 -8.617552437653252
9.16 -8.610605368422396
9.17 -8.604213131469054
9.18 -8.598378238914579
9.19 -8.593102921945105
9.20 -8.588389147414979
9.21 -8.584238632713669
9.22 -8.580652858934004
9.23 -8.577633082376153
9.24 -8.575180344417788
9.25 -8.573295479777027
9.26 -8.571979123190678
9.27 -8.571231714526135
9.28 -8.571053502341181
9.29 -8.571444545901549
9.30 -8.572404715661971
9.31 -8.573933692211996
9.32 -8.576030963683657
9.33 -8.578695821613710
9.34 -8.581927355248942
9.35 -8.585724444278700
9.36 -8.590085749974813
9.37 -8.595009704714773
9.38 -8.600494499860107
9.39 -8.606538071958056
9.40 -8.613138087230812
9.41 -8.620291924313019
9.42 -8.627996655194918
9.43 -8.636249024325373
9.44 -8.645045425826140
9.45 -8.654381878766316
9.46 -8.664254000443773
9.47 -8.674656977618803
9.48 -8.685585535644064
9.49 -8.697033905434543
9.50 -8.708995788221463
9.51 -8.721464318035235
9.52 -8.734432021864576
9.53 -8.747890777442104
9.54 -8.761831768611124
9.55 -8.776245438234140
9.56 -8.791121438611045
9.57 -8.806448579384201
9.58 -8.822214772918832
9.59 -8.838406977160805
9.60 -8.855011135989857
9.61 -8.872012117105456
9.62 -8.889393647504477
9.63 -8.907138246635656
9.64 -8.925227157345306
9.65 -8.943640274762631
9.66 -8.962356073311563
9.67 -8.981351532079710
9.68 -9.000602058824349
9.69 -9.020081412950750
9.70 -9.039761627860026
9.71 -9.059612933132662
9.72 -9.079603677090248
9.73 -9.099700250362321
9.74 -9.119867011177856
9.75 -9.140066213202269
9.76 -9.160257936851115
9.77 -9.180400025131036
9.78 -9.200448025187042
9.79 -9.220355136872808
9.80 -9.240072169806902
9.81 -9.259547510532173
9.82 -9.278727101557026
9.83 -9.297554434224836
9.84 -9.315970557529315
9.85 -9.333914105167423
9.86 -9.351321343294552
9.87 -9.368126241615458
9.88 -9.384260570605370
9.89 -9.399654027803253
9.90 -9.414234396247842
9.91 -9.427927738230329
9.92 -9.440658627607084
9.93 -9.452350423943452
9.94 -9.462925591735289
9.95 -9.472306067867700
9.96 -9.480413680308786
9.97 -9.487170620787397
9.98 -9.492499973854695
9.99 -9.496326304266178
10.00 -9.498576304030104
10.01 -9.499179499736814
10.02 -9.498069019899054
10.03 -9.495182420985891
10.04 -9.490462569614049
10.05 -9.483858576966158
10.06 -9.475326779936008
10.07 -9.464831761761509
10.08 -9.452347403010284
10.09 -9.437857951750781
10.10 -9.421359099603805
10.11 -9.402859048165919
10.12 -9.382379548078468
10.13 -9.359956890847421
10.14 -9.335642831474432
10.15 -9.309505418124639
10.16 -9.281629703527610
10.17 -9.252118311688520
10.18 -9.221091832885977
10.19 -9.188689019961274
10.20 -9.155066759667479
10.21 -9.120399794443111
10.22 -9.084880172485407
10.23 -9.048716407480969
10.24 -9.012132333835634
10.25 -8.975365648722608
10.26 -8.938666138687141
10.27 -8.902293595808732
10.28 -8.866515436378753
10.29 -8.831604043501972
10.30 -8.797833863726536
10.31 -8.765478296456914
10.32 -8.734806423183828
10.33 -8.706079631129423
10.34 -8.679548192404297
10.35 -8.655447864868853
10.36 -8.633996584279089
10.37 -8.615391318722656
10.38 -8.599805155629943
10.39 -8.587384688676950
10.40 -8.578247766677674
10.41 -8.572481659191256
10.42 -8.570141684243405
10.43 -8.571250332579101
10.44 -8.575796910603945
10.45 -8.583737711081158
10.46 -8.594996707219330
10.47 -8.609466752519797
10.48 -8.627011256150794
10.49 -8.647466292141550
10.50 -8.670643090748605
10.51 -8.696330852265650
10.52 -8.724299817561175
10.53 -8.754304525869193
10.54 -8.786087188857165
10.55 -8.819381110685134
10.56 -8.853914086493255
10.57 -8.889411716280613
10.58 -8.925600577176485
10.59 -8.962211204328769
10.60 -8.998980838695287
10.61 -9.035655908574368
10.62 -9.071994220418233
10.63 -9.107766843032849
10.64 -9.142759677417043
10.65 -9.176774712014325
10.66 -9.209630969875974
10.67 -9.241165160047547
10.68 -9.271232050325487
10.69 -9.299704582363759
10.70 -9.326473752958346
10.71 -9.351448287249033
10.72 -9.374554130627073
10.73 -9.395733786416038
10.74 -9.414945526005386
10.75 -9.432162497171035
10.76 -9.447371754924376
10.77 -9.460573237496444
10.78 -9.471778708086561
10.79 -9.481010680873919
10.80 -9.488301347585379
10.81 -9.493691518700198
10.82 -9.497229591208177
10.83 -9.498970552765982
10.84 -9.498975030150733
10.85 -9.497308388114359
10.86 -9.494039883112238
10.87 -9.489241874923280
10.88 -9.482989097898088
10.89 -9.475357992464220
10.90 -9.466426096576228
10.91 -9.456271496013382
10.92 -9.444972331788412
10.93 -9.432606362423204
10.94 -9.419250578458835
10.95 -9.404980866283859
10.96 -9.389871718173115
10.97 -9.373995985316594
10.98 -9.357424670572010
10.99 -9.340226757684599
11.00 -9.322469073772981
11.01 -9.304216181971793
11.02 -9.285530301241808
11.03 -9.266471250499633
11.04 -9.247096414375543
11.05 -9.227460728074330
11.06 -9.207616678985847
11.07 -9.187614322865665
11.08 -9.167501312578807
11.09 -9.147322937568594
11.10 -9.127122172376362
11.11 -9.106939732694697
11.12 -9.086814137586130
11.13 -9.066781776639779
11.14 -9.046876980970259
11.15 -9.027132097085810
11.16 -9.007577562766143
11.17 -8.988241984194945
11.18 -8.969152213687767
11.19 -8.950333427443260
11.20 -8.931809202824923
11.21 -8.913601594752132
11.22 -8.895731210843532
11.23 -8.878217285013626
11.24 -8.861077749274731
11.25 -8.844329303542244
11.26 -8.827987483281456
11.27 -8.812066724869631
11.28 -8.796580428578251
11.29 -8.781541019107213
11.30 -8.766960003626252
11.31 -8.752848027298898
11.32 -8.739214926281397
11.33 -8.726069778203474
11.34 -8.713420950149890
11.35 -8.701276144171668
11.36 -8.689642440363954
11.37 -8.678526337553802
11.38 -8.667933791646151
11.39 -8.657870251679777
11.40 -8.648340693647484
11.41 -8.639349652136298
11.42 -8.630901249843907
11.43 -8.622999225027419
11.44 -8.615646956939747
11.45 -8.608847489307314
11.46 -8.602603551901062
11.47 -8.596917580250206
11.48 -8.591791733545593
11.49 -8.587227910776448
11.50 -8.583227765140998
11.51 -8.579792716768013
11.52 -8.576923963782532
11.53 -8.574622491745263
11.54 -8.572889081491191
11.55 -8.571724315388739
11.56 -8.571128582036836
11.57 -8.571102079412897
11.58 -8.571644816480541
11.59 -8.572756613261541
11.60 -8.574437099372183
11.61 -8.576685711019973
11.62 -8.579501686452240
11.63 -8.582884059844012
11.64 -8.586831653608254
11.65 -8.591343069107417
11.66 -8.596416675741191
11.67 -8.602050598381314
11.68 -8.608242703120535
11.69 -8.614990581298978
11.70 -8.622291531767749
11.71 -8.630142541346286
11.72 -8.638540263426888
11.73 -8.647480994677107
11.74 -8.656960649788319
11.75 -8.666974734216851
11.76 -8.677518314862448
11.77 -8.688585988628116
11.78 -8.700171848804930
11.79 -8.712269449226046
11.80 -8.724871766135388
11.81 -8.737971157718926
11.82 -8.751559321249863
11.83 -8.765627247803877
11.84 -8.780165174506729
11.85 -8.795162534284524
11.86 -8.810607903096551
11.87 -8.826488944642596
11.88 -8.842792352550759
11.89 -8.859503790068619
11.90 -8.876607827300548
11.91 -8.894087876056783
11.92 -8.911926122406754
11.93 -8.930103457059685
11.94 -8.948599403730649
11.95 -8.967392045690115
11.96 -8.986457950740116
11.97 -9.005772094911169
11.98 -9.025307785231050
11.99 -9.045036581980256
12.00 -9.064928220919986
12.01 -9.084950536056780
12.02 -9.105069383594634
12.03 -9.125248567820254
12.04 -9.145449769770822
12.05 -9.165632479646419
12.06 -9.185753934050915
12.07 -9.205769059276365
12.08 -9.225630421985585
12.09 -9.245288188796270
12.10 -9.264690096426270
12.11 -9.283781434222842
12.12 -9.302505041067526
12.13 -9.320801318820692
12.14 -9.338608264643682
12.15 -9.355861524708777
12.16 -9.372494471974372
12.17 -9.388438310860632
12.18 -9.403622211803933
12.19 -9.417973478791119
12.20 -9.431417753069510
12.21 -9.443879256287953
12.22 -9.455281076338975
12.23 -9.465545499132043
12.24 -9.474594389422109
12.25 -9.482349623634004
12.26 -9.488733577348979
12.27 -9.493669669741445
12.28 -9.497082966758210
12.29 -9.498900844205467
12.30 -9.499053711137742
12.31 -9.497475793016104
12.32 -9.494105973010383
12.33 -9.488888688554857
12.34 -9.481774878825723
12.35 -9.472722977192975
12.36 -9.461699940916896
12.37 -9.448682308424685
12.38 -9.433657272439255
12.39 -9.416623755072385
12.40 -9.397593468781597
12.41 -9.376591944878946
12.42 -9.353659509136515
12.43 -9.328852182035694
12.44 -9.302242479444208
12.45 -9.273920088074529
12.46 -9.243992389085387
12.47 -9.212584802744420
12.48 -9.179840927284109
12.49 -9.145922446059796
12.50 -9.111008778951284
12.51 -9.075296456714366
12.52 -9.038998200736845
12.53 -9.002341695404812
12.54 -8.965568046020032
12.55 -8.928929921865045
12.56 -8.892689391477099
12.57 -8.857115465301904
12.58 -8.822481369440725
12.59 -8.789061582917833
12.60 -8.757128679479587
12.61 -8.726950023059475
12.62 -8.698784373357602
12.63 -8.672878464139737
12.64 -8.649463621529723
12.65 -8.628752492456034
12.66 -8.610935954281782
12.67 -8.596180275333412
12.68 -8.584624592471963
12.69 -8.576378766043716
12.70 -8.571521664630556
12.71 -8.570099922220329
12.72 -8.572127199054368
12.73 -8.577583964882594
12.74 -8.586417810126083
12.75 -8.598544277009591
12.76 -8.613848189589691
12.77 -8.632185449259588
12.78 -8.653385251209661
12.79 -8.677252667849311
12.80 -8.703571537653728
12.81 -8.732107592497339
12.82 -8.762611753379433
12.83 -8.794823523540913
12.84 -8.828474409221402
12.85 -8.863291301535000
12.86 -8.898999757901803
12.87 -8.935327127859880
12.88 -8.972005475563179
12.89 -9.008774259496290
12.90 -9.045382738560610
12.91 -9.081592082382894
12.92 -9.117177172171573
12.93 -9.151928086447144
12.94 -9.185651273295795
12.95 -9.218170417286842
12.96 -9.249327014751945
12.97 -9.278980675692180
12.98 -9.307009174146700
12.99 -9.333308271449054
13.00 -9.357791338471060
13.01 -9.380388803788174
13.02 -9.401047454791099
13.03 -9.419729618221108
13.04 -9.436412245531518
13.05 -9.451085926983581
13.06 -9.463753856576396
13.07 -9.474430767883829
13.08 -9.483141858713502
13.09 -9.489921720289654
13.10 -9.494813284457173
13.11 -9.497866800260432
13.12 -9.499138849209801
13.13 -9.498691406640861
13.14 -9.496590954818855
13.15 -9.492907651856560
13.16 -9.487714559104370
13.17 -9.481086928437332
13.18 -9.473101549801413
13.19 -9.463836158482648
13.20 -9.453368900817981
13.21 -9.441777856463517
13.22 -9.429140614861529
13.23 -9.415533903188344
13.24 -9.401033262807509
13.25 -9.385712771083291
13.26 -9.369644805315732
13.27 -9.352899845528507
13.28 -9.335546312863881
13.29 -9.317650440404789
13.30 -9.299276173344289
13.31 -9.280485095549031
13.32 -9.261336379709219
13.33 -9.241886758427198
13.34 -9.222190513764991
13.35 -9.202299482943648
13.36 -9.182263078061117
13.37 -9.162128317867008
13.38 -9.141939869800535
13.39 -9.121740100659926
13.40 -9.101569134426539
13.41 -9.081464915913896
13.42 -9.061463279050145
13.43 -9.041598018731895
13.44 -9.021900965307477
13.45 -9.002402060858840
13.46 -8.983129436553421
13.47 -8.964109490430753
13.48 -8.945366965073669
13.49 -8.926925024691064
13.50 -8.908805331208807
13.51 -8.891028119027931
13.52 -8.873612268165171
13.53 -8.856575375540807
13.54 -8.839933824222959
13.55 -8.823702850476476
13.56 -8.807896608498949
13.57 -8.792528232756124
13.58 -8.777609897855308
13.59 -8.763152875917513
13.60 -8.749167591428591
13.61 -8.735663673565856
13.62 -8.722650006010504
13.63 -8.710134774267631
13.64 -8.698125510525065
13.65 -8.686629136089804
13.66 -8.675652001446833
13.67 -8.665199923989597
13.68 -8.655278223474756
13.69 -8.645891755255930
13.70 -8.637044941352372
13.71 -8.628741799408933
13.72 -8.620985969603165
13.73 -8.613780739554523
13.74 -8.607129067288961
13.75 -8.601033602310237
13.76 -8.595496704826733
13.77 -8.590520463179883
13.78 -8.586106709517061
13.79 -8.582257033748606
13.80 -8.578972795824976
13.81 -8.576255136366356
13.82 -8.574104985673110
13.83 -8.572523071141523
13.84 -8.571509923105172
13.85 -8.571065879118034
13.86 -8.571191086691339
13.87 -8.571885504491689
13.88 -8.573148902003974
13.89 -8.574980857657959
13.90 -8.577380755413431
13.91 -8.580347779794288
13.92 -8.583880909357770
13.93 -8.587978908580896
13.94 -8.592640318141875
13.95 -8.597863443570363
13.96 -8.603646342236363
13.97 -8.609986808643850
13.98 -8.616882357991418
13.99 -8.624330207958922
14.00 -8.632327258675694
14.01 -8.640870070823084
14.02 -8.649954841821296
14.03 -8.659577380048287
14.04 -8.669733077036629
14.05 -8.680416877592865
14.06 -8.691623247783197
14.07 -8.703346140729199
14.08 -8.715578960158036
14.09 -8.728314521653200
14.10 -8.741545011554479
14.11 -8.755261943459603
14.12 -8.769456112285260
14.13 -8.784117545851698
14.14 -8.799235453963579
14.15 -8.814798174970043
14.16 -8.830793119799312
14.17 -8.847206713478155
14.18 -8.864024334164043
14.19 -8.881230249738520
14.20 -8.898807552034253
14.21 -8.916738088795901
14.22 -8.935002393506851
14.23 -8.953579613250042
14.24 -8.972447434812429
14.25 -8.991582009289262
14.26 -9.010957875496835
14.27 -9.030547882561091
14.28 -9.050323112115223
14.29 -9.070252800612062
14.30 -9.090304262337852
14.31 -9.110442813802523
14.32 -9.130631700278988
14.33 -9.150832025369981
14.34 -9.171002684596067
14.35 -9.191100304122799
14.36 -9.211079185878335
14.37 -9.230891260455042
14.38 -9.250486049339361
14.39 -9.269810638172368
14.40 -9.288809662908445
14.41 -9.307425310909307
14.42 -9.325597339183812
14.43 -9.343263112157597
14.44 -9.360357661528061
14.45 -9.376813770925253
14.46 -9.392562088253658
14.47 -9.407531268728288
14.48 -9.421648151734273
14.49 -9.434837974725667
14.50 -9.447024627427391
14.51 -9.458130949605488
14.52 -9.468079075614426
14.53 -9.476790828804802
14.54 -9.484188168668322
14.55 -9.490193693296264
14.56 -9.494731199319444
14.57 -9.497726300968202
14.58 -9.499107109226793
14.59 -9.498804971245070
14.60 -9.496755269200090
14.61 -9.492898276662286
14.62 -9.487180069208874
14.63 -9.479553484539013
14.64 -9.469979125684189
14.65 -9.458426399082532
14.66 -9.444874577314071
14.67 -9.429313874201164
14.68 -9.411746517799742
14.69 -9.392187804588740
14.70 -9.370667115965082
14.71 -9.347228876038836
14.72 -9.321933427779021
14.73 -9.294857802875958
14.74 -9.266096359362205
14.75 -9.235761260177332
14.76 -9.203982765582966
14.77 -9.170909312741802
14.78 -9.136707356970705
14.79 -9.101560951252464
14.80 -9.065671043613902
14.81 -9.029254475993154
14.82 -8.992542673235878
14.83 -8.955780016848751
14.84 -8.919221905022964
14.85 -8.883132508094892
14.86 -8.847782236859276
14.87 -8.813444949765595
14.88 -8.780394933738274
14.89 -8.748903701856049
14.90 -8.719236659067601
14.91 -8.691649694159988
14.92 -8.666385761987572
14.93 -8.643671524189632
14.94 -8.623714118994533
14.95 -8.606698131007457
14.96 -8.592782829966932
14.97 -8.582099743281388
14.98 -8.574750620771557
14.99 -8.570805841599757
15.00 -8.570303303115574
15.01 -8.573247819632408
15.02 -8.579611046388091
15.03 -8.589331930607599
15.04 -8.602317678179247
15.05 -8.618445211483134
15.06 -8.637563081855596
15.07 -8.659493789470705
15.08 -8.684036454435249
15.09 -8.710969775905880
15.10 -8.740055211227558
15.11 -8.771040304539461
15.12 -8.803662093975724
15.13 -8.837650528386387
15.14 -8.872731828221086
15.15 -8.908631730588576
15.16 -8.945078565217862
15.17 -8.981806115760268
15.18 -9.018556229236452
15.19 -9.055081145106385
15.20 -9.091145524104459
15.21 -9.126528165353070
15.22 -9.161023408106058
15.23 -9.194442221587408
15.24 -9.226612992641440
15.25 -9.257382026207537
15.26 -9.286613777933789
15.27 -9.314190841547530
15.28 -9.340013715941849
15.29 -9.364000378378533
15.30 -9.386085690834063
15.31 -9.406220666425380
15.32 -9.424371622153430
15.33 -9.440519243005291
15.34 -9.454657580867726
15.35 -9.466793009829198
15.36 -9.476943157377741
15.37 -9.485135828822473
15.38 -9.491407940049845
15.39 -9.495804471532702
15.40 -9.498377454390578
15.41 -9.499184997291394
15.42 -9.498290361116883
15.43 -9.495761086605082
15.44 -9.491668178645300
15.45 -9.486085349538458
15.46 -9.479088322347815
15.47 -9.470754194447311
15.48 -9.461160860518046
15.49 -9.450386493537696
15.50 -9.438509081740134
15.51 -9.425606019080144
15.52 -9.411753746407344
15.53 -9.397027440320471
15.54 -9.381500746525166
15.55 -9.365245554442760
15.56 -9.348331809802728
15.57 -9.330827361986694
15.58 -9.312797842967877
15.59 -9.294306574797519
15.60 -9.275414502722210
15.61 -9.256180151166001
15.62 -9.236659599973638
15.63 -9.216906478480873
15.64 -9.196971975151175
15.65 -9.176904860691463
15.66 -9.156751522730563
15.67 -9.136556010310391
15.68 -9.116360086600235
15.69 -9.096203288397316
15.70 -9.076122991121602
15.71 -9.056154478148734
15.72 -9.036331013451912
15.73 -9.016683916641325
15.74 -8.997242639598422
15.75 -8.978034844002053
15.76 -8.959086479134781
15.77 -8.940421859440495
15.78 -8.922063741379558
15.79 -8.904033399195464
15.80 -8.886350699267583
15.81 -8.869034172779013
15.82 -8.852101086476774
15.83 -8.835567511344362
15.84 -8.819448389044435
15.85 -8.803757596022484
15.86 -8.788508005191142
15.87 -8.773711545139966
15.88 -8.759379256836967
15.89 -8.745521347806658
15.90 -8.732147243785136
15.91 -8.719265637865703
15.92 -8.706884537159592
15.93 -8.695011307005158
15.94 -8.683652712766087
15.95 -8.672814959264725
15.96 -8.662503727900839
15.97 -8.652724211509033
15.98 -8.643481147010013
15.99 -8.634778845911780
16.00 -8.626621222717080
16.01 -8.619011821292736
16.02 -8.611953839255488
16.03 -8.605450150427092
16.04 -8.599503325409422
16.05 -8.594115650327621
16.06 -8.589289143786614
16.07 -8.585025572083001
16.08 -8.581326462711012
16.09 -8.578193116197598
16.10 -8.575626616297905
16.11 -8.573627838578515
16.12 -8.572197457411805
16.13 -8.571335951400641
16.14 -8.571043607248395
16.15 -8.571320522085170
16.16 -8.572166604256626
16.17 -8.573581572577735
16.18 -8.575564954049264
16.19 -8.578116080030677
16.20 -8.581234080858682
16.21 -8.584917878896619
16.22 -8.589166179995452
16.23 -8.593977463343222
16.24 -8.599349969675647
16.25 -8.605281687816712
16.26 -8.611770339514266
16.27 -8.618813362532061
16.28 -8.626407891956227
16.29 -8.634550739671042
16.30 -8.643238371955915
16.31 -8.652466885152949
16.32 -8.662231979352311
16.33 -8.672528930040928
16.34 -8.683352557658678
16.35 -8.694697195005975
16.36 -8.706556652446420
16.37 -8.718924180849370
16.38 -8.731792432219102
16.39 -8.745153417960060
16.40 -8.758998464731972
16.41 -8.773318167854084
16.42 -8.788102342224777
16.43 -8.803339970731837
16.44 -8.819019150139361
16.45 -8.835127034450387
16.46 -8.851649775759970
16.47 -8.868572462631732
16.48 -8.885879056052449
16.49 -8.903552323044133
16.50 -8.921573768041840
16.51 -8.939923562178423
16.52 -8.958580470654981
16.53 -8.977521778418438
16.54 -8.996723214415784
16.55 -9.016158874748699
16.56 -9.035801145112771
16.57 -9.055620622973031
16.58 -9.075586040002456
16.59 -9.095664185392707
16.60 -9.115819830737415
16.61 -9.136015657287871
16.62 -9.156212186489421
16.63 -9.176367714824464
16.64 -9.196438254114659
16.65 -9.216377478570706
16.66 -9.236136680022623
16.67 -9.255664732916205
16.68 -9.274908070821501
16.69 -9.293810676365572
16.70 -9.312314086672657
16.71 -9.330357416568543
16.72 -9.347877401979286
16.73 -9.364808466124476
16.74 -9.381082811268081
16.75 -9.396630538940562
16.76 -9.411379801678954
16.77 -9.425256989440461
16.78 -9.438186953922093
16.79 -9.450093274055718
16.80 -9.460898565934700
16.81 -9.470524840354678
16.82 -9.478893911005281
16.83 -9.485927856119236
16.84 -9.491549536057423
16.85 -9.495683168869157
16.86 -9.498254965302946
16.87 -9.499193824040745
16.88 -9.498432087075933
16.89 -9.495906354141113
16.90 -9.491558353907884
16.91 -9.485335868321863
16.92 -9.477193704901429
16.93 -9.467094710122833
16.94 -9.455010815148352
16.95 -9.440924103147363
16.96 -9.424827885340628
16.97 -9.406727770703972
16.98 -9.386642712047987
16.99 -9.364606009006405
17.00 -9.340666246389590
17.01 -9.314888144475253
17.02 -9.287353296209989
17.03 -9.258160765085048
17.04 -9.227427516736370
17.05 -9.195288657212290
17.06 -9.161897451460458
17.07 -9.127425097007723
17.08 -9.092060230128233
17.09 -9.056008145079469
17.10 -9.019489711268523
17.11 -8.982739978491788
17.12 -8.946006466627740
17.13 -8.909547143266584
17.14 -8.873628100592525
17.15 -8.838520951204581
17.16 -8.804499971230824
17.17 -8.771839027775053
17.18 -8.740808336116171
17.19 -8.711671099815995
17.20 -8.684680093631377
17.21 -8.660074254528940
17.22 -8.638075349853469
17.23 -8.618884793537188
17.24 -8.602680680957338
17.25 -8.589615110535799
17.26 -8.579811855401966
17.27 -8.573364441486701
17.28 -8.570334679460334
17.29 -8.570751687249141
17.30 -8.574611427827447
17.31 -8.581876774020348
17.32 -8.592478098648229
17.33 -8.606314375004219
17.34 -8.623254759881965
17.35 -8.643140619636592
17.36 -8.665787949484331
17.37 -8.690990127770570
17.38 -8.718520940515234
17.39 -8.748137807332927
17.40 -8.779585137873893
17.41 -8.812597748192143
17.42 -8.846904268779316
17.43 -8.882230480188426
17.44 -8.918302517932149
17.45 -8.954849895353725
17.46 -8.991608301089663
17.47 -9.028322136223458
17.48 -9.064746764930572
17.49 -9.100650461027300
17.50 -9.135816041086507
17.51 -9.170042182444959
17.52 -9.203144431322556
17.53 -9.234955912276950
17.54 -9.265327755251151
17.55 -9.294129260505393
17.56 -9.321247824767212
17.57 -9.346588654027661
17.58 -9.370074289626814
17.59 -9.391643974696834
17.60 -9.411252887768153
17.61 -9.428871269501867
17.62 -9.444483467199776
17.63 -9.458086920069126
17.64 -9.469691106282808
17.65 -9.479316470769032
17.66 -9.486993350468483
17.67 -9.492760911580998
17.68 -9.496666111146025
17.69 -9.498762693207835
17.70 -9.499110227843241
17.71 -9.497773199502509
17.72 -9.494820149449968
17.73 -9.490322875599407
17.74 -9.484355691723600
17.75 -9.476994746875487
17.76 -9.468317404884495
17.77 -9.458401682976255
17.78 -9.447325747896251
17.79 -9.435167467385096
17.80 -9.422004014441860
17.81 -9.407911521508444
17.82 -9.392964781498936
17.83 -9.377236992470356
17.84 -9.360799542672890
17.85 -9.343721832717058
17.86 -9.326071131642538
17.87 -9.307912463758282
17.88 -9.289308523238709
17.89 -9.270319613598387
17.90 -9.251003609321323
17.91 -9.231415937085938
17.92 -9.211609574197633
17.93 -9.191635062014567
17.94 -9.171540532325229
17.95 -9.151371744806289
17.96 -9.131172133854198
17.97 -9.110982863242310
17.98 -9.090842887206195
17.99 -9.070789016702163
18.00 -9.050855989717594
18.01 -9.031076544636228
18.02 -9.011481495776776
18.03 -8.992099810329684
18.04 -8.972958686014170
18.05 -8.954083628866691
18.06 -8.935498530652804
18.07 -8.917225745467315
18.08 -8.899286165153578
18.09 -8.881699293231623
18.10 -8.864483317077504
18.11 -8.847655178143102
18.12 -8.831230640046854
18.13 -8.815224354402503
18.14 -8.799649924284751
18.15 -8.784519965258555
18.16 -8.769846163922946
18.17 -8.755639333940801
18.18 -8.741909469543932
18.19 -8.728665796517552
18.20 -8.715916820680876
18.21 -8.703670373890930
18.22 -8.691933657604968
18.23 -8.680713284043767
18.24 -8.670015315003038
18.25 -8.659845298364242
18.26 -8.650208302358614
18.27 -8.641108947639923
18.28 -8.632551437222206
18.29 -8.624539584338622
18.30 -8.617076838276937
18.31 -8.610166308245724
18.32 -8.603810785323597
18.33 -8.598012762541480
18.34 -8.592774453145351
18.35 -8.588097807083814
18.36 -8.583984525761741
18.37 -8.580436075097644
18.38 -8.577453696918928
18.39 -8.575038418725168
18.40 -8.573191061845836
18.41 -8.571912248014597
18.42 -8.571202404378395
18.43 -8.571061766955189
18.44 -8.571490382549959
18.45 -8.572488109134440
18.46 -8.574054614691537
18.47 -8.576189374521267
18.48 -8.578891667000628
18.49 -8.582160567785616
18.50 -8.585994942439317
18.51 -8.590393437465870
18.52 -8.595354469725997
18.53 -8.600876214205753
18.54 -8.606956590106277
18.55 -8.613593245218679
18.56 -8.620783538544437
18.57 -8.628524521118537
18.58 -8.636812914989349
18.59 -8.645645090306454
18.60 -8.655017040465211
18.61 -8.664924355254715
18.62 -8.675362191954333
18.63 -8.686325244322786
18.64 -8.697807709423586
18.65 -8.709803252230707
18.66 -8.722304967959749
18.67 -8.735305342071896
18.68 -8.748796207901165
18.69 -8.762768701860102
18.70 -8.777213216184791
18.71 -8.792119349187772
18.72 -8.807475852996689
18.73 -8.823270578767943
18.74 -8.839490419378413
18.75 -8.856121249614452
18.76 -8.873147863896698
18.77 -8.890553911601492
18.78 -8.908321830065661
18.79 -8.926432775391252
18.80 -8.944866551201002
18.81 -8.963601535534087
18.82 -8.982614606115916
18.83 -9.001881064285319
18.84 -9.021374557918278
18.85 -9.041067003749795
18.86 -9.060928509564750
18.87 -9.080927296805696
18.88 -9.101029624230305
18.89 -9.121199713344403
18.90 -9.141399676438491
18.91 -9.161589448166550
18.92 -9.181726721725811
18.93 -9.201766890825480
18.94 -9.221662998770402
18.95 -9.241365696132586
18.96 -9.260823208638236
18.97 -9.279981317059919
18.98 -9.298783351071334
18.99 -9.317170199193921
19.00 -9.335080337138422
19.01 -9.352449877017357
19.02 -9.369212640072901
19.03 -9.385300255724722
19.04 -9.400642289888930
19.05 -9.415166405646469
19.06 -9.428798559440470
19.07 -9.441463236049232
19.08 -9.453083725605973
19.09 -9.463582445908278
19.10 -9.472881313168502
19.11 -9.480902164189342
19.12 -9.487567232693745
19.13 -9.492799682182058
19.14 -9.496524197218172
19.15 -9.498667634446775
19.16 -9.499159733902708
19.17 -9.497933890278453
19.18 -9.494927982757343
19.19 -9.490085260789598
19.20 -9.483355281782600
19.21 -9.474694895095681
19.22 -9.464069264979731
19.23 -9.451452923196340
19.24 -9.436830840011037
19.25 -9.420199500111718
19.26 -9.401567967797037
19.27 -9.380958923563178
19.28 -9.358409652054483
19.29 -9.333972959309762
19.30 -9.307717995418383
19.31 -9.279730957194811
19.32 -9.250115644391846
19.33 -9.218993842410315
19.34 -9.186505504536516
19.35 -9.152808707554623
19.36 -9.118079356235498
19.37 -9.082510614776334
19.38 -9.046312046813929
19.39 -9.009708450184670
19.40 -8.972938378145741
19.41 -8.936252345250578
19.42 -8.899910723385347
19.43 -8.864181341469306
19.44 -8.829336810797010
19.45 -8.795651606702645
19.46 -8.763398945862651
19.47 -8.732847506795828
19.48 -8.704258048624757
19.49 -8.677879989578305
19.50 -8.653948011707049
19.51 -8.632678761548753
19.52 -8.614267717769856
19.53 -8.598886295941609
19.54 -8.586679257492149
19.55 -8.577762484510156
19.56 -8.572221174567353
19.57 -8.570108500281703
19.58 -8.571444767263904
19.59 -8.576217091760904
19.60 -8.584379606181898
19.61 -8.595854187255508
19.62 -8.610531688329552
19.63 -8.628273644783452
19.64 -8.648914410139172
19.65 -8.672263670629048
19.66 -8.698109278030129
19.67 -8.726220334731659
19.68 -8.756350461392392
19.69 -8.788241176191333
19.70 -8.821625315504964
19.71 -8.856230428694420
19.72 -8.891782084320621
19.73 -8.928007031232754
19.74 -8.964636165264826
19.75 -9.001407260379048
19.76 -9.038067431665956
19.77 -9.074375306317370
19.78 -9.110102887229086
19.79 -9.145037102004046
19.80 -9.178981037599300
19.81 -9.211754867528207
19.82 -9.243196484279723
19.83 -9.273161854385465
19.84 -9.301525117332318
19.85 -9.328178452302856
19.86 -9.353031738577906
19.87 -9.376012036430831
19.88 -9.397062915574736
19.89 -9.416143657795564
19.90 -9.433228359426176
19.91 -9.448304957897641
19.92 -9.461374204850472
19.93 -9.472448606298236
19.94 -9.481551348197938
19.95 -9.488715223573976
19.96 -9.493981575131526
19.97 -9.497399265135767
19.98 -9.499023682269129
19.99 -9.498915793242267
20.00 -9.497141245149455
