0.00 1.407520000000000
0.01 1.408478111297219
0.02 1.409352354874456
0.03 1.410142649864555
0.04 1.410848924423507
0.05 1.411471115350374
0.06 1.412009167750260
0.07 1.412463034739488
0.08 1.412832677192192
0.09 1.413118063527685
0.10 1.413319169538042
0.11 1.413435978255441
0.12 1.413468479858935
0.13 1.413416671620384
0.14 1.413280557889429
0.15 1.413060150117447
0.16 1.412755466920576
0.17 1.412366534181946
0.18 1.411893385193403
0.19 1.411336060837101
0.20 1.410694609807409
0.21 1.409969088873748
0.22 1.409159563185006
0.23 1.408266106616343
0.24 1.407288802159262
0.25 1.406227742355961
0.26 1.405083029779056
0.27 1.403854777557905
0.28 1.402543109952842
0.29 1.401148162978769
0.30 1.399670085079638
0.31 1.398109037855476
0.32 1.396465196843720
0.33 1.394738752356741
0.34 1.392929910377527
0.35 1.391038893515629
0.36 1.389065942025564
0.37 1.387011314889987
0.38 1.384875290970036
0.39 1.382658170225362
0.40 1.380360275006451
0.41 1.377981951421928
0.42 1.375523570783629
0.43 1.372985531132292
0.44 1.370368258846788
0.45 1.367672210339877
0.46 1.364897873843491
0.47 1.362045771286614
0.48 1.359116460268787
0.49 1.356110536132298
0.50 1.353028634136060
0.51 1.349871431734104
0.52 1.346639650961555
0.53 1.343334060930797
0.54 1.339955480440372
0.55 1.336504780698942
0.56 1.332982888166395
0.57 1.329390787513809
0.58 1.325729524703661
0.59 1.322000210191147
0.60 1.318204022247007
0.61 1.314342210401582
0.62 1.310416099009136
0.63 1.306427090930657
0.64 1.302376671332425
0.65 1.298266411596555
0.66 1.294097973338583
0.67 1.289873112525793
0.68 1.285593683688515
0.69 1.281261644214996
0.70 1.276879058718599
0.71 1.272448103464109
0.72 1.267971070837716
0.73 1.263450373842885
0.74 1.258888550601690
0.75 1.254288268838439
0.76 1.249652330319380
0.77 1.244983675219098
0.78 1.240285386380774
0.79 1.235560693433940
0.80 1.230812976729551
0.81 1.226045771048329
0.82 1.221262769034303
0.83 1.216467824301376
0.84 1.211664954156601
0.85 1.206858341879803
0.86 1.202052338495122
0.87 1.197251463966260
0.88 1.192460407743646
0.89 1.187684028588538
0.90 1.182927353596373
0.91 1.178195576339578
0.92 1.173494054048717
0.93 1.168828303750388
0.94 1.164203997280894
0.95 1.159626955096528
0.96 1.155103138804482
0.97 1.150638642343138
0.98 1.146239681746862
0.99 1.141912583438654
1.00 1.137663771004153
1.01 1.133499750412643
1.02 1.129427093664946
1.03 1.125452420864398
1.04 1.121582380725423
1.05 1.117823629554517
1.06 1.114182808760445
1.07 1.110666520974024
1.08 1.107281304882607
1.09 1.104033608909929
1.10 1.100929763897912
1.11 1.097975954972744
1.12 1.095178192802486
1.13 1.092542284477043
1.14 1.090073804262739
1.15 1.087778064502477
1.16 1.085660086947672
1.17 1.083724574819363
1.18 1.081975885902398
1.19 1.080418006978028
1.20 1.079054529896115
1.21 1.077888629578328
1.22 1.076923044228044
1.23 1.076160058001288
1.24 1.075601486366184
1.25 1.075248664346537
1.26 1.075102437808815
1.27 1.075163157911892
1.28 1.075430678796094
1.29 1.075904358543575
1.30 1.076583063396703
1.31 1.077465175176141
1.32 1.078548601796690
1.33 1.079830790737703
1.34 1.081308745286985
1.35 1.082979043343287
1.36 1.084837858533529
1.37 1.086880983377166
1.38 1.089103854212123
1.39 1.091501577584411
1.40 1.094068957797152
1.41 1.096800525313848
1.42 1.099690565715230
1.43 1.102733148918323
1.44 1.105922158380020
1.45 1.109251320024791
1.46 1.112714230656572
1.47 1.116304385637612
1.48 1.120015205641528
1.49 1.123840062313292
1.50 1.127772302694796
1.51 1.131805272300367
1.52 1.135932336751795
1.53 1.140146901906467
1.54 1.144442432434936
1.55 1.148812468825224
1.56 1.153250642810352
1.57 1.157750691232713
1.58 1.162306468374013
1.59 1.166911956792502
1.60 1.171561276720203
1.61 1.176248694081832
1.62 1.180968627204232
1.63 1.185715652290559
1.64 1.190484507737222
1.65 1.195270097373982
1.66 1.200067492708659
1.67 1.204871934257902
1.68 1.209678832044440
1.69 1.214483765339466
1.70 1.219282481726317
1.71 1.224070895558597
1.72 1.228845085882495
1.73 1.233601293889290
1.74 1.238335919960120
1.75 1.243045520361002
1.76 1.247726803641990
1.77 1.252376626790229
1.78 1.256991991182608
1.79 1.261570038379762
1.80 1.266108045799365
1.81 1.270603422302957
1.82 1.275053703727123
1.83 1.279456548386487
1.84 1.283809732572967
1.85 1.288111146072783
1.86 1.292358787720107
1.87 1.296550761003708
1.88 1.300685269740724
1.89 1.304760613829585
1.90 1.308775185092232
1.91 1.312727463214061
1.92 1.316616011788466
1.93 1.320439474471478
1.94 1.324196571250739
1.95 1.327886094831946
1.96 1.331506907144936
1.97 1.335057935970691
1.98 1.338538171689819
1.99 1.341946664152375
2.00 1.345282519668342
2.01 1.348544898117604
2.02 1.351733010177807
2.03 1.354846114668171
2.04 1.357883516007042
2.05 1.360844561780703
2.06 1.363728640420795
2.07 1.366535178987565
2.08 1.369263641056012
2.09 1.371913524701968
2.10 1.374484360585070
2.11 1.376975710125586
2.12 1.379387163772024
2.13 1.381718339356513
2.14 1.383968880534943
2.15 1.386138455308931
2.16 1.388226754626717
2.17 1.390233491060190
2.18 1.392158397555305
2.19 1.394001226253249
2.20 1.395761747379807
2.21 1.397439748200483
2.22 1.399035032039010
2.23 1.400547417357029
2.24 1.401976736892773
2.25 1.403322836856751
2.26 1.404585576182494
2.27 1.405764825830568
2.28 1.406860468144147
2.29 1.407872396254560
2.30 1.408800513535335
2.31 1.409644733103370
2.32 1.410404977365976
2.33 1.411081177612631
2.34 1.411673273650411
2.35 1.412181213482157
2.36 1.412604953026547
2.37 1.412944455879348
2.38 1.413199693115230
2.39 1.413370643129615
2.40 1.413457291520166
2.41 1.413459631007586
2.42 1.413377661395527
2.43 1.413211389569513
2.44 1.412960829534860
2.45 1.412626002493699
2.46 1.412206936961300
2.47 1.411703668922016
2.48 1.411116242025233
2.49 1.410444707821848
2.50 1.409689126041900
2.51 1.408849564914050
2.52 1.407926101527763
2.53 1.406918822239092
2.54 1.405827823121137
2.55 1.404653210460285
2.56 1.403395101299527
2.57 1.402053624030172
2.58 1.400628919033465
2.59 1.399121139373666
2.60 1.397530451544307
2.61 1.395857036269398
2.62 1.394101089361525
2.63 1.392262822638852
2.64 1.390342464903147
2.65 1.388340262981087
2.66 1.386256482831184
2.67 1.384091410718758
2.68 1.381845354461534
2.69 1.379518644748469
2.70 1.377111636534558
2.71 1.374624710514413
2.72 1.372058274677504
2.73 1.369412765948000
2.74 1.366688651912201
2.75 1.363886432636606
2.76 1.361006642579641
2.77 1.358049852600131
2.78 1.355016672065518
2.79 1.351907751062838
2.80 1.348723782715343
2.81 1.345465505607591
2.82 1.342133706321665
2.83 1.338729222086972
2.84 1.335252943545904
2.85 1.331705817637273
2.86 1.328088850599167
2.87 1.324403111092403
2.88 1.320649733445313
2.89 1.316829921019996
2.90 1.312944949699555
2.91 1.308996171495059
2.92 1.304985018270119
2.93 1.300913005580013
2.94 1.296781736621156
2.95 1.292592906285521
2.96 1.288348305313204
2.97 1.284049824534791
2.98 1.279699459193497
2.99 1.275299313335136
3.00 1.270851604251946
3.01 1.266358666964013
3.02 1.261822958719572
3.03 1.257247063492829
3.04 1.252633696455045
3.05 1.247985708391563
3.06 1.243306090034186
3.07 1.238597976274833
3.08 1.233864650222745
3.09 1.229109547063716
3.10 1.224336257675863
3.11 1.219548531952391
3.12 1.214750281777726
3.13 1.209945583599219
3.14 1.205138680532603
3.15 1.200333983935394
3.16 1.195536074378708
3.17 1.190749701944518
3.18 1.185979785772327
3.19 1.181231412776760
3.20 1.176509835455701
3.21 1.171820468707580
3.22 1.167168885576312
3.23 1.162560811843411
3.24 1.158002119389096
3.25 1.153498818247900
3.26 1.149057047289633
3.27 1.144683063463530
3.28 1.140383229552363
3.29 1.136164000394100
3.30 1.132031907541639
3.31 1.127993542346077
3.32 1.124055537466053
3.33 1.120224546824717
3.34 1.116507224056805
3.35 1.112910199510929
3.36 1.109440055896137
3.37 1.106103302686971
3.38 1.102906349426925
3.39 1.099855478096155
3.40 1.096956814734804
3.41 1.094216300537825
3.42 1.091639662660074
3.43 1.089232384990966
3.44 1.086999679175546
3.45 1.084946456172684
3.46 1.083077298650667
3.47 1.081396434525218
3.48 1.079907711944456
3.49 1.078614576019129
3.50 1.077520047584588
3.51 1.076626704263189
3.52 1.075936664072478
3.53 1.075451571795783
3.54 1.075172588298277
3.55 1.075100382933918
3.56 1.075235129147551
3.57 1.075576503332953
3.58 1.076123686962660
3.59 1.076875371960057
3.60 1.077829769239607
3.61 1.078984620298204
3.62 1.080337211700458
3.63 1.081884392264249
3.64 1.083622592720682
3.65 1.085547847595481
3.66 1.087655819037135
3.67 1.089941822301143
3.68 1.092400852589534
3.69 1.095027612940428
3.70 1.097816542863511
3.71 1.100761847423541
3.72 1.103857526484941
3.73 1.107097403845599
3.74 1.110475156006462
3.75 1.113984340344893
3.76 1.117618422483148
3.77 1.121370802668255
3.78 1.125234841005276
3.79 1.129203881411847
3.80 1.133271274187466
3.81 1.137430397115839
3.82 1.141674675042190
3.83 1.145997597889550
3.84 1.150392737098443
3.85 1.154853760492792
3.86 1.159374445591330
3.87 1.163948691398106
3.88 1.168570528717996
3.89 1.173234129053338
3.90 1.177933812146152
3.91 1.182664052236915
3.92 1.187419483115610
3.93 1.192194902044118
3.94 1.196985272630827
3.95 1.201785726739057
3.96 1.206591565510469
3.97 1.211398259583344
3.98 1.216201448583558
3.99 1.220996939963383
4.00 1.225780707260103
4.01 1.230548887842877
4.02 1.235297780212448
4.03 1.240023840914346
4.04 1.244723681122083
4.05 1.249394062942766
4.06 1.254031895493411
4.07 1.258634230792247
4.08 1.263198259505366
4.09 1.267721306585337
4.10 1.272200826834758
4.11 1.276634400424359
4.12 1.281019728392010
4.13 1.285354628145996
4.14 1.289637028993102
4.15 1.293864967709458
4.16 1.298036584169695
4.17 1.302150117047751
4.18 1.306203899600668
4.19 1.310196355544885
4.20 1.314125995032895
4.21 1.317991410736604
4.22 1.321791274042452
4.23 1.325524331362102
4.24 1.329189400561488
4.25 1.332785367510050
4.26 1.336311182751173
4.27 1.339765858294121
4.28 1.343148464527133
4.29 1.346458127250808
4.30 1.349694024830458
4.31 1.352855385465685
4.32 1.355941484575158
4.33 1.358951642294259
4.34 1.361885221083064
4.35 1.364741623441950
4.36 1.367520289731994
4.37 1.370220696097220
4.38 1.372842352485687
4.39 1.375384800766393
4.40 1.377847612938926
4.41 1.380230389432825
4.42 1.382532757493617
4.43 1.384754369652575
4.44 1.386894902277244
4.45 1.388954054199895
4.46 1.390931545421112
4.47 1.392827115885822
4.48 1.394640524329144
4.49 1.396371547189562
4.50 1.398019977586979
4.51 1.399585624363373
4.52 1.401068311183815
4.53 1.402467875695778
4.54 1.403784168744736
4.55 1.405017053644162
4.56 1.406166405498182
4.57 1.407232110575200
4.58 1.408214065730961
4.59 1.409112177879604
4.60 1.409926363511386
4.61 1.410656548255843
4.62 1.411302666489288
4.63 1.411864660985630
4.64 1.412342482609624
4.65 1.412736090051753
4.66 1.413045449604059
4.67 1.413270534976327
4.68 1.413411327152168
4.69 1.413467814284589
4.70 1.413439991630814
4.71 1.413327861526151
4.72 1.413131433396860
4.73 1.412850723812049
4.74 1.412485756574728
4.75 1.412036562852265
4.76 1.411503181346590
4.77 1.410885658504584
4.78 1.410184048769197
4.79 1.409398414871968
4.80 1.408528828167679
4.81 1.407575369012023
4.82 1.406538127183247
4.83 1.405417202348850
4.84 1.404212704578519
4.85 1.402924754904594
4.86 1.401553485931462
4.87 1.400099042495399
4.88 1.398561582376473
4.89 1.396941277064244
4.90 1.395238312579099
4.91 1.393452890351188
4.92 1.391585228159001
4.93 1.389635561129776
4.94 1.387604142804000
4.95 1.385491246266398
4.96 1.383297165345869
4.97 1.381022215886977
4.98 1.378666737095644
4.99 1.376231092961804
5.00 1.373715673761869
5.01 1.371120897643892
5.02 1.368447212298399
5.03 1.365695096717894
5.04 1.362865063048086
5.05 1.359957658533876
5.06 1.356973467563168
5.07 1.353913113811508
5.08 1.350777262490525
5.09 1.347566622703048
5.10 1.344281949907648
5.11 1.340924048495223
5.12 1.337493774479999
5.13 1.333992038307121
5.14 1.330419807778643
5.15 1.326778111099414
5.16 1.323068040043885
5.17 1.319290753244359
5.18 1.315447479600628
5.19 1.311539521810221
5.20 1.307568260017738
5.21 1.303535155580809
5.22 1.299441754949239
5.23 1.295289693652719
5.24 1.291080700391211
5.25 1.286816601220685
5.26 1.282499323825270
5.27 1.278130901865136
5.28 1.273713479387450
5.29 1.269249315285644
5.30 1.264740787789873
5.31 1.260190398969033
5.32 1.255600779221956
5.33 1.250974691732461
5.34 1.246315036859788
5.35 1.241624856432607
5.36 1.236907337911225
5.37 1.232165818378947
5.38 1.227403788319641
5.39 1.222624895134584
5.40 1.217832946347603
5.41 1.213031912443366
5.42 1.208225929279605
5.43 1.203419300009982
5.44 1.198616496450449
5.45 1.193822159818290
5.46 1.189041100769731
5.47 1.184278298659137
5.48 1.179538899940549
5.49 1.174828215630724
5.50 1.170151717752114
5.51 1.165515034674542
5.52 1.160923945275737
5.53 1.156384371843709
5.54 1.151902371648202
5.55 1.147484127114338
5.56 1.143135934539310
5.57 1.138864191302488
5.58 1.134675381530955
5.59 1.130576060196082
5.60 1.126572835632481
5.61 1.122672350488457
5.62 1.118881261136786
5.63 1.115206215596217
5.64 1.111653830037223
5.65 1.108230663969965
5.66 1.104943194237824
5.67 1.101797787965703
5.68 1.098800674638137
5.69 1.095957917507519
5.70 1.093275384556713
5.71 1.090758719262485
5.72 1.088413311425708
5.73 1.086244268350596
5.74 1.084256386667625
5.75 1.082454125102704
5.76 1.080841578498054
5.77 1.079422453387765
5.78 1.078200045422778
5.79 1.077177218926070
5.80 1.076356388839019
5.81 1.075739505294602
5.82 1.075328041022585
5.83 1.075122981756728
5.84 1.075124819775039
5.85 1.075333550662029
5.86 1.075748673337794
5.87 1.076369193353497
5.88 1.077193629407670
5.89 1.078220022993586
5.90 1.079445951045961
5.91 1.080868541416299
5.92 1.082484490971128
5.93 1.084290086076999
5.94 1.086281225210843
5.95 1.088453443414637
5.96 1.090801938299406
5.97 1.093321597295528
5.98 1.096007025843865
5.99 1.098852576225269
6.00 1.101852376733978
6.01 1.105000360912922
6.02 1.108290296585273
6.03 1.111715814436219
6.04 1.115270435921066
6.05 1.118947600299824
6.06 1.122740690623688
6.07 1.126643058524669
6.08 1.130648047685475
6.09 1.134749015892138
6.10 1.138939355596254
6.11 1.143212512936872
6.12 1.147562005193539
6.13 1.151981436661739
6.14 1.156464512959670
6.15 1.161005053791003
6.16 1.165597004201858
6.17 1.170234444381788
6.18 1.174911598068087
6.19 1.179622839620419
6.20 1.184362699838619
6.21 1.189125870600763
6.22 1.193907208401355
6.23 1.198701736870909
6.24 1.203504648358481
6.25 1.208311304657957
6.26 1.213117236957324
6.27 1.217918145087851
6.28 1.222709896147234
6.29 1.227488522567465
6.30 1.232250219694505
6.31 1.236991342942968
6.32 1.241708404584982
6.33 1.246398070228273
6.34 1.251057155034406
6.35 1.255682619724035
6.36 1.260271566412015
6.37 1.264821234311390
6.38 1.269328995341539
6.39 1.273792349672250
6.40 1.278208921232115
6.41 1.282576453206536
6.42 1.286892803547652
6.43 1.291155940515793
6.44 1.295363938269514
6.45 1.299514972518964
6.46 1.303607316255171
6.47 1.307639335565937
6.48 1.311609485547206
6.49 1.315516306317239
6.50 1.319358419139448
6.51 1.323134522658470
6.52 1.326843389252939
6.53 1.330483861507364
6.54 1.334054848804644
6.55 1.337555324039980
6.56 1.340984320456218
6.57 1.344340928600104
6.58 1.347624293398410
6.59 1.350833611352433
6.60 1.353968127849041
6.61 1.357027134586108
6.62 1.360009967109928
6.63 1.362916002462025
6.64 1.365744656932579
6.65 1.368495383917601
6.66 1.371167671876891
6.67 1.373761042389753
6.68 1.376275048305434
6.69 1.378709271985210
6.70 1.381063323633111
6.71 1.383336839712241
6.72 1.385529481443767
6.73 1.387640933385651
6.74 1.389670902088292
6.75 1.391619114824344
6.76 1.393485318390010
6.77 1.395269277975269
6.78 1.396970776100525
6.79 1.398589611617322
6.80 1.400125598770840
6.81 1.401578566322002
6.82 1.402948356727148
6.83 1.404234825373299
6.84 1.405437839867198
6.85 1.406557279376374
6.86 1.407593034020637
6.87 1.408545004312459
6.88 1.409413100644880
6.89 1.410197242825614
6.90 1.410897359656196
6.91 1.411513388555093
6.92 1.412045275223794
6.93 1.412492973355044
6.94 1.412856444382445
6.95 1.413135657270790
6.96 1.413330588346568
6.97 1.413441221168210
6.98 1.413467546435732
6.99 1.413409561939532
7.00 1.413267272548220
7.01 1.413040690235434
7.02 1.412729834145725
7.03 1.412334730699676
7.04 1.411855413738532
7.05 1.411291924708724
7.06 1.410644312886759
7.07 1.409912635645073
7.08 1.409096958759529
7.09 1.408197356759356
7.10 1.407213913320431
7.11 1.406146721702913
7.12 1.404995885234340
7.13 1.403761517839417
7.14 1.402443744617813
7.15 1.401042702471430
7.16 1.399558540782674
7.17 1.397991422145400
7.18 1.396341523150299
7.19 1.394609035226612
7.20 1.392794165542152
7.21 1.390897137963758
7.22 1.388918194080357
7.23 1.386857594290973
7.24 1.384715618960096
7.25 1.382492569642916
7.26 1.380188770383040
7.27 1.377804569085408
7.28 1.375340338967165
7.29 1.372796480089374
7.30 1.370173420972488
7.31 1.367471620298555
7.32 1.364691568703186
7.33 1.361833790660334
7.34 1.358898846462928
7.35 1.355887334302408
7.36 1.352799892450169
7.37 1.349637201543832
7.38 1.346399986981207
7.39 1.343089021424624
7.40 1.339705127418191
7.41 1.336249180120269
7.42 1.332722110153231
7.43 1.329124906572197
7.44 1.325458619954081
7.45 1.321724365607820
7.46 1.317923326906089
7.47 1.314056758738208
7.48 1.310125991083224
7.49 1.306132432701292
7.50 1.302077574940582
7.51 1.297962995655859
7.52 1.293790363233671
7.53 1.289561440717773
7.54 1.285278090026885
7.55 1.280942276255270
7.56 1.276556072044735
7.57 1.272121662014687
7.58 1.267641347234652
7.59 1.263117549721264
7.60 1.258552816939127
7.61 1.253949826282154
7.62 1.249311389508933
7.63 1.244640457102510
7.64 1.239940122521489
7.65 1.235213626305808
7.66 1.230464359996754
7.67 1.225695869826847
7.68 1.220911860131258
7.69 1.216116196428249
7.70 1.211312908112052
7.71 1.206506190697507
7.72 1.201700407551740
7.73 1.196900091044416
7.74 1.192109943044517
7.75 1.187334834688448
7.76 1.182579805341604
7.77 1.177850060673509
7.78 1.173150969765292
7.79 1.168488061167971
7.80 1.163867017830619
7.81 1.159293670819454
7.82 1.154773991752161
7.83 1.150314083876598
7.84 1.145920171729553
7.85 1.141598589319590
7.86 1.137355766788284
7.87 1.133198215516487
7.88 1.129132511656615
7.89 1.125165278088436
7.90 1.121303164814304
7.91 1.117552827830182
7.92 1.113920906530964
7.93 1.110413999732223
7.94 1.107038640415358
7.95 1.103801269328700
7.96 1.100708207603055
7.97 1.097765628565882
7.98 1.094979528963121
7.99 1.092355699821173
8.00 1.089899697202732
8.01 1.087616813128705
8.02 1.085512046953356
8.03 1.083590077490730
8.04 1.081855236196549
8.05 1.080311481710775
8.06 1.078962376061542
8.07 1.077811062820882
8.08 1.076860247486572
8.09 1.076112180342671
8.10 1.075568642024028
8.11 1.075230931977877
8.12 1.075099859978969
8.13 1.075175740814553
8.14 1.075458392212537
8.15 1.075947136041534
8.16 1.076640802766178
8.17 1.077537739096113
8.18 1.078635818723623
8.19 1.079932456003810
8.20 1.081424622393608
8.21 1.083108865432446
8.22 1.084981330018769
8.23 1.087037781713345
8.24 1.089273631782630
8.25 1.091683963683708
8.26 1.094263560686220
8.27 1.097006934326313
8.28 1.099908353392442
8.29 1.102961873152541
8.30 1.106161364545992
8.31 1.109500543081431
8.32 1.112972997202015
8.33 1.116572215902691
8.34 1.120291615408537
8.35 1.124124564748804
8.36 1.128064410087193
8.37 1.132104497694615
8.38 1.136238195475791
8.39 1.140458912985024
8.40 1.144760119889028
8.41 1.149135362855629
8.42 1.153578280866119
8.43 1.158082618966078
8.44 1.162642240484395
8.45 1.167251137763106
8.46 1.171903441451455
8.47 1.176593428426474
8.48 1.181315528409352
8.49 1.186064329352153
8.50 1.190834581673129
8.51 1.195621201421121
8.52 1.200419272450558
8.53 1.205224047688450
8.54 1.210030949573703
8.55 1.214835569747222
8.56 1.219633668068791
8.57 1.224421171033621
8.58 1.229194169658051
8.59 1.233948916900133
8.60 1.238681824676855
8.61 1.243389460535710
8.62 1.248068544034186
8.63 1.252715942876635
8.64 1.257328668853932
8.65 1.261903873627400
8.66 1.266438844394635
8.67 1.270930999471269
8.68 1.275377883819173
8.69 1.279777164548400
8.70 1.284126626417029
8.71 1.288424167350262
8.72 1.292667793997418
8.73 1.296855617343050
8.74 1.300985848386126
8.75 1.305056793899176
8.76 1.309066852277399
8.77 1.313014509486057
8.78 1.316898335112915
8.79 1.320716978531119
8.80 1.324469165176687
8.81 1.328153692943656
8.82 1.331769428698989
8.83 1.335315304918469
8.84 1.338790316444082
8.85 1.342193517362705
8.86 1.345524018005392
8.87 1.348780982066032
8.88 1.351963623837780
8.89 1.355071205565283
8.90 1.358103034910461
8.91 1.361058462529372
8.92 1.363936879757482
8.93 1.366737716400547
8.94 1.369460438628185
8.95 1.372104546967159
8.96 1.374669574391328
8.97 1.377155084505222
8.98 1.379560669818193
8.99 1.381885950106095
9.00 1.384130570857528
9.01 1.386294201801677
9.02 1.388376535514883
9.03 1.390377286103134
9.04 1.392296187957758
9.05 1.394132994581663
9.06 1.395887477483613
9.07 1.397559425138059
9.08 1.399148642008215
9.09 1.400654947630126
9.10 1.402078175755596
9.11 1.403418173551969
9.12 1.404674800856839
9.13 1.405847929485895
9.14 1.406937442592206
9.15 1.407943234075375
9.16 1.408865208039075
9.17 1.409703278295624
9.18 1.410457367916343
9.19 1.411127408826540
9.20 1.411713341444104
9.21 1.412215114360771
9.22 1.412632684065232
9.23 1.412966014707381
9.24 1.413215077903073
9.25 1.413379852578895
9.26 1.413460324856539
9.27 1.413456487976473
9.28 1.413368342260717
9.29 1.413195895114612
9.30 1.412939161067605
9.31 1.412598161853142
9.32 1.412172926527886
9.33 1.411663491630570
9.34 1.411069901380903
9.35 1.410392207919041
9.36 1.409630471586251
9.37 1.408784761247500
9.38 1.407855154656789
9.39 1.406841738866181
9.40 1.405744610679566
9.41 1.404563877152315
9.42 1.403299656138085
9.43 1.401952076884144
9.44 1.400521280676704
9.45 1.399007421537835
9.46 1.397410666975680
9.47 1.395731198789774
9.48 1.393969213933377
9.49 1.392124925434878
9.50 1.390198563380377
9.51 1.388190375959718
9.52 1.386100630578313
9.53 1.383929615037208
9.54 1.381677638783945
9.55 1.379345034236867
9.56 1.376932158185596
9.57 1.374439393270501
9.58 1.371867149544027
9.59 1.369215866116859
9.60 1.366486012891886
9.61 1.363678092389027
9.62 1.360792641663945
9.63 1.357830234323720
9.64 1.354791482642501
9.65 1.351677039780114
9.66 1.348487602106546
9.67 1.345223911635084
9.68 1.341886758566771
9.69 1.338476983948626
9.70 1.334995482447862
9.71 1.331443205244026
9.72 1.327821163040653
9.73 1.324130429197588
9.74 1.320372142984672
9.75 1.316547512956885
9.76 1.312657820450404
9.77 1.308704423198265
9.78 1.304688759063450
9.79 1.300612349886242
9.80 1.296476805441597
9.81 1.292283827500994
9.82 1.288035213991883
9.83 1.283732863246263
9.84 1.279378778328210
9.85 1.274975071428304
9.86 1.270523968310782
9.87 1.266027812797011
9.88 1.261489071266372
9.89 1.256910337152978
9.90 1.252294335413762
9.91 1.247643926940389
9.92 1.242962112884133
9.93 1.238252038859396
9.94 1.233516998987869
9.95 1.228760439741524
9.96 1.223985963538645
9.97 1.219197332043074
9.98 1.214398469112727
9.99 1.209593463339287
10.00 1.204786570116970
10.01 1.199982213174254
10.02 1.195184985498800
10.03 1.190399649582331
10.04 1.185631136909270
10.05 1.180884546610444
10.06 1.176165143201410
10.07 1.171478353323939
10.08 1.166829761409220
10.09 1.162225104182409
10.10 1.157670263930567
10.11 1.153171260459844
10.12 1.148734241673194
10.13 1.144365472707054
10.14 1.140071323574487
10.15 1.135858255273251
10.16 1.131732804330337
10.17 1.127701565769641
10.18 1.123771174506598
10.19 1.119948285192835
10.20 1.116239550554917
10.21 1.112651598293987
10.22 1.109191006637197
10.23 1.105864278656997
10.24 1.102677815500100
10.25 1.099637888693858
10.26 1.096750611723256
10.27 1.094021911096136
10.28 1.091457497137027
10.29 1.089062834770267
10.30 1.086843114570409
10.31 1.084803224371480
10.32 1.082947721735884
10.33 1.081280807588135
10.34 1.079806301317638
10.35 1.078527617648239
10.36 1.077447745559834
10.37 1.076569229529276
10.38 1.075894153333947
10.39 1.075424126632345
10.40 1.075160274502134
10.41 1.075103230078120
10.42 1.075253130391359
10.43 1.075609615466896
10.44 1.076171830692664
10.45 1.076938432426713
10.46 1.077907596765439
10.47 1.079077031352736
10.48 1.080443990070096
10.49 1.082005290411450
10.50 1.083757333314752
10.51 1.085696125195535
10.52 1.087817301906407
10.53 1.090116154330871
10.54 1.092587655310155
10.55 1.095226487597696
10.56 1.098027072537431
10.57 1.100983599168693
10.58 1.104090053471712
10.59 1.107340247483082
10.60 1.110727848029291
10.61 1.114246404847892
10.62 1.117889377889488
10.63 1.121650163618664
10.64 1.125522120157743
10.65 1.129498591143149
10.66 1.133572928189717
10.67 1.137738511883006
10.68 1.141988771243219
10.69 1.146317201626287
10.70 1.150717381047954
10.71 1.155182984934968
10.72 1.159707799323763
10.73 1.164285732541229
10.74 1.168910825414253
10.75 1.173577260064854
10.76 1.178279367355916
10.77 1.183011633058852
10.78 1.187768702819270
10.79 1.192545385999839
10.80 1.197336658481351
10.81 1.202137664503562
10.82 1.206943717626932
10.83 1.211750300895013
10.84 1.216553066275127
10.85 1.221347833452264
10.86 1.226130588047935
10.87 1.230897479332123
10.88 1.235644817492675
10.89 1.240369070522460
10.90 1.245066860780498
10.91 1.249734961279188
10.92 1.254370291745611
10.93 1.258969914500913
10.94 1.263531030197848
10.95 1.268050973452809
10.96 1.272527208405091
10.97 1.276957324232734
10.98 1.281339030651091
10.99 1.285670153417251
11.00 1.289948629860678
11.01 1.294172504457833
11.02 1.298339924466147
11.03 1.302449135630544
11.04 1.306498477973715
11.05 1.310486381679517
11.06 1.314411363077241
11.07 1.318272020733014
11.08 1.322067031653261
11.09 1.325795147603984
11.10 1.329455191548566
11.11 1.333046054205857
11.12 1.336566690729516
11.13 1.340016117508832
11.14 1.343393409090674
11.15 1.346697695221641
11.16 1.349928158009061
11.17 1.353084029199087
11.18 1.356164587569818
11.19 1.359169156437120
11.20 1.362097101270582
11.21 1.364947827416903
11.22 1.367720777927846
11.23 1.370415431489834
11.24 1.373031300452159
11.25 1.375567928950782
11.26 1.378024891124662
11.27 1.380401789421567
11.28 1.382698252990346
11.29 1.384913936156704
11.30 1.387048516979527
11.31 1.389101695884938
11.32 1.391073194375285
11.33 1.392962753810365
11.34 1.394770134258298
11.35 1.396495113413523
11.36 1.398137485579529
11.37 1.399697060713993
11.38 1.401173663534148
11.39 1.402567132680278
11.40 1.403877319935363
11.41 1.405104089498997
11.42 1.406247317313828
11.43 1.407306890442858
11.44 1.408282706496067
11.45 1.409174673104930
11.46 1.409982707443512
11.47 1.410706735794909
11.48 1.411346693161953
11.49 1.411902522921175
11.50 1.412374176519122
11.51 1.412761613210267
11.52 1.413064799835808
11.53 1.413283710642801
11.54 1.413418327143135
11.55 1.413468638011995
11.56 1.413434639025540
11.57 1.413316333037635
11.58 1.413113729995574
11.59 1.412826846994834
11.60 1.412455708373011
11.61 1.412000345843177
11.62 1.411460798667006
11.63 1.410837113868127
11.64 1.410129346486259
11.65 1.409337559872782
11.66 1.408461826028513
11.67 1.407502225984568
11.68 1.406458850227261
11.69 1.405331799168150
11.70 1.404121183660408
11.71 1.402827125562828
11.72 1.401449758352854
11.73 1.399989227790188
11.74 1.398445692632564
11.75 1.396819325405468
11.76 1.395110313227625
11.77 1.393318858694225
11.78 1.391445180819965
11.79 1.389489516044066
11.80 1.387452119299565
11.81 1.385333265149271
11.82 1.383133248990853
11.83 1.380852388333676
11.84 1.378491024150033
11.85 1.376049522303558
11.86 1.373528275057642
11.87 1.370927702666774
11.88 1.368248255053765
11.89 1.365490413575874
11.90 1.362654692882867
11.91 1.359741642870069
11.92 1.356751850729461
11.93 1.353685943101823
11.94 1.350544588332893
11.95 1.347328498836406
11.96 1.344038433566763
11.97 1.340675200603914
11.98 1.337239659852837
11.99 1.333732725859735
12.00 1.330155370746775
12.01 1.326508627266793
12.02 1.322793591978993
12.03 1.319011428546100
12.04 1.315163371152862
12.05 1.311250728045089
12.06 1.307274885187622
12.07 1.303237310038720
12.08 1.299139555437322
12.09 1.294983263598501
12.10 1.290770170211103
12.11 1.286502108630130
12.12 1.282181014154836
12.13 1.277808928381672
12.14 1.273388003619320
12.15 1.268920507350849
12.16 1.264408826725722
12.17 1.259855473061816
12.18 1.255263086334862
12.19 1.250634439629771
12.20 1.245972443525130
12.21 1.241280150378788
12.22 1.236560758478935
12.23 1.231817616021293
12.24 1.227054224869228
12.25 1.222274244049548
12.26 1.217481492932679
12.27 1.212679954041816
12.28 1.207873775431483
12.29 1.203067272571963
12.30 1.198264929672145
12.31 1.193471400369735
12.32 1.188691507714484
12.33 1.183930243367275
12.34 1.179192765935658
12.35 1.174484398364936
12.36 1.169810624303219
12.37 1.165177083359247
12.38 1.160589565173335
12.39 1.156054002224653
12.40 1.151576461302462
12.41 1.147163133574940
12.42 1.142820323197047
12.43 1.138554434408625
12.44 1.134371957085645
12.45 1.130279450721293
12.46 1.126283526829486
12.47 1.122390829781297
12.48 1.118608016104653
12.49 1.114941732299333
12.50 1.111398591242554
12.51 1.107985147284932
12.52 1.104707870162066
12.53 1.101573117872834
12.54 1.098587108701334
12.55 1.095755892584568
12.56 1.093085322051843
12.57 1.090581022983853
12.58 1.088248365458688
12.59 1.086092434968105
12.60 1.084118004299429
12.61 1.082329506386051
12.62 1.080731008431981
12.63 1.079326187613016
12.64 1.078118308648460
12.65 1.077110203522888
12.66 1.076304253617297
12.67 1.075702374483201
12.68 1.075306003462426
12.69 1.075116090319878
12.70 1.075133091017344
12.71 1.075356964714090
12.72 1.075787174035795
12.73 1.076422688608083
12.74 1.077261991805760
12.75 1.078303090624882
12.76 1.079543528542924
12.77 1.080980401193644
12.78 1.082610374648533
12.79 1.084429706066649
12.80 1.086434266449833
12.81 1.088619565221015
12.82 1.090980776329875
12.83 1.093512765582424
12.84 1.096210118889107
12.85 1.099067171129366
12.86 1.102078035338971
12.87 1.105236631939192
12.88 1.108536717743497
12.89 1.111971914497293
12.90 1.115535736728516
12.91 1.119221618711052
12.92 1.123022940368276
12.93 1.126933051969855
12.94 1.130945297500818
12.95 1.135053036607185
12.96 1.139249665046800
12.97 1.143528633596998
12.98 1.147883465392157
12.99 1.152307771683704
13.00 1.156795266032776
13.01 1.161339776961214
13.02 1.165935259100064
13.03 1.170575802886117
13.04 1.175255642866460
13.05 1.179969164678498
13.06 1.184710910778672
13.07 1.189475584997215
13.08 1.194258055998952
13.09 1.199053359731474
13.10 1.203856700942211
13.11 1.208663453845133
13.12 1.213469162016158
13.13 1.218269537593988
13.14 1.223060459860225
13.15 1.227837973269239
13.16 1.232598284994613
13.17 1.237337762055066
13.18 1.242052928078731
13.19 1.246740459760524
13.20 1.251397183063243
13.21 1.256020069208940
13.22 1.260606230503156
13.23 1.265152916030733
13.24 1.269657507258225
13.25 1.274117513574439
13.26 1.278530567797243
13.27 1.282894421671727
13.28 1.287206941381802
13.29 1.291466103094666
13.30 1.295669988555003
13.31 1.299816780743508
13.32 1.303904759612186
13.33 1.307932297906944
13.34 1.311897857086279
13.35 1.315799983343218
13.36 1.319637303736307
13.37 1.323408522434139
13.38 1.327112417076771
13.39 1.330747835256403
13.40 1.334313691118772
13.41 1.337808962085957
13.42 1.341232685700614
13.43 1.344583956591049
13.44 1.347861923556068
13.45 1.351065786768090
13.46 1.354194795092637
13.47 1.357248243522067
13.48 1.360225470721088
13.49 1.363125856681471
13.50 1.365948820483181
13.51 1.368693818159034
13.52 1.371360340659919
13.53 1.373947911917557
13.54 1.376456087001757
13.55 1.378884450369097
13.56 1.381232614200023
13.57 1.383500216821325
13.58 1.385686921211065
13.59 1.387792413583036
13.60 1.389816402047937
13.61 1.391758615348508
13.62 1.393618801665969
13.63 1.395396727495189
13.64 1.397092176586112
13.65 1.398704948949069
13.66 1.400234859921722
13.67 1.401681739295448
13.68 1.403045430499153
13.69 1.404325789838540
13.70 1.405522685789013
13.71 1.406635998340495
13.72 1.407665618392548
13.73 1.408611447198289
13.74 1.409473395855714
13.75 1.410251384845150
13.76 1.410945343611656
13.77 1.411555210191310
13.78 1.412080930880421
13.79 1.412522459946811
13.80 1.412879759382429
13.81 1.413152798696634
13.82 1.413341554749637
13.83 1.413446011625635
13.84 1.413466160545331
13.85 1.413401999817598
13.86 1.413253534830158
13.87 1.413020778079264
13.88 1.412703749238443
13.89 1.412302475266509
13.90 1.411816990555094
13.91 1.411247337116113
13.92 1.410593564809637
13.93 1.409855731612769
13.94 1.409033903930224
13.95 1.408128156947408
13.96 1.407138575026922
13.97 1.406065252149477
13.98 1.404908292400379
13.99 1.403667810502775
14.00 1.402343932399037
14.01 1.400936795881707
14.02 1.399446551275566
14.03 1.397873362172514
14.04 1.396217406221009
14.05 1.394478875971989
14.06 1.392657979783253
14.07 1.390754942784411
14.08 1.388770007904638
14.09 1.386703436965531
14.10 1.384555511841504
14.11 1.382326535690246
14.12 1.380016834255858
14.13 1.377626757247375
14.14 1.375156679795471
14.15 1.372607003990205
14.16 1.369978160502741
14.17 1.367270610294035
14.18 1.364484846413489
14.19 1.361621395890654
14.20 1.358680821723005
14.21 1.355663724962839
14.22 1.352570746906301
14.23 1.349402571387453
14.24 1.346159927180224
14.25 1.342843590510937
14.26 1.339454387683928
14.27 1.335993197822552
14.28 1.332460955727599
14.29 1.328858654854804
14.30 1.325187350412752
14.31 1.321448162581998
14.32 1.317642279855682
14.33 1.313770962501284
14.34 1.309835546142443
14.35 1.305837445458910
14.36 1.301778158001784
14.37 1.297659268120080
14.38 1.293482450993503
14.39 1.289249476764915
14.40 1.284962214764517
14.41 1.280622637816053
14.42 1.276232826613556
14.43 1.271794974155067
14.44 1.267311390217589
14.45 1.262784505855091
14.46 1.258216877898772
14.47 1.253611193435961
14.48 1.248970274241002
14.49 1.244297081128232
14.50 1.239594718193728
14.51 1.234866436908895
14.52 1.230115640025171
14.53 1.225345885245211
14.54 1.220560888611882
14.55 1.215764527562282
14.56 1.210960843589903
14.57 1.206154044453916
14.58 1.201348505870643
14.59 1.196548772618412
14.60 1.191759558983548
14.61 1.186985748472061
14.62 1.182232392709016
14.63 1.177504709445542
14.64 1.172808079592220
14.65 1.168148043197302
14.66 1.163530294288956
14.67 1.158960674502755
14.68 1.154445165419029
14.69 1.149989879539637
14.70 1.145601049840392
14.71 1.141285017843850
14.72 1.137048220167604
14.73 1.132897173515694
14.74 1.128838458095288
14.75 1.124878699457358
14.76 1.121024548778766
14.77 1.117282661623650
14.78 1.113659675244301
14.79 1.110162184505453
14.80 1.106796716540809
14.81 1.103569704276246
14.82 1.100487458980101
14.83 1.097556142026553
14.84 1.094781736082936
14.85 1.092170015955080
14.86 1.089726519345871
14.87 1.087456517800462
14.88 1.085364988126242
14.89 1.083456584586207
14.90 1.081735612170191
14.91 1.080206001249033
14.92 1.078871283911788
14.93 1.077734572275449
14.94 1.076798539040116
14.95 1.076065400540320
14.96 1.075536902515646
14.97 1.075214308791166
14.98 1.075098393021360
14.99 1.075189433610720
15.00 1.075487211881182
15.01 1.075991013511758
15.02 1.076699633230443
15.03 1.077611382693552
15.04 1.078724101444353
15.05 1.080035170802017
15.06 1.081541530494579
15.07 1.083239697816448
15.08 1.085125789062789
15.09 1.087195542970210
15.10 1.089444345875975
15.11 1.091867258296614
15.12 1.094459042621123
15.13 1.097214191613981
15.14 1.100126957428344
15.15 1.103191380839835
15.16 1.106401320425517
15.17 1.109750481430513
15.18 1.113232444085502
15.19 1.116840691161375
15.20 1.120568634571982
15.21 1.124409640861477
15.22 1.128357055438696
15.23 1.132404225446687
15.24 1.136544521180544
15.25 1.140771355990574
15.26 1.145078204630294
15.27 1.149458620029501
15.28 1.153906248491544
15.29 1.158414843330741
15.30 1.162978276980729
15.31 1.167590551617179
15.32 1.172245808349032
15.33 1.176938335041111
15.34 1.181662572837823
15.35 1.186413121462838
15.36 1.191184743373193
15.37 1.195972366848446
15.38 1.200771088096400
15.39 1.205576172456751
15.40 1.210383054782880
15.41 1.215187339080098
15.42 1.219984797476108
15.43 1.224771368596348
15.44 1.229543155413443
15.45 1.234296422636180
15.46 1.239027593699512
15.47 1.243733247412955
15.48 1.248410114320680
15.49 1.253055072822435
15.50 1.257665145100441
15.51 1.262237492893429
15.52 1.266769413155198
15.53 1.271258333631455
15.54 1.275701808385213
15.55 1.280097513297788
15.56 1.284443241569368
15.57 1.288736899240283
15.58 1.292976500751440
15.59 1.297160164559982
15.60 1.301286108823944
15.61 1.305352647167675
15.62 1.309358184537881
15.63 1.313301213158503
15.64 1.317180308591078
15.65 1.320994125905892
15.66 1.324741395967992
15.67 1.328420921841050
15.68 1.332031575311100
15.69 1.335572293531326
15.70 1.339042075788339
15.71 1.342439980389738
15.72 1.345765121672181
15.73 1.349016667128734
15.74 1.352193834653853
15.75 1.355295889904011
15.76 1.358322143771701
15.77 1.361271949970333
15.78 1.364144702727343
15.79 1.366939834582694
15.80 1.369656814289856
15.81 1.372295144816274
15.82 1.374854361440279
15.83 1.377334029941406
15.84 1.379733744881056
15.85 1.382053127970474
15.86 1.384291826523070
15.87 1.386449511988119
15.88 1.388525878562995
15.89 1.390520641881109
15.90 1.392433537772859
15.91 1.394264321096948
15.92 1.396012764639532
15.93 1.397678658078770
15.94 1.399261807012444
15.95 1.400762032046400
15.96 1.402179167941723
15.97 1.403513062818591
15.98 1.404763577414948
15.99 1.405930584398166
16.00 1.407013967728044
16.01 1.408013622069544
16.02 1.408929452253826
16.03 1.409761372786219
16.04 1.410509307399875
16.05 1.411173188653996
16.06 1.411752957575575
16.07 1.412248563343756
16.08 1.412659963015980
16.09 1.412987121295217
16.10 1.413230010337676
16.11 1.413388609600488
16.12 1.413462905728964
16.13 1.413452892483141
16.14 1.413358570703411
16.15 1.413179948315154
16.16 1.412917040372376
16.17 1.412569869140479
16.18 1.412138464218368
16.19 1.411622862700227
16.20 1.411023109377372
16.21 1.410339256980720
16.22 1.409571366464503
16.23 1.408719507331950
16.24 1.407783758003795
16.25 1.406764206230543
16.26 1.405660949549558
16.27 1.404474095788126
16.28 1.403203763613766
16.29 1.401850083133169
16.30 1.400413196541251
16.31 1.398893258821915
16.32 1.397290438502243
16.33 1.395604918461916
16.34 1.393836896799815
16.35 1.391986587759825
16.36 1.390054222717990
16.37 1.388040051233288
16.38 1.385944342164364
16.39 1.383767384854698
16.40 1.381509490388758
16.41 1.379170992921786
16.42 1.376752251085973
16.43 1.374253649475817
16.44 1.371675600215577
16.45 1.369018544611754
16.46 1.366282954893620
16.47 1.363469336044810
16.48 1.360578227729039
16.49 1.357610206312998
16.50 1.354565886989442
16.51 1.351445926003465
16.52 1.348251022984845
16.53 1.344981923389251
16.54 1.341639421050953
16.55 1.338224360849467
16.56 1.334737641492350
16.57 1.331180218416045
16.58 1.327553106806344
16.59 1.323857384739580
16.60 1.320094196445218
16.61 1.316264755689881
16.62 1.312370349282227
16.63 1.308412340697294
16.64 1.304392173818080
16.65 1.300311376791121
16.66 1.296171565991711
16.67 1.291974450093162
16.68 1.287721834233085
16.69 1.283415624268117
16.70 1.279057831106791
16.71 1.274650575108323
16.72 1.270196090533019
16.73 1.265696730027693
16.74 1.261154969127014
16.75 1.256573410748993
16.76 1.251954789659927
16.77 1.247301976881029
16.78 1.242617984005618
16.79 1.237905967392301
16.80 1.233169232195868
16.81 1.228411236193785
16.82 1.223635593362234
16.83 1.218846077151546
16.84 1.214046623406781
16.85 1.209241332875089
16.86 1.204434473237418
16.87 1.199630480598206
16.88 1.194833960363004
16.89 1.190049687430582
16.90 1.185282605623087
16.91 1.180537826275451
16.92 1.175820625903448
16.93 1.171136442868958
16.94 1.166490872960984
16.95 1.161889663812225
16.96 1.157338708073455
16.97 1.152844035271901
16.98 1.148411802285384
16.99 1.144048282371247
17.00 1.139759852698303
17.01 1.135552980341159
17.02 1.131434206709495
17.03 1.127410130400143
17.04 1.123487388477147
17.05 1.119672636204335
17.06 1.115972525276086
17.07 1.112393680614816
17.08 1.108942675827896
17.09 1.105626007441939
17.10 1.102450068058166
17.11 1.099421118598494
17.12 1.096545259837356
17.13 1.093828403438628
17.14 1.091276242739592
17.15 1.088894223544012
17.16 1.086687515203453
17.17 1.084660982279210
17.18 1.082819157086174
17.19 1.081166213423894
17.20 1.079705941798808
17.21 1.078441726434612
17.22 1.077376524354970
17.23 1.076512846804214
17.24 1.075852743247460
17.25 1.075397788162172
17.26 1.075149070798945
17.27 1.075107188051081
17.28 1.075272240530997
17.29 1.075643831907736
17.30 1.076221071514752
17.31 1.077002580191873
17.32 1.077986499280874
17.33 1.079170502651573
17.34 1.080551811595689
17.35 1.082127212389752
17.36 1.083893076296933
17.37 1.085845381751289
17.38 1.087979738447030
17.39 1.090291413040314
17.40 1.092775356161724
17.41 1.095426230434050
17.42 1.098238439191809
17.43 1.101206155605981
17.44 1.104323351928965
17.45 1.107583828590371
17.46 1.110981242893236
17.47 1.114509137081904
17.48 1.118160965576547
17.49 1.121930121194301
17.50 1.125809960202825
17.51 1.129793826077928
17.52 1.133875071862463
17.53 1.138047081048317
17.54 1.142303286926747
17.55 1.146637190374188
17.56 1.151042376060761
17.57 1.155512527086851
17.58 1.160041438069268
17.59 1.164623026712504
17.60 1.169251343912626
17.61 1.173920582451269
17.62 1.178625084345239
17.63 1.183359346923502
17.64 1.188118027707881
17.65 1.192895948176826
17.66 1.197688096493375
17.67 1.202489629278848
17.68 1.207295872513341
17.69 1.212102321642641
17.70 1.216904640969012
17.71 1.221698662400574
17.72 1.226480383630754
17.73 1.231245965815679
17.74 1.235991730813571
17.75 1.240714158046157
17.76 1.245409881038021
17.77 1.250075683685695
17.78 1.254708496304192
17.79 1.259305391494687
17.80 1.263863579873138
17.81 1.268380405695916
17.82 1.272853342414937
17.83 1.277279988191385
17.84 1.281658061393957
17.85 1.285985396104553
17.86 1.290259937651564
17.87 1.294479738188341
17.88 1.298642952332068
17.89 1.302747832876060
17.90 1.306792726586561
17.91 1.310776070093290
17.92 1.314696385881362
17.93 1.318552278390746
17.94 1.322342430228095
17.95 1.326065598494635
17.96 1.329720611232726
17.97 1.333306363992808
17.98 1.336821816521641
17.99 1.340265989572023
18.00 1.343637961833581
18.01 1.346936866983677
18.02 1.350161890857051
18.03 1.353312268732413
18.04 1.356387282733911
18.05 1.359386259345100
18.06 1.362308567032868
18.07 1.365153613978577
18.08 1.367920845913570
18.09 1.370609744056086
18.10 1.373219823146582
18.11 1.375750629578412
18.12 1.378201739620816
18.13 1.380572757731163
18.14 1.382863314953447
18.15 1.385073067400055
18.16 1.387201694813886
18.17 1.389248899207991
18.18 1.391214403579938
18.19 1.393097950698231
18.20 1.394899301958181
18.21 1.396618236304730
18.22 1.398254549219824
18.23 1.399808051772043
18.24 1.401278569726291
18.25 1.402665942711476
18.26 1.403970023444189
18.27 1.405190677006531
18.28 1.406327780176331
18.29 1.407381220808111
18.30 1.408350897263267
18.31 1.409236717888044
18.32 1.410038600537983
18.33 1.410756472147653
18.34 1.411390268344552
18.35 1.411939933106199
18.36 1.412405418459529
18.37 1.412786684221816
18.38 1.413083697782449
18.39 1.413296433924992
18.40 1.413424874689070
18.41 1.413469009271710
18.42 1.413428833967884
18.43 1.413304352150097
18.44 1.413095574286969
18.45 1.412802518000852
18.46 1.412425208164645
18.47 1.411963677038051
18.48 1.411417964443631
18.49 1.410788117983130
18.50 1.410074193294618
18.51 1.409276254351127
18.52 1.408394373801559
18.53 1.407428633354729
18.54 1.406379124207538
18.55 1.405245947518375
18.56 1.404029214926928
18.57 1.402729049121729
18.58 1.401345584456843
18.59 1.399878967619232
18.60 1.398329358348433
18.61 1.396696930210286
18.62 1.394981871426589
18.63 1.393184385762638
18.64 1.391304693474724
18.65 1.389343032319791
18.66 1.387299658629521
18.67 1.385174848451274
18.68 1.382968898758339
18.69 1.380682128732132
18.70 1.378314881118985
18.71 1.375867523664322
18.72 1.373340450627053
18.73 1.370734084377101
18.74 1.368048877079044
18.75 1.365285312464863
18.76 1.362443907698859
18.77 1.359525215337791
18.78 1.356529825389265
18.79 1.353458367471400
18.80 1.350311513076723
18.81 1.347089977943146
18.82 1.343794524534771
18.83 1.340425964635086
18.84 1.336985162054933
18.85 1.333473035457324
18.86 1.329890561300928
18.87 1.326238776903616
18.88 1.322518783627039
18.89 1.318731750182687
18.90 1.314878916059259
18.91 1.310961595070479
18.92 1.306981179021687
18.93 1.302939141492633
18.94 1.298837041732837
18.95 1.294676528664748
18.96 1.290459344988595
18.97 1.286187331381383
18.98 1.281862430780852
18.99 1.277486692743439
19.00 1.273062277863292
19.01 1.268591462237235
19.02 1.264076641958209
19.03 1.259520337617176
19.04 1.254925198790669
19.05 1.250294008488238
19.06 1.245629687530825
19.07 1.240935298827762
19.08 1.236214051516477
19.09 1.231469304925314
19.10 1.226704572315923
19.11 1.221923524357728
19.12 1.217129992282863
19.13 1.212327970665839
19.14 1.207521619768116
19.15 1.202715267383730
19.16 1.197913410118243
19.17 1.193120714029728
19.18 1.188342014557201
19.19 1.183582315659160
19.20 1.178846788082703
19.21 1.174140766682209
19.22 1.169469746706028
19.23 1.164839378970036
19.24 1.160255463838561
19.25 1.155723943936193
19.26 1.151250895518443
19.27 1.146842518435421
19.28 1.142505124630634
19.29 1.138245125126867
19.30 1.134069015463010
19.31 1.129983359559626
19.32 1.125994772007079
19.33 1.122109898788095
19.34 1.118335396466659
19.35 1.114677909896912
19.36 1.111144048529104
19.37 1.107740361414235
19.38 1.104473311034487
19.39 1.101349246112473
19.40 1.098374373578095
19.41 1.095554729896892
19.42 1.092896151987572
19.43 1.090404247978164
19.44 1.088084368069376
19.45 1.085941575789470
19.46 1.083980619936780
19.47 1.082205907513180
19.48 1.080621477953931
19.49 1.079230978956051
19.50 1.078037644198260
19.51 1.077044273230735
19.52 1.076253213792286
19.53 1.075666346786449
19.54 1.075285074116781
19.55 1.075110309545882
19.56 1.075142472703204
19.57 1.075381486324211
19.58 1.075826776759155
19.59 1.076477277744375
19.60 1.077331437383998
19.61 1.078387228245958
19.62 1.079642160434697
19.63 1.081093297464450
19.64 1.082737274722607
19.65 1.084570320282980
19.66 1.086588277804354
19.67 1.088786631230852
19.68 1.091160530997610
19.69 1.093704821438009
19.70 1.096414069087113
19.71 1.099282591579720
19.72 1.102304486850113
19.73 1.105473662353679
19.74 1.108783864047446
19.75 1.112228704886593
19.76 1.115801692616468
19.77 1.119496256663916
19.78 1.123305773957082
19.79 1.127223593528749
19.80 1.131243059784071
19.81 1.135357534338835
19.82 1.139560416358613
19.83 1.143845161352076
19.84 1.148205298393005
19.85 1.152634445764929
19.86 1.157126325039799
19.87 1.161674773617435
19.88 1.166273755765817
19.89 1.170917372213514
19.90 1.175599868354836
19.91 1.180315641135635
19.92 1.185059244693366
19.93 1.189825394828957
19.94 1.194608972390657
19.95 1.199405025651239
19.96 1.204208771760049
19.97 1.209015597350548
19.98 1.213821058382259
19.99 1.218620879293670
20.00 1.223410951539684
