0.00 -8.618030442213943
0.01 -8.611605360612382
0.02 -8.605736714668096
0.03 -8.600426778498774
0.04 -8.595677558423212
0.05 -8.591490807974687
0.06 -8.587868041211374
0.07 -8.584810544358186
0.08 -8.582319385810605
0.09 -8.580395424527154
0.10 -8.579039316833208
0.11 -8.578251521654661
0.12 -8.578032304195922
0.13 -8.578381738072340
0.14 -8.579299705903061
0.15 -8.580785898365917
0.16 -8.582839811711736
0.17 -8.585460743731156
0.18 -8.588647788162824
0.19 -8.592399827527572
0.20 -8.596715524369095
0.21 -8.601593310877519
0.22 -8.607031376868299
0.23 -8.613027656084975
0.24 -8.619579810790674
0.25 -8.626685214609605
0.26 -8.634340933576512
0.27 -8.642543705348993
0.28 -8.651289916534687
0.29 -8.660575578082994
0.30 -8.670396298688900
0.31 -8.680747256154865
0.32 -8.691623166655781
0.33 -8.703018251851502
0.34 -8.714926203791881
0.35 -8.727340147560319
0.36 -8.740252601603997
0.37 -8.753655435702186
0.38 -8.767539826528413
0.39 -8.781896210768243
0.40 -8.796714235761794
0.41 -8.811982707649461
0.42 -8.827689537010599
0.43 -8.843821681998504
0.44 -8.860365088991186
0.45 -8.877304630796404
0.46 -8.894624042471611
0.47 -8.912305854845078
0.48 -8.930331325854080
0.49 -8.948680369849741
0.50 -8.967331485056684
0.51 -8.986261679419284
0.52 -9.005446395115312
0.53 -9.024859432073185
0.54 -9.044472870890544
0.55 -9.064256995620585
0.56 -9.084180216968694
0.57 -9.104208996525742
0.58 -9.124307772756623
0.59 -9.144438889563361
0.60 -9.164562528351643
0.61 -9.184636644648213
0.62 -9.204616910444226
0.63 -9.224456663576037
0.64 -9.244106865599957
0.65 -9.263516069770390
0.66 -9.282630400890721
0.67 -9.301393548971941
0.68 -9.319746778803722
0.69 -9.337628957714251
0.70 -9.354976603965699
0.71 -9.371723958398752
0.72 -9.387803082097498
0.73 -9.403143982990793
0.74 -9.417674774431905
0.75 -9.431321868898255
0.76 -9.444010210019602
0.77 -9.455663546167647
0.78 -9.466204748812659
0.79 -9.475556178763107
0.80 -9.483640103240408
0.81 -9.490379166490490
0.82 -9.495696916284048
0.83 -9.499518388194435
0.84 -9.501770748953017
0.85 -9.502383999453448
0.86 -9.501291737096984
0.87 -9.498431976130478
0.88 -9.493748023419448
0.89 -9.487189405716757
0.90 -9.478712842932989
0.91 -9.468283260193987
0.92 -9.455874829596732
0.93 -9.441472030567953
0.94 -9.425070715619976
0.95 -9.406679166126164
0.96 -9.386319120554003
0.97 -9.364026755460682
0.98 -9.339853597546998
0.99 -9.313867343265986
1.00 -9.286152560986634
1.01 -9.256811249623105
1.02 -9.225963227062639
1.03 -9.193746321768845
1.04 -9.160316341705773
1.05 -9.125846796316669
1.06 -9.090528349779353
1.07 -9.054567987204113
1.08 -9.018187879867757
1.09 -8.981623940980070
1.10 -8.945124069805944
1.11 -8.908946089120246
1.12 -8.873355388806500
1.13 -8.838622296727877
1.14 -8.805019206555965
1.15 -8.772817500753936
1.16 -8.742284315057921
1.17 -8.713679198246084
1.18 -8.687250727385466
1.19 -8.663233143772519
1.20 -8.641843078134212
1.21 -8.623276435084195
1.22 -8.607705506150234
1.23 -8.595276377805908
1.24 -8.586106695845661
1.25 -8.580283840231386
1.26 -8.577863555404827
1.27 -8.578869070291358
1.28 -8.583290730187283
1.29 -8.591086149860319
1.30 -8.602180883979731
1.31 -8.616469597925402
1.32 -8.633817709593416
1.33 -8.654063461475294
1.34 -8.677020372438571
1.35 -8.702480010601679
1.36 -8.730215022710306
1.37 -8.759982351620579
1.38 -8.791526571911939
1.39 -8.824583274227576
1.40 -8.858882431523055
1.41 -8.894151684771529
1.42 -8.930119491544859
1.43 -8.966518087945307
1.44 -9.003086222261091
1.45 -9.039571627120168
1.46 -9.075733205491032
1.47 -9.111342914328104
1.48 -9.146187337719493
1.49 -9.180068948850600
1.50 -9.212807066780327
1.51 -9.244238519819817
1.52 -9.274218032137831
1.53 -9.302618354065793
1.54 -9.329330159453255
1.55 -9.354261735376371
1.56 -9.377338490598543
1.57 -9.398502309513503
1.58 -9.417710777967278
1.59 -9.434936306464341
1.60 -9.450165174922306
1.61 -9.463396521453495
1.62 -9.474641295718492
1.63 -9.483921195305209
1.64 -9.491267601415755
1.65 -9.496720527959212
1.66 -9.500327596007471
1.67 -9.502143043517650
1.68 -9.502226778292554
1.69 -9.500643480364548
1.70 -9.497461758363958
1.71 -9.492753362979654
1.72 -9.486592459339104
1.73 -9.479054959025724
1.74 -9.470217911506516
1.75 -9.460158953953600
1.76 -9.448955817798048
1.77 -9.436685889841050
1.78 -9.423425825352384
1.79 -9.409251210296372
1.80 -9.394236269627379
1.81 -9.378453618478064
1.82 -9.361974053011851
1.83 -9.344866377715466
1.84 -9.327197265957718
1.85 -9.309031150727821
1.86 -9.290430142582604
1.87 -9.271453971969443
1.88 -9.252159953245080
1.89 -9.232602967873810
1.90 -9.212835464457999
1.91 -9.192907473425365
1.92 -9.172866634368289
1.93 -9.152758234197950
1.94 -9.132625254438555
1.95 -9.112508426142860
1.96 -9.092446291058589
1.97 -9.072475267815321
1.98 -9.052629722032782
1.99 -9.032942039373753
2.00 -9.013442700678091
2.01 -8.994160358418721
2.02 -8.975121913816112
2.03 -8.956352594035080
2.04 -8.937876028966922
2.05 -8.919714327171656
2.06 -8.901888150619520
2.07 -8.884416787928844
2.08 -8.867318225848905
2.09 -8.850609218782241
2.10 -8.834305356181519
2.11 -8.818421127691616
2.12 -8.802969985938963
2.13 -8.787964406897323
2.14 -8.773415947782789
2.15 -8.759335302451024
2.16 -8.745732354287060
2.17 -8.732616226592540
2.18 -8.719995330487611
2.19 -8.707877410354632
2.20 -8.696269586859154
2.21 -8.685178397590079
2.22 -8.674609835365954
2.23 -8.664569384258074
2.24 -8.655062053383519
2.25 -8.646092408523005
2.26 -8.637664601618825
2.27 -8.629782398208226
2.28 -8.622449202846751
2.29 -8.615668082574613
2.30 -8.609441788477483
2.31 -8.603772775390574
2.32 -8.598663219792430
2.33 -8.594115035931726
2.34 -8.590129890227217
2.35 -8.586709213977478
2.36 -8.583854214413432
2.37 -8.581565884122847
2.38 -8.579845008872070
2.39 -8.578692173846200
2.40 -8.578107768324770
2.41 -8.578091988805864
2.42 -8.578644840587302
2.43 -8.579766137809314
2.44 -8.581455501958803
2.45 -8.583712358831063
2.46 -8.586535933940480
2.47 -8.589925246367619
2.48 -8.593879101025749
2.49 -8.598396079325953
2.50 -8.603474528215658
2.51 -8.609112547561702
2.52 -8.615307975845116
2.53 -8.622058374131175
2.54 -8.629361008274790
2.55 -8.637212829318061
2.56 -8.645610452033813
2.57 -8.654550131566280
2.58 -8.664027738117763
2.59 -8.674038729628224
2.60 -8.684578122393335
2.61 -8.695640459565784
2.62 -8.707219777484351
2.63 -8.719309569776003
2.64 -8.731902749177664
2.65 -8.744991607026853
2.66 -8.758567770373967
2.67 -8.772622156674045
2.68 -8.787144926022084
2.69 -8.802125430904276
2.70 -8.817552163447349
2.71 -8.833412700160375
2.72 -8.849693644177847
2.73 -8.866380565030008
2.74 -8.883457935986367
2.75 -8.900909069041882
2.76 -8.918716047642162
2.77 -8.936859657275130
2.78 -8.955319314091980
2.79 -8.974072991760568
2.80 -8.993097146799924
2.81 -9.012366642695747
2.82 -9.031854673154371
2.83 -9.051532684916644
2.84 -9.071370300624549
2.85 -9.091335242312114
2.86 -9.111393256179051
2.87 -9.131508039400739
2.88 -9.151641169831972
2.89 -9.171752039574837
2.90 -9.191797793502655
2.91 -9.211733273962970
2.92 -9.231510973021965
2.93 -9.251080993760649
2.94 -9.270391022288729
2.95 -9.289386312304201
2.96 -9.308009684193987
2.97 -9.326201540841662
2.98 -9.343899902479830
2.99 -9.361040463094366
3.00 -9.377556671051522
3.01 -9.393379836772914
3.02 -9.408439270421919
3.03 -9.422662452682440
3.04 -9.435975241799870
3.05 -9.448302120106804
3.06 -9.459566483263078
3.07 -9.469690975391535
3.08 -9.478597873175929
3.09 -9.486209521794159
3.10 -9.492448825275487
3.11 -9.497239793481690
3.12 -9.500508147405512
3.13 -9.502181983842300
3.14 -9.502192499709636
3.15 -9.500474775353791
3.16 -9.496968615081729
3.17 -9.491619441886620
3.18 -9.484379241890903
3.19 -9.475207552416036
3.20 -9.464072485810616
3.21 -9.450951779243995
3.22 -9.435833858624902
3.23 -9.418718902667310
3.24 -9.399619890942787
3.25 -9.378563617584788
3.26 -9.355591650212560
3.27 -9.330761211697938
3.28 -9.304145960696186
3.29 -9.275836645499162
3.30 -9.245941604850231
3.31 -9.214587088992719
3.32 -9.181917374515205
3.33 -9.148094647608538
3.34 -9.113298632251821
3.35 -9.077725942669366
3.36 -9.041589143195223
3.37 -9.005115503461317
3.38 -8.968545442566885
3.39 -8.932130662523249
3.40 -8.896131978684716
3.41 -8.860816862908429
3.42 -8.826456723619454
3.43 -8.793323955532644
3.44 -8.761688800201700
3.45 -8.731816066501455
3.46 -8.703961767260344
3.47 -8.678369734205516
3.48 -8.655268277841964
3.49 -8.634866961575288
3.50 -8.617353560078943
3.51 -8.602891270446317
3.52 -8.591616240989641
3.53 -8.583635476680223
3.54 -8.579025172298451
3.55 -8.577829514605410
3.56 -8.580059983580542
3.57 -8.585695170386975
3.58 -8.594681116681738
3.59 -8.606932166669781
3.60 -8.622332310406053
3.61 -8.640736984758531
3.62 -8.661975287595713
3.63 -8.685852551529255
3.64 -8.712153216218574
3.65 -8.740643933029764
3.66 -8.771076832834130
3.67 -8.803192886933219
3.68 -8.836725292411666
3.69 -8.871402816469562
3.70 -8.906953039226394
3.71 -8.943105440821311
3.72 -8.979594286031176
3.73 -9.016161267744948
3.74 -9.052557879132719
3.75 -9.088547492909694
3.76 -9.123907134433193
3.77 -9.158428943236983
3.78 -9.191921324803255
3.79 -9.224209800748428
3.80 -9.255137571054497
3.81 -9.284565806460307
3.82 -9.312373692625016
3.83 -9.338458250216091
3.84 -9.362733956710480
3.85 -9.385132196509618
3.86 -9.405600566049849
3.87 -9.424102060044417
3.88 -9.440614163928645
3.89 -9.455127876103916
3.90 -9.467646681790692
3.91 -9.478185498301327
3.92 -9.486769609414861
3.93 -9.493433604352960
3.94 -9.498220334681779
3.95 -9.501179900350079
3.96 -9.502368674060573
3.97 -9.501848371289169
3.98 -9.499685171537198
3.99 -9.495948894837973
4.00 -9.490712236147290
4.01 -9.484050059028993
4.02 -9.476038748996830
4.03 -9.466755625985929
4.04 -9.456278414690722
4.05 -9.444684770909600
4.06 -9.432051861567098
4.07 -9.418455995728527
4.08 -9.403972303666478
4.09 -9.388674460870273
4.10 -9.372634453795960
4.11 -9.355922384123993
4.12 -9.338606308313619
4.13 -9.320752109307589
4.14 -9.302423397339071
4.15 -9.283681436917094
4.16 -9.264585097210812
4.17 -9.245190823210145
4.18 -9.225552625206532
4.19 -9.205722084307935
4.20 -9.185748371873938
4.21 -9.165678280926567
4.22 -9.145556267758476
4.23 -9.125424502120278
4.24 -9.105322924522353
4.25 -9.085289309331657
4.26 -9.065359332481234
4.27 -9.045566642738081
4.28 -9.025942935594156
4.29 -9.006518028955405
4.30 -8.987319939904829
4.31 -8.968374961908326
4.32 -8.949707741916356
4.33 -8.931341356890936
4.34 -8.913297389356634
4.35 -8.895596001636127
4.36 -8.878256008486597
4.37 -8.861294947902568
4.38 -8.844729149894857
4.39 -8.828573803093892
4.40 -8.812843019059891
4.41 -8.797549894211974
4.42 -8.782706569314342
4.43 -8.768324286479821
4.44 -8.754413443670355
4.45 -8.740983646690268
4.46 -8.728043758681837
4.47 -8.715601947144153
4.48 -8.703665728505658
4.49 -8.692242010288281
4.50 -8.681337130907023
4.51 -8.670956897153472
4.52 -8.661106619414866
4.53 -8.651791144682640
4.54 -8.643014887405464
4.55 -8.634781858242272
4.56 -8.627095690770346
4.57 -8.619959666202533
4.58 -8.613376736166090
4.59 -8.607349543593756
4.60 -8.601880441775005
4.61 -8.596971511612898
4.62 -8.592624577128641
4.63 -8.588841219252844
4.64 -8.585622787938794
4.65 -8.582970412629392
4.66 -8.580885011105583
4.67 -8.579367296740028
4.68 -8.578417784175864
4.69 -8.578036793446030
4.70 -8.578224452544610
4.71 -8.578980698457359
4.72 -8.580305276654194
4.73 -8.582197739042311
4.74 -8.584657440374210
4.75 -8.587683533100700
4.76 -8.591274960654658
4.77 -8.595430449147299
4.78 -8.600148497454432
4.79 -8.605427365666284
4.80 -8.611265061870535
4.81 -8.617659327234454
4.82 -8.624607619348398
4.83 -8.632107093789553
4.84 -8.640154583861674
4.85 -8.648746578463609
4.86 -8.657879198036911
4.87 -8.667548168540629
4.88 -8.677748793399704
4.89 -8.688475923372126
4.90 -8.699723924279450
4.91 -8.711486642545413
4.92 -8.723757368488265
4.93 -8.736528797314225
4.94 -8.749792987762472
4.95 -8.763541318356019
4.96 -8.777764441218403
4.97 -8.792452233423056
4.98 -8.807593745850896
4.99 -8.823177149542586
5.00 -8.839189679544537
5.01 -8.855617576263427
5.02 -8.872446024361865
5.03 -8.889659089249308
5.04 -8.907239651246748
5.05 -8.925169337532267
5.06 -8.943428452006966
5.07 -8.961995903258000
5.08 -8.980849130837472
5.09 -8.999964030123531
5.10 -9.019314876083399
5.11 -9.038874246317944
5.12 -9.058612943833857
5.13 -9.078499920063633
5.14 -9.098502198734945
5.15 -9.118584801281038
5.16 -9.138710674581747
5.17 -9.158840621932061
5.18 -9.178933238250968
5.19 -9.198944850668410
5.20 -9.218829465762200
5.21 -9.238538724859277
5.22 -9.258021868966496
5.23 -9.277225715054151
5.24 -9.296094645579593
5.25 -9.314570613307112
5.26 -9.332593163651502
5.27 -9.350099476943955
5.28 -9.367024433186950
5.29 -9.383300702025711
5.30 -9.398858860812746
5.31 -9.413627543773881
5.32 -9.427533625392144
5.33 -9.440502441202868
5.34 -9.452458049230740
5.35 -9.463323535288108
5.36 -9.473021365283056
5.37 -9.481473787544159
5.38 -9.488603287944487
5.39 -9.494333100287157
5.40 -9.498587773985301
5.41 -9.501293800517562
5.42 -9.502380299452643
5.43 -9.501779764001185
5.44 -9.499428865059544
5.45 -9.495269311549361
5.46 -9.489248763524234
5.47 -9.481321793009160
5.48 -9.471450885863975
5.49 -9.459607476129875
5.50 -9.445773002346151
5.51 -9.429939973240336
5.52 -9.412113028035620
5.53 -9.392309974432850
5.54 -9.370562785169545
5.55 -9.346918532005958
5.56 -9.321440234119830
5.57 -9.294207596299112
5.58 -9.265317611105658
5.59 -9.234884998448820
5.60 -9.203042455863825
5.61 -9.169940693342159
5.62 -9.135748227907445
5.63 -9.100650915355651
5.64 -9.064851199746125
5.65 -9.028567065377135
5.66 -8.992030681108027
5.67 -8.955486732961916
5.68 -8.919190447874218
5.69 -8.883405319110677
5.70 -8.848400552081259
5.71 -8.814448257792499
5.72 -8.781820429736245
5.73 -8.750785748297204
5.74 -8.721606264442018
5.75 -8.694534021184992
5.76 -8.669807676774656
5.77 -8.647649197400904
5.78 -8.628260689218719
5.79 -8.611821439419469
5.80 -8.598485233829656
5.81 -8.588378014046778
5.82 -8.581595930498024
5.83 -8.578203839195153
5.84 -8.578234279621110
5.85 -8.581686959468202
5.86 -8.588528759274034
5.87 -8.598694256837577
5.88 -8.612086758138405
5.89 -8.628579808821438
5.90 -8.648019148614976
5.91 -8.670225060739641
5.92 -8.694995059786978
5.93 -8.722106854959440
5.94 -8.751321521132612
5.95 -8.782386807988598
5.96 -8.815040517442590
5.97 -8.849013881615804
5.98 -8.884034877494379
5.99 -8.919831419888443
6.00 -8.956134381057756
6.01 -8.992680393064438
6.02 -9.029214397205351
6.03 -9.065491913434014
6.04 -9.101281011194889
6.05 -9.136363971287693
6.06 -9.170538636026416
6.07 -9.203619451874719
6.08 -9.235438214795112
6.09 -9.265844533660541
6.10 -9.294706031206548
6.11 -9.321908305152821
6.12 -9.347354674331955
6.13 -9.370965735994730
6.14 -9.392678761000141
6.15 -9.412446953443117
6.16 -9.430238600529183
6.17 -9.446036137281457
6.18 -9.459835149067317
6.19 -9.471643333059594
6.20 -9.481479437692226
6.21 -9.489372197014342
6.22 -9.495359274660148
6.23 -9.499486229993661
6.24 -9.501805516904991
6.25 -9.502375523765354
6.26 -9.501259661218366
6.27 -9.498525502813720
6.28 -9.494243981986807
6.29 -9.488488647558199
6.30 -9.481334978769425
6.31 -9.472859759880535
6.32 -9.463140513522433
6.33 -9.452254991311984
6.34 -9.440280719688330
6.35 -9.427294598501524
6.36 -9.413372549566130
6.37 -9.398589212169687
6.38 -9.383017682385685
6.39 -9.366729292971025
6.40 -9.349793430617547
6.41 -9.332277387365291
6.42 -9.314246243062758
6.43 -9.295762775868019
6.44 -9.276887397916546
6.45 -9.257678113431053
6.46 -9.238190496709585
6.47 -9.218477687596229
6.48 -9.198590402210060
6.49 -9.178576956879233
6.50 -9.158483303395769
6.51 -9.138353073870716
6.52 -9.118227633627253
6.53 -9.098146140719923
6.54 -9.078145610810642
6.55 -9.058260986265960
6.56 -9.038525208464879
6.57 -9.018969292422472
6.58 -8.999622402941293
6.59 -8.980511931600843
6.60 -8.961663573984811
6.61 -8.943101406627475
6.62 -8.924847963234260
6.63 -8.906924309798098
6.64 -8.889350118292789
6.65 -8.872143738677952
6.66 -8.855322268997579
6.67 -8.838901623396195
6.68 -8.822896597913672
6.69 -8.807320933952253
6.70 -8.792187379337566
6.71 -8.777507746920136
6.72 -8.763292970684908
6.73 -8.749553159354470
6.74 -8.736297647487035
6.75 -8.723535044083016
6.76 -8.711273278724798
6.77 -8.699519645282955
6.78 -8.688280843229158
6.79 -8.677563016601438
6.80 -8.667371790671481
6.81 -8.657712306366642
6.82 -8.648589252500960
6.83 -8.640006895870551
6.84 -8.631969109268789
6.85 -8.624479397475978
6.86 -8.617540921277184
6.87 -8.611156519560049
6.88 -8.605328729542268
6.89 -8.600059805175839
6.90 -8.595351733772352
6.91 -8.591206250890311
6.92 -8.587624853522236
6.93 -8.584608811615492
6.94 -8.582159177957228
6.95 -8.580276796449741
6.96 -8.578962308798689
6.97 -8.578216159632346
6.98 -8.578038600066087
6.99 -8.578429689721872
7.00 -8.579389297208451
7.01 -8.580917099063498
7.02 -8.583012577154875
7.03 -8.585675014533669
7.04 -8.588903489727684
7.05 -8.592696869459571
7.06 -8.597053799769890
7.07 -8.601972695521193
7.08 -8.607451728255221
7.09 -8.613488812371566
7.10 -8.620081589592299
7.11 -8.627227411673664
7.12 -8.634923321322523
7.13 -8.643166031272211
7.14 -8.651951901469685
7.15 -8.661276914323427
7.16 -8.671136647959520
7.17 -8.681526247431787
7.18 -8.692440393830973
7.19 -8.703873271237406
7.20 -8.715818531462176
7.21 -8.728269256522946
7.22 -8.741217918802757
7.23 -8.754656338843507
7.24 -8.768575640730274
7.25 -8.782966205028693
7.26 -8.797817619245183
7.27 -8.813118625789214
7.28 -8.828857067428256
7.29 -8.845019830239918
7.30 -8.861592784081999
7.31 -8.878560720620429
7.32 -8.895907288977558
7.33 -8.913614929089045
7.34 -8.931664802887559
7.35 -8.950036723465578
7.36 -8.968709082408404
7.37 -8.987658775532626
7.38 -9.006861127314655
7.39 -9.026289814349818
7.40 -9.045916788244527
7.41 -9.065712198413312
7.42 -9.085644315329020
7.43 -9.105679454859160
7.44 -9.125781904413962
7.45 -9.145913851733203
7.46 -9.166035317249063
7.47 -9.186104091081534
7.48 -9.206075675851045
7.49 -9.225903236630275
7.50 -9.245537559502505
7.51 -9.264927020347491
7.52 -9.284017565636145
7.53 -9.302752707181341
7.54 -9.321073532962115
7.55 -9.338918736310083
7.56 -9.356224665917406
7.57 -9.372925399291574
7.58 -9.388952842439481
7.59 -9.404236858706810
7.60 -9.418705429822809
7.61 -9.432284852298421
7.62 -9.444899972389409
7.63 -9.456474462857368
7.64 -9.466931144729916
7.65 -9.476192357166672
7.66 -9.484180378367904
7.67 -9.490817900205473
7.68 -9.496028558897994
7.69 -9.499737523580491
7.70 -9.501872144019860
7.71 -9.502362657988447
7.72 -9.501142957917242
7.73 -9.498151415397480
7.74 -9.493331760877780
7.75 -9.486634014509233
7.76 -9.478015462524036
7.77 -9.467441671800851
7.78 -9.454887533385220
7.79 -9.440338323717956
7.80 -9.423790770208459
7.81 -9.405254105614960
7.82 -9.384751093511005
7.83 -9.362319004990557
7.84 -9.338010524767631
7.85 -9.311894563045643
7.86 -9.284056948062034
7.87 -9.254600973157528
7.88 -9.223647771683996
7.89 -9.191336493158175
7.90 -9.157824254894010
7.91 -9.123285844998534
7.92 -9.087913155172437
7.93 -9.051914325272129
7.94 -9.015512586089967
7.95 -8.978944792281952
7.96 -8.942459643763579
7.97 -8.906315601103906
7.98 -8.870778508324449
7.99 -8.836118944853421
8.00 -8.802609336949518
8.01 -8.770520867405065
8.02 -8.740120230445875
8.03 -8.711666286125650
8.04 -8.685406674823895
8.05 -8.661574457368761
8.06 -8.640384849524441
8.07 -8.622032120860911
8.08 -8.606686727186638
8.09 -8.594492742678504
8.10 -8.585565652589922
8.11 -8.579990560058439
8.12 -8.577820851269720
8.13 -8.579077352359867
8.14 -8.583747999328487
8.15 -8.591788029330132
8.16 -8.603120688492274
8.17 -8.617638438371021
8.18 -8.635204630789136
8.19 -8.655655609556883
8.20 -8.678803187849766
8.21 -8.704437442125940
8.22 -8.732329757636656
8.23 -8.762236056944131
8.24 -8.793900141439931
8.25 -8.827057076584982
8.26 -8.861436554314539
8.27 -8.896766170539054
8.28 -8.932774561641159
8.29 -8.969194350997505
8.30 -9.005764864501289
8.31 -9.042234582485909
8.32 -9.078363304025171
8.33 -9.113924008014191
8.34 -9.148704403457804
8.35 -9.182508168797535
8.36 -9.215155886729489
8.37 -9.246485686690564
8.38 -9.276353611952281
8.39 -9.304633732038898
8.40 -9.331218023994087
8.41 -9.356016047907232
8.42 -9.378954443147519
8.43 -9.399976272032950
8.44 -9.419040237283031
8.45 -9.436119798676199
8.46 -9.451202212963254
8.47 -9.464287519380843
8.48 -9.475387491161133
8.49 -9.484524571334090
8.50 -9.491730808944215
8.51 -9.497046809621029
8.52 -9.500520712306503
8.53 -9.502207201897011
8.54 -9.502166565635161
8.55 -9.500463799312277
8.56 -9.497167767730312
8.57 -9.492350422431183
8.58 -9.486086078433749
8.59 -9.478450750621594
8.60 -9.469521549491635
8.61 -9.459376135195090
8.62 -9.448092228167354
8.63 -9.435747174138974
8.64 -9.422417560933075
8.65 -9.408178884171932
8.66 -9.393105258823541
8.67 -9.377269173405402
8.68 -9.360741283615610
8.69 -9.343590242169247
8.70 -9.325882561671580
8.71 -9.307682507448924
8.72 -9.289052017375937
8.73 -9.270050645876999
8.74 -9.250735529433435
8.75 -9.231161371092403
8.76 -9.211380441642895
8.77 -9.191442595295872
8.78 -9.171395297876206
8.79 -9.151283665701303
8.80 -9.131150513483359
8.81 -9.111036409747580
8.82 -9.090979738406514
8.83 -9.071016765269965
8.84 -9.051181708400755
8.85 -9.031506811348057
8.86 -9.012022418402838
8.87 -8.992757051123483
8.88 -8.973737485474876
8.89 -8.954988829010762
8.90 -8.936534597607981
8.91 -8.918396791332228
8.92 -8.900595969079047
8.93 -8.883151321691068
8.94 -8.866080743303682
8.95 -8.849400900716805
8.96 -8.833127300630537
8.97 -8.817274354617860
8.98 -8.801855441738535
8.99 -8.786882968725234
9.00 -8.772368427696220
9.01 -8.758322451369047
9.02 -8.744754865766696
9.03 -8.731674740422035
9.04 -8.719090436098590
9.05 -8.707009650055484
9.06 -8.695439458892510
9.07 -8.684386359017664
9.08 -8.673856304784438
9.09 -8.663854744349695
9.10 -8.654386653305522
9.11 -8.645456566139865
9.12 -8.637068605581362
9.13 -8.629226509883654
9.14 -8.621933658103551
9.15 -8.615193093426115
9.16 -8.609007544587778
9.17 -8.603379445446285
9.18 -8.598310952743594
9.19 -8.593803962104859
9.20 -8.589860122313347
9.21 -8.586480847897707
9.22 -8.583667330064285
9.23 -8.581420546003407
9.24 -8.579741266594565
9.25 -8.578630062531465
9.26 -8.578087308883646
9.27 -8.578113188107331
9.28 -8.578707691513804
9.29 -8.579870619199431
9.30 -8.581601578437121
9.31 -8.583899980524745
9.32 -8.586765036081777
9.33 -8.590195748781206
9.34 -8.594190907499545
9.35 -8.598749076863623
9.36 -8.603868586168902
9.37 -8.609547516640035
9.38 -8.615783687000551
9.39 -8.622574637315044
9.40 -8.629917611063625
9.41 -8.637809535405253
9.42 -8.646246999583575
9.43 -8.655226231426202
9.44 -8.664743071886184
9.45 -8.674792947572408
9.46 -8.685370841214498
9.47 -8.696471260006827
9.48 -8.708088201776338
9.49 -8.720215118919343
9.50 -8.732844880054223
9.51 -8.745969729339368
9.52 -8.759581243409531
9.53 -8.773670285888734
9.54 -8.788226959444462
9.55 -8.803240555356073
9.56 -8.818699500580482
9.57 -8.834591302310416
9.58 -8.850902490035256
9.59 -8.867618555131731
9.60 -8.884723888032095
9.61 -8.902201713041061
9.62 -8.920034020899958
9.63 -8.938201499228045
9.64 -8.956683461006554
9.65 -8.975457771311810
9.66 -8.994500772549561
9.67 -9.013787208494518
9.68 -9.033290147496938
9.69 -9.052980905282734
9.70 -9.072828967845405
9.71 -9.092801915007476
9.72 -9.112865345316518
9.73 -9.132982803036693
9.74 -9.153115708101234
9.75 -9.173223290004746
9.76 -9.193262526736703
9.77 -9.213188089988876
9.78 -9.232952298009749
9.79 -9.252505077627390
9.80 -9.271793937118316
9.81 -9.290763951762544
9.82 -9.309357764092542
9.83 -9.327515601014685
9.84 -9.345175310153344
9.85 -9.362272417937014
9.86 -9.378740212109209
9.87 -9.394509851499851
9.88 -9.409510506030093
9.89 -9.423669530039083
9.90 -9.436912672107734
9.91 -9.449164324604176
9.92 -9.460347816179022
9.93 -9.470385750385729
9.94 -9.479200393481205
9.95 -9.486714114262218
9.96 -9.492849878501515
9.97 -9.497531800150609
9.98 -9.500685750960560
9.99 -9.502240029524383
10.00 -9.502126089952743
10.01 -9.500279329446832
10.02 -9.496639932919903
10.03 -9.491153771535544
10.04 -9.483773350574147
10.05 -9.474458800411886
10.06 -9.463178902607650
10.07 -9.449912141158874
10.08 -9.434647766931805
10.09 -9.417386861129433
10.10 -9.398143381476050
10.11 -9.376945172626769
10.12 -9.353834920220969
10.13 -9.328871026068947
10.14 -9.302128380280269
10.15 -9.273699004808510
10.16 -9.243692542004755
10.17 -9.212236561449417
10.18 -9.179476658675677
10.19 -9.145576320508987
10.20 -9.110716533714681
10.21 -9.075095116540473
10.22 -9.038925756607039
10.23 -9.002436743451423
10.24 -8.965869389837628
10.25 -8.929476142647188
10.26 -8.893518391630197
10.27 -8.858263992366783
10.28 -8.823984528242107
10.29 -8.790952344812295
10.30 -8.759437398333603
10.31 -8.729703968113887
10.32 -8.702007289382603
10.33 -8.676590169222568
10.34 -8.653679652444982
10.35 -8.633483806838230
10.36 -8.616188697758512
10.37 -8.601955620408903
10.38 -8.590918654312166
10.39 -8.583182598458928
10.40 -8.578821337543632
10.41 -8.577876679821578
10.42 -8.580357695757034
10.43 -8.586240574185044
10.44 -8.595468999635715
10.45 -8.607955041258291
10.46 -8.623580530930521
10.47 -8.642198896124391
10.48 -8.663637402356310
10.49 -8.687699750948157
10.50 -8.714168970650686
10.51 -8.742810536625594
10.52 -8.773375647439035
10.53 -8.805604590079518
10.54 -8.839230124476529
10.55 -8.873980822379664
10.56 -8.909584300510616
10.57 -8.945770294322838
10.58 -8.982273526164494
10.59 -9.018836329797228
10.60 -9.055211001737575
10.61 -9.091161858443279
10.62 -9.126466986677316
10.63 -9.160919682206162
10.64 -9.194329579128881
10.65 -9.226523478445115
10.66 -9.257345889855486
10.67 -9.286659305198249
10.68 -9.314344225352702
10.69 -9.340298964911238
10.70 -9.364439260495214
10.71 -9.386697709344755
10.72 -9.407023064844109
10.73 -9.425379415056998
10.74 -9.441745269248173
10.75 -9.456112575865271
10.76 -9.468485693650926
10.77 -9.478880335543337
10.78 -9.487322502888608
10.79 -9.493847425303718
10.80 -9.498498519357421
10.81 -9.501326377128073
10.82 -9.502387793692654
10.83 -9.501744840729629
10.84 -9.499463991700393
10.85 -9.495615302522795
10.86 -9.490271650271302
10.87 -9.483508031232274
10.88 -9.475400918605205
10.89 -9.466027679264281
10.90 -9.455466048268748
10.91 -9.443793659223900
10.92 -9.431087628133637
10.93 -9.417424188037627
10.94 -9.402878371477280
10.95 -9.387523737672453
10.96 -9.371432141202179
10.97 -9.354673538956531
10.98 -9.337315832152076
10.99 -9.319424740270629
11.00 -9.301063703881532
11.01 -9.282293813433769
11.02 -9.263173761249298
11.03 -9.243759814107110
11.04 -9.224105803974105
11.05 -9.204263134609569
11.06 -9.184280801941506
11.07 -9.164205426282919
11.08 -9.144081294621470
11.09 -9.123950411375947
11.10 -9.103852556165638
11.11 -9.083825347283609
11.12 -9.063904309701167
11.13 -9.044122946558256
11.14 -9.024512813212917
11.15 -9.005103593032384
11.16 -8.985923174208951
11.17 -8.966997726975784
11.18 -8.948351780681557
11.19 -8.930008300258802
11.20 -8.911988761689331
11.21 -8.894313226131638
11.22 -8.877000412430375
11.23 -8.860067767776881
11.24 -8.843531536333462
11.25 -8.827406825672316
11.26 -8.811707670913940
11.27 -8.796447096479081
11.28 -8.781637175394140
11.29 -8.767289086111829
11.30 -8.753413166827949
11.31 -8.740018967291208
11.32 -8.727115298116512
11.33 -8.714710277623483
11.34 -8.702811376231192
11.35 -8.691425458447522
11.36 -8.680558822497392
11.37 -8.670217237638600
11.38 -8.660405979217103
11.39 -8.651129861515756
11.40 -8.642393268451658
11.41 -8.634200182177487
11.42 -8.626554209641936
11.43 -8.619458607163153
11.44 -8.612916303067616
11.45 -8.606929918444816
11.46 -8.601501786065562
11.47 -8.596633967509060
11.48 -8.592328268540694
11.49 -8.588586252779187
11.50 -8.585409253688258
11.51 -8.582798384924079
11.52 -8.580754549066114
11.53 -8.579278444754824
11.54 -8.578370572255666
11.55 -8.578031237464723
11.56 -8.578260554366961
11.57 -8.579058445954027
11.58 -8.580424643604088
11.59 -8.582358684921997
11.60 -8.584859910033787
11.61 -8.587927456325238
11.62 -8.591560251610046
11.63 -8.595757005708913
11.64 -8.600516200416909
11.65 -8.605836077832244
11.66 -8.611714627015914
11.67 -8.618149568947779
11.68 -8.625138339741122
11.69 -8.632678072074320
11.70 -8.640765574795122
11.71 -8.649397310650171
11.72 -8.658569372089879
11.73 -8.668277455096613
11.74 -8.678516830982483
11.75 -8.689282316101858
11.76 -8.700568239423200
11.77 -8.712368407904931
11.78 -8.724676069621108
11.79 -8.737483874584498
11.80 -8.750783833217646
11.81 -8.764567272426744
11.82 -8.778824789238573
11.83 -8.793546201968049
11.84 -8.808720498892617
11.85 -8.824335784420727
11.86 -8.840379222754661
11.87 -8.856836979063530
11.88 -8.873694158200690
11.89 -8.890934741021235
11.90 -8.908541518380124
11.91 -8.926496022920228
11.92 -8.944778458792365
11.93 -8.963367629487006
11.94 -8.982240863999637
11.95 -9.001373941599869
11.96 -9.020741015528211
11.97 -9.040314536004637
11.98 -9.060065173000377
11.99 -9.079961739298600
12.00 -9.099971114452112
12.01 -9.120058170336385
12.02 -9.140185699095253
12.03 -9.160314344384258
12.04 -9.180402536933256
12.05 -9.200406435575715
12.06 -9.220279875026588
12.07 -9.239974321834001
12.08 -9.259438840081266
12.09 -9.278620068574231
12.10 -9.297462211413617
12.11 -9.315907044020948
12.12 -9.333893936858066
12.13 -9.351359899251403
12.14 -9.368239645899703
12.15 -9.384465688804127
12.16 -9.399968457507645
12.17 -9.414676450660867
12.18 -9.428516422037475
12.19 -9.441413604196821
12.20 -9.453291973025349
12.21 -9.464074556373140
12.22 -9.473683789926220
12.23 -9.482041923308106
12.24 -9.489071479173113
12.25 -9.494695767726089
12.26 -9.498839458665413
12.27 -9.501429211984677
12.28 -9.502394368370599
12.29 -9.501667699088154
12.30 -9.499186214238144
12.31 -9.494892027099430
12.32 -9.488733270922667
12.33 -9.480665063024135
12.34 -9.470650509341951
12.35 -9.458661740773653
12.36 -9.444680970633113
12.37 -9.428701560473773
12.38 -9.410729079362209
12.39 -9.390782339499546
12.40 -9.368894388938457
12.41 -9.345113440101567
12.42 -9.319503710955702
12.43 -9.292146154128142
12.44 -9.263139048066456
12.45 -9.232598423648874
12.46 -9.200658299555753
12.47 -9.167470700319853
12.48 -9.133205432381164
12.49 -9.098049595764618
12.50 -9.062206812237482
12.51 -9.025896155022696
12.52 -8.989350770343796
12.53 -8.952816187215280
12.54 -8.916548318881967
12.55 -8.880811167016002
12.56 -8.845874248014182
12.57 -8.812009769267211
12.58 -8.779489591818820
12.59 -8.748582024084524
12.60 -8.719548498922233
12.61 -8.692640192996590
12.62 -8.668094652721257
12.63 -8.646132494791125
12.64 -8.626954251167668
12.65 -8.610737428158751
12.66 -8.597633846820250
12.67 -8.587767327275788
12.68 -8.581231772774057
12.69 -8.578089700554715
12.70 -8.578371256142029
12.71 -8.582073735884933
12.72 -8.589161629835850
12.73 -8.599567183880554
12.74 -8.613191466891728
12.75 -8.629905916073673
12.76 -8.649554322058904
12.77 -8.671955205123430
12.78 -8.696904525446591
12.79 -8.724178663908175
12.80 -8.753537605646001
12.81 -8.784728256547972
12.82 -8.817487822981409
12.83 -8.851547187237612
12.84 -8.886634215181960
12.85 -8.922476938178898
12.86 -8.958806558194228
12.87 -8.995360232726366
12.88 -9.031883604541067
12.89 -9.068133049748115
12.90 -9.103877626257038
12.91 -9.138900712810855
12.92 -9.173001336395810
12.93 -9.205995192683034
12.94 -9.237715370146686
12.95 -9.268012793543244
12.96 -9.296756406493872
12.97 -9.323833115991862
12.98 -9.349147523799333
12.99 -9.372621470967776
13.00 -9.394193422201607
13.01 -9.413817716581837
13.02 -9.431463710384454
13.03 -9.447114836473288
13.04 -9.460767603125667
13.05 -9.472430553260303
13.06 -9.482123202971934
13.07 -9.489874976116765
13.08 -9.495724149506332
13.09 -9.499716821113243
13.10 -9.501905911616953
13.11 -9.502350207657745
13.12 -9.501113453348434
13.13 -9.498263494934086
13.14 -9.493871481999877
13.15 -9.488011127310598
13.16 -9.480758026219917
13.17 -9.472189035608727
13.18 -9.462381711490497
13.19 -9.451413803746949
13.20 -9.439362805917144
13.21 -9.426305557544282
13.22 -9.412317896273471
13.23 -9.397474356677341
13.24 -9.381847912651914
13.25 -9.365509760159995
13.26 -9.348529137092939
13.27 -9.330973177062910
13.28 -9.312906794017922
13.29 -9.294392594682426
13.30 -9.275490815959802
13.31 -9.256259284583441
13.32 -9.236753396464811
13.33 -9.217026113355395
13.34 -9.197127974610623
13.35 -9.177107122015238
13.36 -9.157009335797827
13.37 -9.136878080125983
13.38 -9.116754556530976
13.39 -9.096677763860818
13.40 -9.076684563502484
13.41 -9.056809748747222
13.42 -9.037086117297056
13.43 -9.017544546025812
13.44 -8.998214067214219
13.45 -8.979121945576122
13.46 -8.960293755481825
13.47 -8.941753457865552
13.48 -8.923523476377232
13.49 -8.905624772404712
13.50 -8.888076918651851
13.51 -8.870898171010680
13.52 -8.854105538512872
13.53 -8.837714851187490
13.54 -8.821740825688526
13.55 -8.806197128587970
13.56 -8.791096437258217
13.57 -8.776450498291874
13.58 -8.762270183427965
13.59 -8.748565542971420
13.60 -8.735345856707928
13.61 -8.722619682328849
13.62 -8.710394901391485
13.63 -8.698678762848532
13.64 -8.687477924187402
13.65 -8.676798490225396
13.66 -8.666646049610728
13.67 -8.657025709082140
13.68 -8.647942125541602
13.69 -8.639399535995446
13.70 -8.631401785419278
13.71 -8.623952352601433
13.72 -8.617054374018402
13.73 -8.610710665793963
13.74 -8.604923743791542
13.75 -8.599695841886666
13.76 -8.595028928463583
13.77 -8.590924721176798
13.78 -8.587384700014974
13.79 -8.584410118700978
13.80 -8.582002014458014
13.81 -8.580161216168051
13.82 -8.578888350944487
13.83 -8.578183849137108
13.84 -8.578047947783089
13.85 -8.578480692513589
13.86 -8.579481937921255
13.87 -8.581051346389684
13.88 -8.583188385381510
13.89 -8.585892323177671
13.90 -8.589162223056041
13.91 -8.592996935893456
13.92 -8.597395091171039
13.93 -8.602355086358601
13.94 -8.607875074650025
13.95 -8.613952951017589
13.96 -8.620586336549550
13.97 -8.627772561031792
13.98 -8.635508643731020
13.99 -8.643791272333898
14.00 -8.652616779993895
14.01 -8.661981120435071
14.02 -8.671879841060111
14.03 -8.682308054008468
14.04 -8.693260405109392
14.05 -8.704731040674488
14.06 -8.716713572074729
14.07 -8.729201038048243
14.08 -8.742185864687446
14.09 -8.755659823057442
14.10 -8.769613984402298
14.11 -8.784038672901866
14.12 -8.798923415949607
14.13 -8.814256891931322
14.14 -8.830026875496442
14.15 -8.846220180327396
14.16 -8.862822599429149
14.17 -8.879818842980409
14.18 -8.897192473810723
14.19 -8.914925840593751
14.20 -8.933000008877320
14.21 -8.951394690105163
14.22 -8.970088168824608
14.23 -8.989057228318728
14.24 -9.008277074951632
14.25 -9.027721261571527
14.26 -9.047361610379042
14.27 -9.067168135737846
14.28 -9.087108967481878
14.29 -9.107150275358583
14.30 -9.127256195340918
14.31 -9.147388758642952
14.32 -9.167507824384728
14.33 -9.187571016971969
14.34 -9.207533669385146
14.35 -9.227348773710130
14.36 -9.246966940388869
14.37 -9.266336367822531
14.38 -9.285402824120446
14.39 -9.304109642954451
14.40 -9.322397735648472
14.41 -9.340205621804769
14.42 -9.357469480938454
14.43 -9.374123227757506
14.44 -9.390098613881705
14.45 -9.405325358936429
14.46 -9.419731314079488
14.47 -9.433242661114869
14.48 -9.445784150408208
14.49 -9.457279380836397
14.50 -9.467651124968041
14.51 -9.476821702571598
14.52 -9.484713405372343
14.53 -9.491248975715202
14.54 -9.496352141424818
14.55 -9.499948208673734
14.56 -9.501964714060788
14.57 -9.502332136352035
14.58 -9.500984667434199
14.59 -9.497861040965757
14.60 -9.492905415976464
14.61 -9.486068311258816
14.62 -9.477307584815579
14.63 -9.466589450883474
14.64 -9.453889525157827
14.65 -9.439193886819048
14.66 -9.422500143840013
14.67 -9.403818485876027
14.68 -9.383172706858087
14.69 -9.360601177290219
14.70 -9.336157744267876
14.71 -9.309912535473197
14.72 -9.281952641959938
14.73 -9.252382653519261
14.74 -9.221325019924546
14.75 -9.188920211496850
14.76 -9.155326653315754
14.77 -9.120720409116174
14.78 -9.085294593536879
14.79 -9.049258494973607
14.80 -9.012836395861763
14.81 -8.976266082755911
14.82 -8.939797045028802
14.83 -8.903688368276329
14.84 -8.868206336433280
14.85 -8.833621764973548
14.86 -8.800207096137354
14.87 -8.768233295606537
14.88 -8.737966598114721
14.89 -8.709665156792989
14.90 -8.683575657271186
14.91 -8.659929962352940
14.92 -8.638941856165951
14.93 -8.620803957817643
14.94 -8.605684873589015
14.95 -8.593726653490503
14.96 -8.585042612591190
14.97 -8.579715570025712
14.98 -8.577796549189507
14.99 -8.579303971654186
15.00 -8.584223365151438
15.01 -8.592507593029284
15.02 -8.604077599361588
15.03 -8.618823650887570
15.04 -8.636607044658851
15.05 -8.657262239126149
15.06 -8.680599356796060
15.07 -8.706406998841372
15.08 -8.734455306376622
15.09 -8.764499199633949
15.10 -8.796281725014255
15.11 -8.829537440868897
15.12 -8.863995775727142
15.13 -8.899384297291173
15.14 -8.935431836585739
15.15 -8.971871418849728
15.16 -9.008442960750713
15.17 -9.044895701949558
15.18 -9.080990347616559
15.19 -9.116500906907454
15.20 -9.151216220391980
15.21 -9.184941176779166
15.22 -9.217497625842766
15.23 -9.248725000106218
15.24 -9.278480662536611
15.25 -9.306640001202467
15.26 -9.333096294588428
15.27 -9.357760373081621
15.28 -9.380560103122948
15.29 -9.401439720743655
15.30 -9.420359040785394
15.31 -9.437292567138117
15.32 -9.452228527932311
15.33 -9.465167857893871
15.34 -9.476123148108174
15.35 -9.485117581332045
15.36 -9.492183868815175
15.37 -9.497363202411602
15.38 -9.500704233631071
15.39 -9.502262089242469
15.40 -9.502097431129506
15.41 -9.500275566335601
15.42 -9.496865611635378
15.43 -9.491939715541989
15.44 -9.485572339404420
15.45 -9.477839598164088
15.46 -9.468818660418595
15.47 -9.458587206672952
15.48 -9.447222944033591
15.49 -9.434803175105170
15.50 -9.421404418471473
15.51 -9.407102077866126
15.52 -9.391970156953072
15.53 -9.376081016528586
15.54 -9.359505170913611
15.55 -9.342311120317055
15.56 -9.324565216006807
15.57 -9.306331555217284
15.58 -9.287671902841637
15.59 -9.268645637097245
15.60 -9.249309716507918
15.61 -9.229718665710957
15.62 -9.209924577767012
15.63 -9.189977130822403
15.64 -9.169923617143874
15.65 -9.149808982712806
15.66 -9.129675875727393
15.67 -9.109564702516302
15.68 -9.089513689514309
15.69 -9.069558950089464
15.70 -9.049734555141077
15.71 -9.030072606508924
15.72 -9.010603312346054
15.73 -8.991355063710559
15.74 -8.972354511726161
15.75 -8.953626644747530
15.76 -8.935194865044352
15.77 -8.917081064588718
15.78 -8.899305699593979
15.79 -8.881887863510041
15.80 -8.864845358230784
15.81 -8.848194763314384
15.82 -8.831951503057102
15.83 -8.816129911296089
15.84 -8.800743293847466
15.85 -8.785803988512539
15.86 -8.771323422608059
15.87 -8.757312167996334
15.88 -8.743779993607705
15.89 -8.730735915462365
15.90 -8.718188244210126
15.91 -8.706144630216789
15.92 -8.694612106233542
15.93 -8.683597127692133
15.94 -8.673105610673398
15.95 -8.663142967600246
15.96 -8.653714140708578
15.97 -8.644823633351027
15.98 -8.636475539188996
15.99 -8.628673569328145
16.00 -8.621421077451709
16.01 -8.614721083004547
16.02 -8.608576292478856
16.03 -8.602989118850221
16.04 -8.597961699209865
16.05 -8.593495910636001
16.06 -8.589593384343956
16.07 -8.586255518151111
16.08 -8.583483487289165
16.09 -8.581278253592341
16.10 -8.579640573086145
16.11 -8.578571001997354
16.12 -8.578069901201680
16.13 -8.578137439121356
16.14 -8.578773593080761
16.15 -8.579978149123768
16.16 -8.581750700292377
16.17 -8.584090643361792
16.18 -8.586997174022954
16.19 -8.590469280499164
16.20 -8.594505735579437
16.21 -8.599105087046903
16.22 -8.604265646476712
16.23 -8.609985476373895
16.24 -8.616262375617783
16.25 -8.623093863176107
16.26 -8.630477160048283
16.27 -8.638409169394260
16.28 -8.646886454802408
16.29 -8.655905216647115
16.30 -8.665461266484774
16.31 -8.675549999434729
16.32 -8.686166364490676
16.33 -8.697304832707150
16.34 -8.708959363205725
16.35 -8.721123366946287
16.36 -8.733789668210365
16.37 -8.746950463746142
16.38 -8.760597279528612
16.39 -8.774720925093495
16.40 -8.789311445410112
16.41 -8.804358070266916
16.42 -8.819849161153460
16.43 -8.835772155635173
16.44 -8.852113509232105
16.45 -8.868858634830236
16.46 -8.885991839674722
16.47 -8.903496260018047
16.48 -8.921353793523897
16.49 -8.939545029558960
16.50 -8.958049177541218
16.51 -8.976843993554064
16.52 -8.995905705482160
16.53 -9.015208936976908
16.54 -9.034726630617959
16.55 -9.054429970702213
16.56 -9.074288306164178
16.57 -9.094269074211477
16.58 -9.114337725347344
16.59 -9.134457650548367
16.60 -9.154590111470933
16.61 -9.174694174673915
16.62 -9.194726650968258
16.63 -9.214642041136278
16.64 -9.234392489404204
16.65 -9.253927746200731
16.66 -9.273195141890776
16.67 -9.292139573336748
16.68 -9.310703505307497
16.69 -9.328826988926128
16.70 -9.346447699519313
16.71 -9.363500996399708
16.72 -9.379920007275883
16.73 -9.395635740136054
16.74 -9.410577225587916
16.75 -9.424671692750488
16.76 -9.437844781877995
16.77 -9.450020796942422
16.78 -9.461123001401061
16.79 -9.471073960317904
16.80 -9.479795931882336
16.81 -9.487211311162511
16.82 -9.493243128632042
16.83 -9.497815605603378
16.84 -9.500854768176323
16.85 -9.502289120652456
16.86 -9.502050378562991
16.87 -9.500074260498243
16.88 -9.496301336801963
16.89 -9.490677931897810
16.90 -9.483157075545950
16.91 -9.473699496688379
16.92 -9.462274651741366
16.93 -9.448861777249181
16.94 -9.433450954750148
16.95 -9.416044173559046
16.96 -9.396656374984609
16.97 -9.375316459333742
16.98 -9.352068234973590
16.99 -9.326971286808055
17.00 -9.300101739866495
17.01 -9.271552892398047
17.02 -9.241435692019968
17.03 -9.209879028190860
17.04 -9.177029814676265
17.05 -9.143052836845095
17.06 -9.108130340668950
17.07 -9.072461343260843
17.08 -9.036260648728730
17.09 -8.999757558042102
17.10 -8.963194267487852
17.11 -8.926823957050708
17.12 -8.890908577572047
17.13 -8.855716353646010
17.14 -8.821519027683600
17.15 -8.788588879147127
17.16 -8.757195561326318
17.17 -8.727602805863832
17.18 -8.700065052199054
17.19 -8.674824064846256
17.20 -8.652105605639047
17.21 -8.632116230481609
17.22 -8.615040280530584
17.23 -8.601037135948223
17.24 -8.590238796363888
17.25 -8.582747846001501
17.26 -8.578635853219655
17.27 -8.577942244211126
17.28 -8.580673679151440
17.29 -8.586803946576822
17.30 -8.596274378671051
17.31 -8.608994776938923
17.32 -8.624844824937615
17.33 -8.643675952801880
17.34 -8.665313607664881
17.35 -8.689559875106891
17.36 -8.716196389739540
17.37 -8.744987468137996
17.38 -8.775683394652873
17.39 -8.808023790152337
17.40 -8.841740995356272
17.41 -8.876563403939013
17.42 -8.912218685740973
17.43 -8.948436846939355
17.44 -8.984953081551771
17.45 -9.021510376840745
17.46 -9.057861843715150
17.47 -9.093772751771025
17.48 -9.129022256896993
17.49 -9.163404817149097
17.50 -9.196731299683655
17.51 -9.228829787782965
17.52 -9.259546102323943
17.53 -9.288744056377796
17.54 -9.316305464984122
17.55 -9.342129934546310
17.56 -9.366134457805321
17.57 -9.388252841047645
17.58 -9.408434990185755
17.59 -9.426646081721037
17.60 -9.442865643467837
17.61 -9.457086568389581
17.62 -9.469314083075519
17.63 -9.479564690363128
17.64 -9.487865103470295
17.65 -9.494251186815966
17.66 -9.498766916539385
17.67 -9.501463371626150
17.68 -9.502397764553411
17.69 -9.501632518505586
17.70 -9.499234396505937
17.71 -9.495273686270620
17.72 -9.489823443225532
17.73 -9.482958792932800
17.74 -9.474756293148205
17.75 -9.465293354865697
17.76 -9.454647720989994
17.77 -9.442897000701166
17.78 -9.430118257123015
17.79 -9.416387645566839
17.80 -9.401780099380156
17.81 -9.386369060273374
17.82 -9.370226249913909
17.83 -9.353421479555005
17.84 -9.336022494495367
17.85 -9.318094850235644
17.86 -9.299701817300441
17.87 -9.280904311822221
17.88 -9.261760849129704
17.89 -9.242327517742210
17.90 -9.222657971338492
17.91 -9.202803436439352
17.92 -9.182812733714911
17.93 -9.162732310996811
17.94 -9.142606286240770
17.95 -9.122476498844357
17.96 -9.102382567876930
17.97 -9.082361955923092
17.98 -9.062450037376486
17.99 -9.042680170147772
18.00 -9.023083769868132
18.01 -9.003690385778615
18.02 -8.984527777595446
18.03 -8.965621992732896
18.04 -8.946997443348414
18.05 -8.928676982750195
18.06 -8.910681980775227
18.07 -8.893032397807076
18.08 -8.875746857157152
18.09 -8.858842715581963
18.10 -8.842336131751896
18.11 -8.826242132525190
18.12 -8.810574676914035
18.13 -8.795346717659104
18.14 -8.780570260353940
18.15 -8.766256420082643
18.16 -8.752415475552921
18.17 -8.739056920722504
18.18 -8.726189513930272
18.19 -8.713821324554617
18.20 -8.701959777230567
18.21 -8.690611693664604
18.22 -8.679783332091812
18.23 -8.669480424424300
18.24 -8.659708211143004
18.25 -8.650471473986926
18.26 -8.641774566495055
18.27 -8.633621442456343
18.28 -8.626015682322741
18.29 -8.618960517639168
18.30 -8.612458853542691
18.31 -8.606513289381054
18.32 -8.601126137498310
18.33 -8.596299440232313
18.34 -8.592034985165958
18.35 -8.588334318670430
18.36 -8.585198757775384
18.37 -8.582629400397110
18.38 -8.580627133951902
18.39 -8.579192642377857
18.40 -8.578326411584264
18.41 -8.578028733343526
18.42 -8.578299707636416
18.43 -8.579139243457156
18.44 -8.580547058080565
18.45 -8.582522674789272
18.46 -8.585065419054608
18.47 -8.588174413160679
18.48 -8.591848569256806
18.49 -8.596086580819362
18.50 -8.600886912500048
18.51 -8.606247788333476
18.52 -8.612167178273239
18.53 -8.618642783021729
18.54 -8.625672017115527
18.55 -8.633251990224760
18.56 -8.641379486621673
18.57 -8.650050942770884
18.58 -8.659262422991228
18.59 -8.669009593137062
18.60 -8.679287692245147
18.61 -8.690091502092232
18.62 -8.701415314607884
18.63 -8.713252897087337
18.64 -8.725597455150234
18.65 -8.738441593393032
18.66 -8.751777273685937
18.67 -8.765595771069499
18.68 -8.779887627211695
18.69 -8.794642601393484
18.70 -8.809849618999927
18.71 -8.825496717504933
18.72 -8.841570989950917
18.73 -8.858058525940516
18.74 -8.874944350176037
18.75 -8.892212358603953
18.76 -8.909845252247056
18.77 -8.927824468835746
18.78 -8.946130112383168
18.79 -8.964740880886733
18.80 -8.983633992381423
18.81 -9.002785109618657
18.82 -9.022168263698822
18.83 -9.041755777046333
18.84 -9.061518186183754
18.85 -9.081424164836545
18.86 -9.101440447982732
18.87 -9.121531757552940
18.88 -9.141660730585548
18.89 -9.161787850750310
18.90 -9.181871384270924
18.91 -9.201867321403487
18.92 -9.221729324762993
18.93 -9.241408685933918
18.94 -9.260854291952754
18.95 -9.280012603409387
18.96 -9.298827646079266
18.97 -9.317241018167353
18.98 -9.335191915416594
18.99 -9.352617176504364
19.00 -9.369451351317739
19.01 -9.385626794857767
19.02 -9.401073789669903
19.03 -9.415720699826394
19.04 -9.429494159590467
19.05 -9.442319299963762
19.06 -9.454120016349442
19.07 -9.464819280543836
19.08 -9.474339500189096
19.09 -9.482602928666402
19.10 -9.489532128171687
19.11 -9.495050488380324
19.12 -9.499082802660910
19.13 -9.501555903227173
19.14 -9.502399355908738
19.15 -9.501546214363579
19.16 -9.498933832537208
19.17 -9.494504732988139
19.18 -9.488207527341089
19.19 -9.479997883598623
19.20 -9.469839533343571
19.21 -9.457705310010519
19.22 -9.443578207414498
19.23 -9.427452445627258
19.24 -9.409334529125179
19.25 -9.389244279946752
19.26 -9.367215826453187
19.27 -9.343298526254808
19.28 -9.317557800032015
19.29 -9.290075851435862
19.30 -9.260952247101013
19.31 -9.230304330149401
19.32 -9.198267440514419
19.33 -9.164994916078246
19.34 -9.130657850085159
19.35 -9.095444582653514
19.36 -9.059559907518977
19.37 -9.023223979433080
19.38 -8.986670912911245
19.39 -8.950147069228793
19.40 -8.913909035610514
19.41 -8.878221308310298
19.42 -8.843353699541492
19.43 -8.809578496758586
19.44 -8.777167411326777
19.45 -8.746388361832969
19.46 -8.717502144854844
19.47 -8.690759052569511
19.48 -8.666395501817348
19.49 -8.644630742835155
19.50 -8.625663717577890
19.51 -8.609670137168681
19.52 -8.596799845440321
19.53 -8.587174530739249
19.54 -8.580885841234910
19.55 -8.577993950093772
19.56 -8.578526606313666
19.57 -8.582478695130742
19.58 -8.589812319135387
19.59 -8.600457398039230
19.60 -8.614312771918641
19.61 -8.631247780212421
19.62 -8.651104277235229
19.63 -8.673699034891937
19.64 -8.698826474976977
19.65 -8.726261667163808
19.66 -8.755763524682193
19.67 -8.787078127793908
19.68 -8.819942105461699
19.69 -8.854086007923932
19.70 -8.889237607024391
19.71 -8.925125066828594
19.72 -8.961479933969830
19.73 -8.998039904970883
19.74 -9.034551336139083
19.75 -9.070771470201549
19.76 -9.106470362330020
19.77 -9.141432496332456
19.78 -9.175458089338960
19.79 -9.208364090107214
19.80 -9.239984881994200
19.81 -9.270172706609582
19.82 -9.298797828151185
19.83 -9.325748461432671
19.84 -9.350930488689349
19.85 -9.374266991457656
19.86 -9.395697624254826
19.87 -9.415177856536816
19.88 -9.432678108591945
19.89 -9.448182805742441
19.90 -9.461689373581661
19.91 -9.473207195070191
19.92 -9.482756548239360
19.93 -9.490367541086119
19.94 -9.496079058057434
19.95 -9.499937730372398
19.96 -9.501996940362348
19.97 -9.502315868058897
19.98 -9.500958586452228
19.99 -9.497993210194968
20.00 -9.493491101049486
