0.000 -1.5373
0.010 -1.5376
0.020 -1.5386
0.030 -1.5403
0.040 -1.5427
0.050 -1.5458
0.060 -1.5496
0.070 -1.5541
0.080 -1.5593
0.090 -1.5652
0.100 -1.5718
0.110 -1.5792
0.120 -1.5873
0.130 -1.5962
0.140 -1.6059
0.150 -1.6165
0.160 -1.6279
0.170 -1.6402
0.180 -1.6535
0.190 -1.6678
0.200 -1.6834
0.210 -1.7001
0.220 -1.7180
0.230 -1.7369
0.240 -1.7570
0.250 -1.7782
0.260 -1.8012
0.270 -1.8257
0.280 -1.8516
0.290 -1.8792
0.300 -1.9084
0.310 -1.9395
0.320 -1.9726
0.330 -2.0078
0.340 -2.0455
0.350 -2.0858
0.360 -2.1289
0.370 -2.1749
0.380 -2.2242
0.390 -2.2771
0.400 -2.3339
0.410 -2.3950
0.420 -2.4609
0.430 -2.5323
0.440 -2.6097
0.450 -2.6936
0.460 -2.7846
0.470 -2.8832
0.480 -2.9902
0.490 -3.1058
0.500 -3.2304
0.510 -3.3636
0.520 -3.5041
0.530 -3.6494
0.540 -3.7943
0.550 -3.9294
0.560 -4.0398
0.570 -4.1017
0.580 -4.0829
0.590 -3.9472
0.600 -3.6745
0.610 -3.3005
0.620 -2.9562
0.630 -2.8390
0.640 -3.0736
0.650 -3.5936
0.660 -4.2063
0.670 -4.7484
0.680 -5.1537
0.690 -5.4268
0.700 -5.5983
0.710 -5.6982
0.720 -5.7462
0.730 -5.7506
0.740 -5.7108
0.750 -5.6200
0.760 -5.4720
0.770 -5.2700
0.780 -5.0379
0.790 -4.8263
0.800 -4.7020
0.810 -4.7156
0.820 -4.8687
0.830 -5.1129
0.840 -5.3818
0.850 -5.6234
0.860 -5.8131
0.870 -5.9484
0.880 -6.0390
0.890 -6.0980
0.900 -6.1378
0.910 -6.1681
0.920 -6.1962
0.930 -6.2271
0.940 -6.2644
0.950 -6.3103
0.960 -6.3660
0.970 -6.4319
0.980 -6.5077
0.990 -6.5927
1.000 -6.6853
1.010 -6.7836
1.020 -6.8852
1.030 -6.9880
1.040 -7.0899
1.050 -7.1900
1.060 -7.2889
1.070 -7.3894
1.080 -7.4966
1.090 -7.6168
1.100 -7.7564
1.110 -7.9195
1.120 -8.1069
1.130 -8.3150
1.140 -8.5375
1.150 -8.7670
1.160 -8.9970
1.170 -9.2221
1.180 -9.4385
1.190 -9.6430
1.200 -9.8318
1.210 -9.9997
1.220 -10.1389
1.230 -10.2389
1.240 -10.2876
1.250 -10.2745
1.260 -10.1977
1.270 -10.0739
1.280 -9.9479
1.290 -9.8870
1.300 -9.9516
1.310 -10.1549
1.320 -10.4470
1.330 -10.7405
1.340 -10.9545
1.350 -11.0424
1.360 -10.9983
1.370 -10.8517
1.380 -10.6569
1.390 -10.4752
1.400 -10.3535
1.410 -10.3099
1.420 -10.3356
1.430 -10.4108
1.440 -10.5189
1.450 -10.6496
1.460 -10.7924
1.470 -10.9321
1.480 -11.0514
1.490 -11.1373
1.500 -11.1850
1.510 -11.1979
1.520 -11.1842
1.530 -11.1534
1.540 -11.1140
1.550 -11.0720
1.560 -11.0303
1.570 -10.9884
1.580 -10.9436
1.590 -10.8914
1.600 -10.8281
1.610 -10.7541
1.620 -10.6776
1.630 -10.6167
1.640 -10.5980
1.650 -10.6480
1.660 -10.7801
1.670 -10.9875
1.680 -11.2456
1.690 -11.5220
1.700 -11.7869
1.710 -12.0187
1.720 -12.2054
1.730 -12.3452
1.740 -12.4416
1.750 -12.4880
1.760 -12.4465
1.770 -12.2379
1.780 -11.7747
1.790 -11.0285
1.800 -10.0641
1.810 -8.9870
1.820 -7.9510
1.830 -7.3187
1.840 -7.5484
1.850 -8.6776
1.860 -10.1999
1.870 -11.5533
1.880 -12.4861
1.890 -13.0152
1.900 -13.2536
1.910 -13.3092
1.920 -13.2571
1.930 -13.1420
1.940 -12.9857
1.950 -12.7932
1.960 -12.5551
1.970 -12.2490
1.980 -11.8418
1.990 -11.2968
2.000 -10.5906
2.010 -9.7445
2.020 -8.8610
2.030 -8.1322
2.040 -7.7718
2.050 -7.8850
2.060 -8.3872
2.070 -9.0648
2.080 -9.7122
2.090 -10.2142
2.100 -10.5427
2.110 -10.7174
2.120 -10.7722
2.130 -10.7369
2.140 -10.6310
2.150 -10.4631
2.160 -10.2336
2.170 -9.9403
2.180 -9.5883
2.190 -9.2030
2.200 -8.8388
2.210 -8.5696
2.220 -8.4543
2.230 -8.4984
2.240 -8.6500
2.250 -8.8333
2.260 -8.9879
2.270 -9.0842
2.280 -9.1179
2.290 -9.0991
2.300 -9.0425
2.310 -8.9635
2.320 -8.8761
2.330 -8.7926
2.340 -8.7228
2.350 -8.6734
2.360 -8.6478
2.370 -8.6455
2.380 -8.6634
2.390 -8.6967
2.400 -8.7407
2.410 -8.7915
2.420 -8.8468
2.430 -8.9055
2.440 -8.9672
2.450 -9.0321
2.460 -9.0996
2.470 -9.1681
2.480 -9.2339
2.490 -9.2898
2.500 -9.3242
2.510 -9.3190
2.520 -9.2494
2.530 -9.0883
2.540 -8.8184
2.550 -8.4572
2.560 -8.0860
2.570 -7.8440
2.580 -7.8501
2.590 -8.1030
2.600 -8.4770
2.610 -8.8202
2.620 -9.0412
2.630 -9.1223
2.640 -9.0939
2.650 -9.0075
2.660 -8.9148
2.670 -8.8527
2.680 -8.8332
2.690 -8.8415
2.700 -8.8478
2.710 -8.8264
2.720 -8.7735
2.730 -8.7125
2.740 -8.6803
2.750 -8.7001
2.760 -8.7617
2.770 -8.8260
2.780 -8.8500
2.790 -8.8136
2.800 -8.7295
2.810 -8.6368
2.820 -8.5793
2.830 -8.5820
2.840 -8.6405
2.850 -8.7288
2.860 -8.8177
2.870 -8.8877
2.880 -8.9330
2.890 -8.9565
2.900 -8.9646
2.910 -8.9615
2.920 -8.9453
2.930 -8.9040
2.940 -8.8120
2.950 -8.6290
2.960 -8.3060
2.970 -7.8137
2.980 -7.2022
2.990 -6.6574
3.000 -6.4373
3.010 -6.6511
3.020 -7.1363
3.030 -7.6242
3.040 -7.9463
3.050 -8.0728
3.060 -8.0538
3.070 -7.9668
3.080 -7.8874
3.090 -7.8708
3.100 -7.9396
3.110 -8.0829
3.120 -8.2692
3.130 -8.4645
3.140 -8.6451
3.150 -8.8003
3.160 -8.9294
3.170 -9.0369
3.180 -9.1254
3.190 -9.1904
3.200 -9.2163
3.210 -9.1757
3.220 -9.0366
3.230 -8.7806
3.240 -8.4286
3.250 -8.0573
3.260 -7.7809
3.270 -7.6890
3.280 -7.7879
3.290 -8.0022
3.300 -8.2342
3.310 -8.4249
3.320 -8.5732
3.330 -8.7094
3.340 -8.8562
3.350 -9.0092
3.360 -9.1455
3.370 -9.2425
3.380 -9.2901
3.390 -9.2909
3.400 -9.2552
3.410 -9.1954
3.420 -9.1227
3.430 -9.0461
3.440 -8.9718
3.450 -8.9038
3.460 -8.8447
3.470 -8.7954
3.480 -8.7561
3.490 -8.7263
3.500 -8.7051
3.510 -8.6912
3.520 -8.6833
3.530 -8.6800
3.540 -8.6799
3.550 -8.6820
3.560 -8.6856
3.570 -8.6903
3.580 -8.6968
3.590 -8.7067
3.600 -8.7220
3.610 -8.7461
3.620 -8.7821
3.630 -8.8331
3.640 -8.9008
3.650 -8.9853
3.660 -9.0854
3.670 -9.1987
3.680 -9.3225
3.690 -9.4544
3.700 -9.5923
3.710 -9.7346
3.720 -9.8808
3.730 -10.0304
3.740 -10.1827
3.750 -10.3363
3.760 -10.4883
3.770 -10.6330
3.780 -10.7613
3.790 -10.8585
3.800 -10.9032
3.810 -10.8665
3.820 -10.7153
3.830 -10.4202
3.840 -9.9752
3.850 -9.4283
3.860 -8.9077
3.870 -8.6024
3.880 -8.6586
3.890 -9.0618
3.900 -9.6438
3.910 -10.2131
3.920 -10.6569
3.930 -10.9476
3.940 -11.1061
3.950 -11.1677
3.960 -11.1651
3.970 -11.1229
3.980 -11.0579
3.990 -10.9805
4.000 -10.8963
4.010 -10.8078
4.020 -10.7160
4.030 -10.6214
4.040 -10.5253
4.050 -10.4298
4.060 -10.3383
4.070 -10.2551
4.080 -10.1843
4.090 -10.1283
4.100 -10.0870
4.110 -10.0578
4.120 -10.0362
4.130 -10.0171
4.140 -9.9977
4.150 -9.9779
4.160 -9.9602
4.170 -9.9491
4.180 -9.9479
4.190 -9.9577
4.200 -9.9757
4.210 -9.9962
4.220 -10.0119
4.230 -10.0166
4.240 -10.0061
4.250 -9.9796
4.260 -9.9399
4.270 -9.8928
4.280 -9.8456
4.290 -9.8065
4.300 -9.7819
4.310 -9.7763
4.320 -9.7903
4.330 -9.8207
4.340 -9.8612
4.350 -9.9032
4.360 -9.9362
4.370 -9.9488
4.380 -9.9294
4.390 -9.8670
4.400 -9.7532
4.410 -9.5875
4.420 -9.3836
4.430 -9.1748
4.440 -9.0115
4.450 -8.9436
4.460 -8.9955
4.470 -9.1509
4.480 -9.3623
4.490 -9.5750
4.500 -9.7433
4.510 -9.8341
4.520 -9.8219
4.530 -9.6840
4.540 -9.4065
4.550 -9.0076
4.560 -8.5692
4.570 -8.2413
4.580 -8.1681
4.590 -8.3758
4.600 -8.7507
4.610 -9.1394
4.620 -9.4443
4.630 -9.6398
4.640 -9.7424
4.650 -9.7813
4.660 -9.7832
4.670 -9.7681
4.680 -9.7492
4.690 -9.7345
4.700 -9.7288
4.710 -9.7348
4.720 -9.7532
4.730 -9.7840
4.740 -9.8270
4.750 -9.8817
4.760 -9.9478
4.770 -10.0248
4.780 -10.1124
4.790 -10.2102
4.800 -10.3183
4.810 -10.4362
4.820 -10.5637
4.830 -10.6998
4.840 -10.8430
4.850 -10.9900
4.860 -11.1349
4.870 -11.2675
4.880 -11.3719
4.890 -11.4247
4.900 -11.3944
4.910 -11.2491
4.920 -10.9759
4.930 -10.6163
4.940 -10.2917
4.950 -10.1619
4.960 -10.2972
4.970 -10.5944
4.980 -10.8489
4.990 -10.8890
5.000 -10.6291
5.010 -10.0375
5.020 -9.1095
5.030 -7.9678
5.040 -7.1045
5.050 -7.2506
5.060 -8.5032
5.070 -10.1186
5.080 -11.4327
5.090 -12.2770
5.100 -12.7454
5.110 -12.9718
5.120 -13.0570
5.130 -13.0648
5.140 -13.0312
5.150 -12.9731
5.160 -12.8925
5.170 -12.7789
5.180 -12.6114
5.190 -12.3636
5.200 -12.0147
5.210 -11.5645
5.220 -11.0422
5.230 -10.4907
5.240 -9.9455
5.250 -9.4751
5.260 -9.2565
5.270 -9.4677
5.280 -9.9852
5.290 -10.3501
5.300 -10.1061
5.310 -9.1767
5.320 -8.1855
5.330 -8.1674
5.340 -9.2818
5.350 -10.6504
5.360 -11.6094
5.370 -12.0669
5.380 -12.1318
5.390 -11.8542
5.400 -11.1554
5.410 -9.8827
5.420 -8.1136
5.430 -6.6837
5.440 -6.7810
5.450 -8.2266
5.460 -9.7771
5.470 -10.7826
5.480 -11.2773
5.490 -11.4626
5.500 -11.4831
5.510 -11.4011
5.520 -11.2124
5.530 -10.8586
5.540 -10.2471
5.550 -9.3183
5.560 -8.2128
5.570 -7.4111
5.580 -7.4269
5.590 -8.1817
5.600 -9.1096
5.610 -9.7965
5.620 -10.1639
5.630 -10.2953
5.640 -10.2948
5.650 -10.2399
5.660 -10.1787
5.670 -10.1372
5.680 -10.1261
5.690 -10.1464
5.700 -10.1938
5.710 -10.2613
5.720 -10.3421
5.730 -10.4311
5.740 -10.5249
5.750 -10.6221
5.760 -10.7229
5.770 -10.8284
5.780 -10.9397
5.790 -11.0578
5.800 -11.1828
5.810 -11.3133
5.820 -11.4454
5.830 -11.5719
5.840 -11.6818
5.850 -11.7592
5.860 -11.7858
5.870 -11.7453
5.880 -11.6352
5.890 -11.4829
5.900 -11.3547
5.910 -11.3362
5.920 -11.4805
5.930 -11.7599
5.940 -12.0671
5.950 -12.2477
5.960 -12.1066
5.970 -11.3711
5.980 -9.7027
5.990 -7.1151
6.000 -5.1149
6.010 -6.0441
6.020 -9.0930
6.030 -11.7442
6.040 -13.1632
6.050 -13.5756
6.060 -13.3147
6.070 -12.6359
6.080 -11.7848
6.090 -11.0454
6.100 -10.6744
6.110 -10.7579
6.120 -11.1592
6.130 -11.6389
6.140 -12.0102
6.150 -12.1945
6.160 -12.1941
6.170 -12.0487
6.180 -11.8079
6.190 -11.5211
6.200 -11.2346
6.210 -10.9877
6.220 -10.8070
6.230 -10.7010
6.240 -10.6599
6.250 -10.6619
6.260 -10.6834
6.270 -10.7054
6.280 -10.7161
6.290 -10.7095
6.300 -10.6832
6.310 -10.6363
6.320 -10.5680
6.330 -10.4774
6.340 -10.3651
6.350 -10.2350
6.360 -10.0972
6.370 -9.9699
6.380 -9.8772
6.390 -9.8428
6.400 -9.8807
6.410 -9.9883
6.420 -10.1481
6.430 -10.3355
6.440 -10.5288
6.450 -10.7140
6.460 -10.8852
6.470 -11.0429
6.480 -11.1912
6.490 -11.3351
6.500 -11.4788
6.510 -11.6247
6.520 -11.7725
6.530 -11.9180
6.540 -12.0523
6.550 -12.1597
6.560 -12.2163
6.570 -12.1897
6.580 -12.0426
6.590 -11.7446
6.600 -11.2934
6.610 -10.7375
6.620 -10.1774
6.630 -9.7364
6.640 -9.5298
6.650 -9.6382
6.660 -10.0474
6.670 -10.6156
6.680 -11.1554
6.690 -11.5482
6.700 -11.7735
6.710 -11.8693
6.720 -11.8888
6.730 -11.8757
6.740 -11.8574
6.750 -11.8465
6.760 -11.8454
6.770 -11.8514
6.780 -11.8595
6.790 -11.8659
6.800 -11.8680
6.810 -11.8646
6.820 -11.8553
6.830 -11.8397
6.840 -11.8173
6.850 -11.7863
6.860 -11.7439
6.870 -11.6864
6.880 -11.6099
6.890 -11.5122
6.900 -11.3954
6.910 -11.2688
6.920 -11.1510
6.930 -11.0673
6.940 -11.0427
6.950 -11.0908
6.960 -11.2073
6.970 -11.3727
6.980 -11.5606
6.990 -11.7471
7.000 -11.9157
7.010 -12.0565
7.020 -12.1631
7.030 -12.2272
7.040 -12.2357
7.050 -12.1681
7.060 -11.9991
7.070 -11.7107
7.080 -11.3190
7.090 -10.9076
7.100 -10.6283
7.110 -10.6217
7.120 -10.9028
7.130 -11.3471
7.140 -11.7957
7.150 -12.1490
7.160 -12.3796
7.170 -12.5008
7.180 -12.5377
7.190 -12.5120
7.200 -12.4377
7.210 -12.3218
7.220 -12.1662
7.230 -11.9714
7.240 -11.7411
7.250 -11.4882
7.260 -11.2404
7.270 -11.0382
7.280 -10.9225
7.290 -10.9127
7.300 -10.9923
7.310 -11.1154
7.320 -11.2309
7.330 -11.3060
7.340 -11.3352
7.350 -11.3366
7.360 -11.3394
7.370 -11.3696
7.380 -11.4388
7.390 -11.5413
7.400 -11.6597
7.410 -11.7729
7.420 -11.8614
7.430 -11.9089
7.440 -11.9013
7.450 -11.8256
7.460 -11.6743
7.470 -11.4540
7.480 -11.1956
7.490 -10.9494
7.500 -10.7522
7.510 -10.5784
7.520 -10.3349
7.530 -9.9470
7.540 -9.4878
7.550 -9.1833
7.560 -9.1750
7.570 -9.3228
7.580 -9.4004
7.590 -9.4047
7.600 -9.5429
7.610 -9.9475
7.620 -10.5162
7.630 -11.0490
7.640 -11.4251
7.650 -11.6309
7.660 -11.7047
7.670 -11.6879
7.680 -11.6020
7.690 -11.4392
7.700 -11.1586
7.710 -10.6908
7.720 -9.9727
7.730 -9.0503
7.740 -8.2155
7.750 -7.9309
7.760 -8.3752
7.770 -9.2045
7.780 -9.9469
7.790 -10.3632
7.800 -10.4207
7.810 -10.1672
7.820 -9.6870
7.830 -9.1260
7.840 -8.6982
7.850 -8.5875
7.860 -8.8055
7.870 -9.1933
7.880 -9.5688
7.890 -9.8340
7.900 -9.9749
7.910 -10.0174
7.920 -9.9951
7.930 -9.9358
7.940 -9.8594
7.950 -9.7791
7.960 -9.7041
7.970 -9.6408
7.980 -9.5940
7.990 -9.5672
8.000 -9.5626
8.010 -9.5809
8.020 -9.6210
8.030 -9.6807
8.040 -9.7560
8.050 -9.8413
8.060 -9.9297
8.070 -10.0126
8.080 -10.0796
8.090 -10.1178
8.100 -10.1125
8.110 -10.0490
8.120 -9.9177
8.130 -9.7235
8.140 -9.4965
8.150 -9.2963
8.160 -9.1975
8.170 -9.2540
8.180 -9.4673
8.190 -9.7878
8.200 -10.1480
8.210 -10.4930
8.220 -10.7939
8.230 -11.0428
8.240 -11.2440
8.250 -11.4064
8.260 -11.5387
8.270 -11.6478
8.280 -11.7382
8.290 -11.8128
8.300 -11.8737
8.310 -11.9238
8.320 -11.9674
8.330 -12.0100
8.340 -12.0582
8.350 -12.1168
8.360 -12.1873
8.370 -12.2649
8.380 -12.3380
8.390 -12.3897
8.400 -12.4034
8.410 -12.3710
8.420 -12.3020
8.430 -12.2272
8.440 -12.1878
8.450 -12.2131
8.460 -12.3006
8.470 -12.4223
8.480 -12.5495
8.490 -12.6742
8.500 -12.8064
8.510 -12.9550
8.520 -13.1178
8.530 -13.2852
8.540 -13.4503
8.550 -13.5986
8.560 -13.6736
8.570 -13.5239
8.580 -12.8791
8.590 -11.5020
8.600 -9.7940
8.610 -9.2588
8.620 -10.7161
8.630 -12.8509
8.640 -14.4079
8.650 -15.2293
8.660 -15.5592
8.670 -15.5911
8.680 -15.3884
8.690 -14.9052
8.700 -14.0380
8.710 -12.7620
8.720 -11.3730
8.730 -10.4971
8.740 -10.4882
8.750 -11.0955
8.760 -11.9935
8.770 -13.0004
8.780 -13.9072
8.790 -14.5416
8.800 -14.8802
8.810 -15.0109
8.820 -15.0411
8.830 -15.0407
8.840 -15.0329
8.850 -15.0145
8.860 -14.9818
8.870 -14.9366
8.880 -14.8705
8.890 -14.7449
8.900 -14.4882
8.910 -14.0194
8.920 -13.3020
8.930 -12.4198
8.940 -11.6064
8.950 -11.0956
8.960 -10.8736
8.970 -10.7199
8.980 -10.5613
8.990 -10.6234
9.000 -11.1121
9.010 -11.8676
9.020 -12.5275
9.030 -12.8960
9.040 -13.0494
9.050 -13.1816
9.060 -13.3801
9.070 -13.5461
9.080 -13.5256
9.090 -13.2634
9.100 -12.8212
9.110 -12.3133
9.120 -11.8641
9.130 -11.5749
9.140 -11.4622
9.150 -11.4771
9.160 -11.6137
9.170 -11.8982
9.180 -12.2735
9.190 -12.6027
9.200 -12.7770
9.210 -12.7697
9.220 -12.6110
9.230 -12.3485
9.240 -12.0245
9.250 -11.6705
9.260 -11.3091
9.270 -10.9575
9.280 -10.6298
9.290 -10.3365
9.300 -10.0817
9.310 -9.8604
9.320 -9.6577
9.330 -9.4521
9.340 -9.2235
9.350 -8.9628
9.360 -8.6814
9.370 -8.4138
9.380 -8.2076
9.390 -8.0994
9.400 -8.0935
9.410 -8.1599
9.420 -8.2523
9.430 -8.3313
9.440 -8.3754
9.450 -8.3799
9.460 -8.3504
9.470 -8.2968
9.480 -8.2290
9.490 -8.1556
9.500 -8.0833
9.510 -8.0171
9.520 -7.9601
9.530 -7.9148
9.540 -7.8827
9.550 -7.8651
9.560 -7.8628
9.570 -7.8766
9.580 -7.9068
9.590 -7.9539
9.600 -8.0185
9.610 -8.1012
9.620 -8.2024
9.630 -8.3226
9.640 -8.4623
9.650 -8.6219
9.660 -8.8017
9.670 -9.0013
9.680 -9.2195
9.690 -9.4547
9.700 -9.7031
9.710 -9.9589
9.720 -10.2124
9.730 -10.4490
9.740 -10.6482
9.750 -10.7818
9.760 -10.8165
9.770 -10.7192
9.780 -10.4713
9.790 -10.0901
9.800 -9.6450
9.810 -9.2462
9.820 -8.9940
9.830 -8.9249
9.840 -9.0123
9.850 -9.2147
9.860 -9.5066
9.870 -9.8652
9.880 -10.2545
9.890 -10.6338
9.900 -10.9709
9.910 -11.2414
9.920 -11.4220
9.930 -11.4901
9.940 -11.4295
9.950 -11.2394
9.960 -10.9459
9.970 -10.6122
9.980 -10.3321
9.990 -10.1941
