0.000 45.0000
0.010 45.0003
0.020 45.0013
0.030 45.0030
0.040 45.0054
0.050 45.0085
0.060 45.0123
0.070 45.0168
0.080 45.0220
0.090 45.0279
0.100 45.0346
0.110 45.0419
0.120 45.0500
0.130 45.0589
0.140 45.0686
0.150 45.0792
0.160 45.0906
0.170 45.1029
0.180 45.1162
0.190 45.1307
0.200 45.1464
0.210 45.1632
0.220 45.1810
0.230 45.2000
0.240 45.2201
0.250 45.2414
0.260 45.2643
0.270 45.2888
0.280 45.3147
0.290 45.3423
0.300 45.3716
0.310 45.4027
0.320 45.4358
0.330 45.4711
0.340 45.5087
0.350 45.5491
0.360 45.5922
0.370 45.6383
0.380 45.6876
0.390 45.7404
0.400 45.7973
0.410 45.8585
0.420 45.9244
0.430 45.9959
0.440 46.0733
0.450 46.1573
0.460 46.2483
0.470 46.3470
0.480 46.4540
0.490 46.5696
0.500 46.6942
0.510 46.8272
0.520 46.9676
0.530 47.1124
0.540 47.2565
0.550 47.3905
0.560 47.4990
0.570 47.5582
0.580 47.5359
0.590 47.3976
0.600 47.1256
0.610 46.7590
0.620 46.4277
0.630 46.3192
0.640 46.5491
0.650 47.0561
0.660 47.6588
0.670 48.1981
0.680 48.6052
0.690 48.8813
0.700 49.0555
0.710 49.1570
0.720 49.2056
0.730 49.2100
0.740 49.1695
0.750 49.0780
0.760 48.9299
0.770 48.7290
0.780 48.5000
0.790 48.2928
0.800 48.1720
0.810 48.1858
0.820 48.3355
0.830 48.5754
0.840 48.8411
0.850 49.0814
0.860 49.2714
0.870 49.4077
0.880 49.4995
0.890 49.5596
0.900 49.6001
0.910 49.6310
0.920 49.6595
0.930 49.6907
0.940 49.7282
0.950 49.7742
0.960 49.8299
0.970 49.8958
0.980 49.9715
0.990 50.0564
1.000 50.1488
1.010 50.2468
1.020 50.3483
1.030 50.4509
1.040 50.5527
1.050 50.6529
1.060 50.7520
1.070 50.8529
1.080 50.9606
1.090 51.0813
1.100 51.2212
1.110 51.3844
1.120 51.5714
1.130 51.7790
1.140 52.0009
1.150 52.2299
1.160 52.4595
1.170 52.6843
1.180 52.9004
1.190 53.1046
1.200 53.2931
1.210 53.4603
1.220 53.5986
1.230 53.6976
1.240 53.7452
1.250 53.7315
1.260 53.6552
1.270 53.5339
1.280 53.4120
1.290 53.3550
1.300 53.4204
1.310 53.6202
1.320 53.9063
1.330 54.1945
1.340 54.4056
1.350 54.4934
1.360 54.4515
1.370 54.3089
1.380 54.1184
1.390 53.9400
1.400 53.8194
1.410 53.7750
1.420 53.7992
1.430 53.8733
1.440 53.9808
1.450 54.1111
1.460 54.2531
1.470 54.3920
1.480 54.5107
1.490 54.5966
1.500 54.6449
1.510 54.6586
1.520 54.6457
1.530 54.6156
1.540 54.5767
1.550 54.5350
1.560 54.4932
1.570 54.4511
1.580 54.4059
1.590 54.3532
1.600 54.2898
1.610 54.2161
1.620 54.1405
1.630 54.0813
1.640 54.0643
1.650 54.1151
1.660 54.2466
1.670 54.4522
1.680 54.7080
1.690 54.9822
1.700 55.2454
1.710 55.4760
1.720 55.6621
1.730 55.8015
1.740 55.8967
1.750 55.9395
1.760 55.8908
1.770 55.6736
1.780 55.2050
1.790 54.4595
1.800 53.4973
1.810 52.4236
1.820 51.4073
1.830 50.8071
1.840 51.0418
1.850 52.1386
1.860 53.6277
1.870 54.9712
1.880 55.9115
1.890 56.4525
1.900 56.7007
1.910 56.7628
1.920 56.7146
1.930 56.6014
1.940 56.4456
1.950 56.2524
1.960 56.0126
1.970 55.7038
1.980 55.2932
1.990 54.7452
2.000 54.0388
2.010 53.1978
2.020 52.3259
2.030 51.6109
2.040 51.2575
2.050 51.3649
2.060 51.8530
2.070 52.5180
2.080 53.1595
2.090 53.6615
2.100 53.9928
2.110 54.1707
2.120 54.2281
2.130 54.1944
2.140 54.0892
2.150 53.9212
2.160 53.6913
2.170 53.3978
2.180 53.0470
2.190 52.6648
2.200 52.3053
2.210 52.0401
2.220 51.9251
2.230 51.9657
2.240 52.1123
2.250 52.2920
2.260 52.4451
2.270 52.5417
2.280 52.5766
2.290 52.5591
2.300 52.5037
2.310 52.4258
2.320 52.3394
2.330 52.2566
2.340 52.1873
2.350 52.1383
2.360 52.1126
2.370 52.1101
2.380 52.1277
2.390 52.1607
2.400 52.2044
2.410 52.2551
2.420 52.3103
2.430 52.3690
2.440 52.4308
2.450 52.4955
2.460 52.5629
2.470 52.6311
2.480 52.6963
2.490 52.7513
2.500 52.7842
2.510 52.7768
2.520 52.7047
2.530 52.5415
2.540 52.2713
2.550 51.9142
2.560 51.5516
2.570 51.3174
2.580 51.3233
2.590 51.5677
2.600 51.9319
2.610 52.2701
2.620 52.4911
2.630 52.5752
2.640 52.5510
2.650 52.4685
2.660 52.3786
2.670 52.3174
2.680 52.2967
2.690 52.3027
2.700 52.3068
2.710 52.2848
2.720 52.2332
2.730 52.1746
2.740 52.1439
2.750 52.1631
2.760 52.2221
2.770 52.2836
2.780 52.3067
2.790 52.2716
2.800 52.1907
2.810 52.1014
2.820 52.0459
2.830 52.0485
2.840 52.1052
2.850 52.1916
2.860 52.2792
2.870 52.3490
2.880 52.3946
2.890 52.4186
2.900 52.4271
2.910 52.4239
2.920 52.4067
2.930 52.3634
2.940 52.2681
2.950 52.0806
2.960 51.7538
2.970 51.2627
2.980 50.6621
2.990 50.1347
3.000 49.9223
3.010 50.1244
3.020 50.5916
3.030 51.0698
3.040 51.3919
3.050 51.5231
3.060 51.5101
3.070 51.4286
3.080 51.3531
3.090 51.3382
3.100 51.4063
3.110 51.5475
3.120 51.7316
3.130 51.9255
3.140 52.1056
3.150 52.2609
3.160 52.3904
3.170 52.4980
3.180 52.5859
3.190 52.6496
3.200 52.6732
3.210 52.6298
3.220 52.4887
3.230 52.2335
3.240 51.8863
3.250 51.5228
3.260 51.2525
3.270 51.1605
3.280 51.2536
3.290 51.4607
3.300 51.6887
3.310 51.8799
3.320 52.0311
3.330 52.1696
3.340 52.3167
3.350 52.4687
3.360 52.6040
3.370 52.7008
3.380 52.7491
3.390 52.7509
3.400 52.7164
3.410 52.6575
3.420 52.5856
3.430 52.5095
3.440 52.4355
3.450 52.3677
3.460 52.3087
3.470 52.2594
3.480 52.2201
3.490 52.1903
3.500 52.1690
3.510 52.1550
3.520 52.1470
3.530 52.1436
3.540 52.1434
3.550 52.1455
3.560 52.1490
3.570 52.1538
3.580 52.1605
3.590 52.1705
3.600 52.1861
3.610 52.2104
3.620 52.2467
3.630 52.2978
3.640 52.3656
3.650 52.4500
3.660 52.5499
3.670 52.6630
3.680 52.7867
3.690 52.9184
3.700 53.0561
3.710 53.1984
3.720 53.3445
3.730 53.4941
3.740 53.6463
3.750 53.7996
3.760 53.9511
3.770 54.0951
3.780 54.2222
3.790 54.3177
3.800 54.3599
3.810 54.3203
3.820 54.1661
3.830 53.8693
3.840 53.4259
3.850 52.8861
3.860 52.3776
3.870 52.0822
3.880 52.1375
3.890 52.5294
3.900 53.0994
3.910 53.6628
3.920 54.1064
3.930 54.3999
3.940 54.5617
3.950 54.6260
3.960 54.6254
3.970 54.5846
3.980 54.5204
3.990 54.4434
4.000 54.3594
4.010 54.2710
4.020 54.1791
4.030 54.0846
4.040 53.9886
4.050 53.8932
4.060 53.8020
4.070 53.7190
4.080 53.6483
4.090 53.5923
4.100 53.5508
4.110 53.5213
4.120 53.4993
4.130 53.4801
4.140 53.4608
4.150 53.4412
4.160 53.4239
4.170 53.4130
4.180 53.4119
4.190 53.4216
4.200 53.4392
4.210 53.4592
4.220 53.4745
4.230 53.4789
4.240 53.4683
4.250 53.4421
4.260 53.4028
4.270 53.3561
4.280 53.3096
4.290 53.2708
4.300 53.2466
4.310 53.2410
4.320 53.2548
4.330 53.2847
4.340 53.3246
4.350 53.3658
4.360 53.3980
4.370 53.4097
4.380 53.3895
4.390 53.3263
4.400 53.2122
4.410 53.0472
4.420 52.8452
4.430 52.6396
4.440 52.4797
4.450 52.4135
4.460 52.4642
4.470 52.6163
4.480 52.8241
4.490 53.0339
4.500 53.2000
4.510 53.2891
4.520 53.2750
4.530 53.1353
4.540 52.8580
4.550 52.4636
4.560 52.0349
4.570 51.7169
4.580 51.6457
4.590 51.8454
4.600 52.2102
4.610 52.5934
4.620 52.8978
4.630 53.0954
4.640 53.2007
4.650 53.2418
4.660 53.2454
4.670 53.2314
4.680 53.2131
4.690 53.1988
4.700 53.1932
4.710 53.1992
4.720 53.2176
4.730 53.2483
4.740 53.2913
4.750 53.3460
4.760 53.4121
4.770 53.4891
4.780 53.5766
4.790 53.6745
4.800 53.7825
4.810 53.9004
4.820 54.0278
4.830 54.1638
4.840 54.3068
4.850 54.4533
4.860 54.5974
4.870 54.7287
4.880 54.8311
4.890 54.8811
4.900 54.8477
4.910 54.7001
4.920 54.4279
4.930 54.0749
4.940 53.7605
4.950 53.6351
4.960 53.7630
4.970 54.0461
4.980 54.2892
4.990 54.3233
5.000 54.0597
5.010 53.4637
5.020 52.5364
5.030 51.4203
5.040 50.6064
5.050 50.7605
5.060 51.9618
5.070 53.5389
5.080 54.8509
5.090 55.7078
5.100 56.1886
5.110 56.4236
5.120 56.5140
5.130 56.5246
5.140 56.4924
5.150 56.4345
5.160 56.3530
5.170 56.2376
5.180 56.0677
5.190 55.8175
5.200 55.4674
5.210 55.0177
5.220 54.4965
5.230 53.9447
5.240 53.4005
5.250 52.9393
5.260 52.7326
5.270 52.9350
5.280 53.4194
5.290 53.7506
5.300 53.4955
5.310 52.6019
5.320 51.6840
5.330 51.6785
5.340 52.7316
5.350 54.0641
5.360 55.0271
5.370 55.4976
5.380 55.5675
5.390 55.2828
5.400 54.5672
5.410 53.2865
5.420 51.5616
5.430 50.2155
5.440 50.2993
5.450 51.6603
5.460 53.1808
5.470 54.2008
5.480 54.7151
5.490 54.9126
5.500 54.9381
5.510 54.8556
5.520 54.6619
5.530 54.2994
5.540 53.6793
5.550 52.7536
5.560 51.6762
5.570 50.9100
5.580 50.9203
5.590 51.6368
5.600 52.5419
5.610 53.2297
5.620 53.6067
5.630 53.7474
5.640 53.7532
5.650 53.7022
5.660 53.6431
5.670 53.6025
5.680 53.5915
5.690 53.6115
5.700 53.6583
5.710 53.7253
5.720 53.8058
5.730 53.8945
5.740 53.9883
5.750 54.0855
5.760 54.1864
5.770 54.2919
5.780 54.4033
5.790 54.5214
5.800 54.6464
5.810 54.7765
5.820 54.9080
5.830 55.0336
5.840 55.1421
5.850 55.2179
5.860 55.2428
5.870 55.2012
5.880 55.0920
5.890 54.9434
5.900 54.8204
5.910 54.8051
5.920 54.9471
5.930 55.2187
5.940 55.5148
5.950 55.6806
5.960 55.5168
5.970 54.7472
5.980 53.0541
5.990 50.5393
6.000 48.7093
6.010 49.5759
6.020 52.4593
6.030 55.0870
6.040 56.5403
6.050 56.9822
6.060 56.7400
6.070 56.0775
6.080 55.2451
6.090 54.5232
6.100 54.1583
6.110 54.2325
6.120 54.6182
6.130 55.0868
6.140 55.4547
6.150 55.6408
6.160 55.6443
6.170 55.5029
6.180 55.2658
6.190 54.9823
6.200 54.6986
6.210 54.4536
6.220 54.2736
6.230 54.1671
6.240 54.1246
6.250 54.1252
6.260 54.1456
6.270 54.1670
6.280 54.1774
6.290 54.1707
6.300 54.1445
6.310 54.0975
6.320 54.0291
6.330 53.9384
6.340 53.8263
6.350 53.6967
6.360 53.5601
6.370 53.4344
6.380 53.3432
6.390 53.3098
6.400 53.3476
6.410 53.4540
6.420 53.6121
6.430 53.7981
6.440 53.9906
6.450 54.1754
6.460 54.3467
6.470 54.5048
6.480 54.6536
6.490 54.7978
6.500 54.9417
6.510 55.0875
6.520 55.2349
6.530 55.3797
6.540 55.5127
6.550 55.6182
6.560 55.6720
6.570 55.6421
6.580 55.4919
6.590 55.1922
6.600 54.7426
6.610 54.1919
6.620 53.6386
6.630 53.2041
6.640 53.0027
6.650 53.1107
6.660 53.5110
6.670 54.0675
6.680 54.6011
6.690 54.9946
6.700 55.2241
6.710 55.3247
6.720 55.3479
6.730 55.3370
6.740 55.3198
6.750 55.3093
6.760 55.3082
6.770 55.3139
6.780 55.3219
6.790 55.3281
6.800 55.3302
6.810 55.3268
6.820 55.3174
6.830 55.3019
6.840 55.2793
6.850 55.2481
6.860 55.2053
6.870 55.1475
6.880 55.0707
6.890 54.9731
6.900 54.8567
6.910 54.7313
6.920 54.6151
6.930 54.5332
6.940 54.5095
6.950 54.5573
6.960 54.6725
6.970 54.8361
6.980 55.0224
6.990 55.2079
7.000 55.3759
7.010 55.5164
7.020 55.6223
7.030 55.6854
7.040 55.6921
7.050 55.6222
7.060 55.4510
7.070 55.1623
7.080 54.7748
7.090 54.3727
7.100 54.1027
7.110 54.0972
7.120 54.3699
7.130 54.8042
7.140 55.2474
7.150 55.6003
7.160 55.8329
7.170 55.9565
7.180 55.9953
7.190 55.9707
7.200 55.8970
7.210 55.7812
7.220 55.6254
7.230 55.4306
7.240 55.2008
7.250 54.9494
7.260 54.7039
7.270 54.5042
7.280 54.3897
7.290 54.3788
7.300 54.4553
7.310 54.5749
7.320 54.6884
7.330 54.7635
7.340 54.7942
7.350 54.7979
7.360 54.8027
7.370 54.8339
7.380 54.9027
7.390 55.0041
7.400 55.1212
7.410 55.2331
7.420 55.3205
7.430 55.3669
7.440 55.3581
7.450 55.2814
7.460 55.1298
7.470 54.9107
7.480 54.6549
7.490 54.4104
7.500 54.2102
7.510 54.0282
7.520 53.7769
7.530 53.3916
7.540 52.9472
7.550 52.6525
7.560 52.6327
7.570 52.7630
7.580 52.8406
7.590 52.8613
7.600 53.0108
7.610 53.4098
7.620 53.9669
7.630 54.4943
7.640 54.8721
7.650 55.0824
7.660 55.1600
7.670 55.1451
7.680 55.0586
7.690 54.8923
7.700 54.6053
7.710 54.1301
7.720 53.4103
7.730 52.5030
7.740 51.6984
7.750 51.4263
7.760 51.8465
7.770 52.6458
7.780 53.3765
7.790 53.7942
7.800 53.8565
7.810 53.6088
7.820 53.1378
7.830 52.5913
7.840 52.1766
7.850 52.0668
7.860 52.2736
7.870 52.6495
7.880 53.0196
7.890 53.2853
7.900 53.4291
7.910 53.4746
7.920 53.4546
7.930 53.3970
7.940 53.3216
7.950 53.2421
7.960 53.1676
7.970 53.1047
7.980 53.0582
7.990 53.0315
8.000 53.0270
8.010 53.0452
8.020 53.0851
8.030 53.1445
8.040 53.2193
8.050 53.3040
8.060 53.3918
8.070 53.4739
8.080 53.5398
8.090 53.5767
8.100 53.5701
8.110 53.5055
8.120 53.3739
8.130 53.1810
8.140 52.9574
8.150 52.7620
8.160 52.6667
8.170 52.7234
8.180 52.9334
8.190 53.2498
8.200 53.6068
8.210 53.9506
8.220 54.2515
8.230 54.5012
8.240 54.7033
8.250 54.8665
8.260 54.9994
8.270 55.1090
8.280 55.1996
8.290 55.2743
8.300 55.3354
8.310 55.3858
8.320 55.4297
8.330 55.4729
8.340 55.5214
8.350 55.5801
8.360 55.6501
8.370 55.7268
8.380 55.7985
8.390 55.8487
8.400 55.8614
8.410 55.8292
8.420 55.7620
8.430 55.6897
8.440 55.6520
8.450 55.6768
8.460 55.7621
8.470 55.8816
8.480 56.0082
8.490 56.1338
8.500 56.2667
8.510 56.4151
8.520 56.5771
8.530 56.7441
8.540 56.9080
8.550 57.0519
8.560 57.1149
8.570 56.9420
8.580 56.2692
8.590 54.8999
8.600 53.2887
8.610 52.8166
8.620 54.1766
8.630 56.2393
8.640 57.8044
8.650 58.6519
8.660 58.9983
8.670 59.0352
8.680 58.8280
8.690 58.3340
8.700 57.4583
8.710 56.1944
8.720 54.8446
8.730 53.9909
8.740 53.9605
8.750 54.5481
8.760 55.4404
8.770 56.4379
8.780 57.3373
8.790 57.9743
8.800 58.3221
8.810 58.4620
8.820 58.4979
8.830 58.4996
8.840 58.4918
8.850 58.4734
8.860 58.4410
8.870 58.3952
8.880 58.3261
8.890 58.1947
8.900 57.9308
8.910 57.4569
8.920 56.7421
8.930 55.8736
8.940 55.0755
8.950 54.5631
8.960 54.3243
8.970 54.1646
8.980 54.0221
8.990 54.0992
9.000 54.5759
9.010 55.3060
9.020 55.9537
9.030 56.3294
9.040 56.4977
9.050 56.6366
9.060 56.8278
9.070 56.9827
9.080 56.9584
9.090 56.7003
9.100 56.2652
9.110 55.7649
9.120 55.3222
9.130 55.0339
9.140 54.9176
9.150 54.9333
9.160 55.0744
9.170 55.3571
9.180 55.7248
9.190 56.0485
9.200 56.2232
9.210 56.2197
9.220 56.0654
9.230 55.8065
9.240 55.4851
9.250 55.1328
9.260 54.7725
9.270 54.4219
9.280 54.0949
9.290 53.8017
9.300 53.5465
9.310 53.3240
9.320 53.1197
9.330 52.9125
9.340 52.6829
9.350 52.4227
9.360 52.1434
9.370 51.8790
9.380 51.6752
9.390 51.5674
9.400 51.5596
9.410 51.6230
9.420 51.7130
9.430 51.7910
9.440 51.8351
9.450 51.8403
9.460 51.8117
9.470 51.7589
9.480 51.6918
9.490 51.6190
9.500 51.5471
9.510 51.4811
9.520 51.4244
9.530 51.3792
9.540 51.3472
9.550 51.3296
9.560 51.3274
9.570 51.3412
9.580 51.3714
9.590 51.4186
9.600 51.4833
9.610 51.5659
9.620 51.6671
9.630 51.7874
9.640 51.9271
9.650 52.0866
9.660 52.2663
9.670 52.4658
9.680 52.6839
9.690 52.9188
9.700 53.1668
9.710 53.4218
9.720 53.6741
9.730 53.9091
9.740 54.1059
9.750 54.2367
9.760 54.2683
9.770 54.1687
9.780 53.9209
9.790 53.5433
9.800 53.1049
9.810 52.7123
9.820 52.4618
9.830 52.3901
9.840 52.4743
9.850 52.6754
9.860 52.9663
9.870 53.3232
9.880 53.7105
9.890 54.0884
9.900 54.4247
9.910 54.6943
9.920 54.8739
9.930 54.9411
9.940 54.8804
9.950 54.6918
9.960 54.4021
9.970 54.0746
9.980 53.8005
9.990 53.6647
