0.0 45.0000
0.005 45.0000
0.01 45.0002
0.015 45.0006
0.02 45.0012
0.025 45.0020
0.03 45.0030
0.035 45.0041
0.04 45.0055
0.045 45.0071
0.05 45.0088
0.055 45.0108
0.06 45.0130
0.065 45.0154
0.07 45.0181
0.075 45.0209
0.08 45.0240
0.085 45.0274
0.09 45.0310
0.095 45.0348
0.1 45.0389
0.105 45.0433
0.11 45.0480
0.115 45.0529
0.12 45.0582
0.125 45.0637
0.13 45.0696
0.135 45.0758
0.14 45.0824
0.145 45.0894
0.15 45.0967
0.155 45.1044
0.16 45.1125
0.165 45.1211
0.17 45.1301
0.175 45.1395
0.18 45.1494
0.185 45.1598
0.19 45.1707
0.195 45.1822
0.2 45.1943
0.205 45.2070
0.21 45.2203
0.215 45.2343
0.22 45.2491
0.225 45.2646
0.23 45.2809
0.235 45.2980
0.24 45.3158
0.245 45.3346
0.25 45.3543
0.255 45.3750
0.26 45.3966
0.265 45.4195
0.27 45.4435
0.275 45.4687
0.28 45.4951
0.285 45.5231
0.29 45.5525
0.295 45.5834
0.3 45.6158
0.305 45.6498
0.31 45.6856
0.315 45.7231
0.32 45.7627
0.325 45.8042
0.33 45.8480
0.335 45.8942
0.34 45.9428
0.345 45.9941
0.35 46.0483
0.355 46.1054
0.36 46.1658
0.365 46.2295
0.37 46.2969
0.375 46.3681
0.38 46.4434
0.385 46.5230
0.39 46.6073
0.395 46.6964
0.4 46.7908
0.405 46.8907
0.41 46.9963
0.415 47.1081
0.42 47.2262
0.425 47.3510
0.43 47.4826
0.435 47.6212
0.44 47.7668
0.445 47.9192
0.45 48.0780
0.455 48.2427
0.46 48.4120
0.465 48.5840
0.47 48.7563
0.475 48.9250
0.48 49.0851
0.485 49.2297
0.49 49.3500
0.495 49.4348
0.5 49.4710
0.505 49.4446
0.51 49.3431
0.515 49.1603
0.52 48.9019
0.525 48.5929
0.53 48.2814
0.535 48.0337
0.54 47.9178
0.545 47.9778
0.55 48.2117
0.555 48.5681
0.56 48.9640
0.565 49.3149
0.57 49.5613
0.575 49.6848
0.58 49.7110
0.585 49.7002
0.59 49.7263
0.595 49.8496
0.6 50.0906
0.605 50.4220
0.61 50.7796
0.615 51.0872
0.62 51.2812
0.625 51.3259
0.63 51.2202
0.635 50.9961
0.64 50.7126
0.645 50.4450
0.65 50.2676
0.655 50.2365
0.66 50.3754
0.665 50.6732
0.67 51.0921
0.675 51.5812
0.68 52.0892
0.685 52.5714
0.69 52.9927
0.695 53.3264
0.7 53.5538
0.705 53.6632
0.71 53.6508
0.715 53.5217
0.72 53.2919
0.725 52.9875
0.73 52.6424
0.735 52.2912
0.74 51.9607
0.745 51.6637
0.75 51.3986
0.755 51.1573
0.76 50.9363
0.765 50.7464
0.77 50.6130
0.775 50.5674
0.78 50.6330
0.785 50.8138
0.79 51.0918
0.795 51.4339
0.8 51.8021
0.805 52.1629
0.81 52.4922
0.815 52.7760
0.82 53.0085
0.825 53.1893
0.83 53.3218
0.835 53.4110
0.84 53.4627
0.845 53.4827
0.85 53.4770
0.855 53.4507
0.86 53.4087
0.865 53.3550
0.87 53.2933
0.875 53.2265
0.88 53.1570
0.885 53.0871
0.89 53.0183
0.895 52.9517
0.9 52.8883
0.905 52.8286
0.91 52.7731
0.915 52.7219
0.92 52.6749
0.925 52.6317
0.93 52.5916
0.935 52.5536
0.94 52.5164
0.945 52.4783
0.95 52.4368
0.955 52.3891
0.96 52.3317
0.965 52.2601
0.97 52.1694
0.975 52.0541
0.98 51.9082
0.985 51.7269
0.99 51.5071
0.995 51.2492
1.0 50.9596
1.01 50.6525
1.01 50.3506
1.02 50.0837
1.02 49.8841
1.03 49.7790
1.03 49.7838
1.03 49.8966
1.04 50.0994
1.04 50.3631
1.05 50.6555
1.05 50.9479
1.06 51.2191
1.06 51.4564
1.07 51.6546
1.07 51.8138
1.08 51.9372
1.08 52.0299
1.09 52.0970
1.09 52.1437
1.1 52.1744
1.1 52.1925
1.11 52.2009
1.11 52.2015
1.12 52.1957
1.12 52.1844
1.13 52.1679
1.13 52.1463
1.14 52.1193
1.14 52.0868
1.15 52.0486
1.15 52.0047
1.16 51.9557
1.16 51.9023
1.17 51.8465
1.17 51.7907
1.18 51.7381
1.18 51.6927
1.19 51.6589
1.19 51.6408
1.2 51.6424
1.2 51.6661
1.21 51.7131
1.21 51.7831
1.22 51.8738
1.22 51.9818
1.23 52.1024
1.23 52.2308
1.24 52.3621
1.24 52.4916
1.25 52.6154
1.25 52.7304
1.26 52.8338
1.26 52.9237
1.27 52.9982
1.27 53.0560
1.28 53.0958
1.28 53.1164
1.29 53.1170
1.29 53.0967
1.3 53.0555
1.3 52.9939
1.31 52.9136
1.31 52.8177
1.32 52.7111
1.32 52.5998
1.33 52.4909
1.33 52.3912
1.34 52.3058
1.34 52.2370
1.35 52.1824
1.35 52.1347
1.36 52.0823
1.36 52.0103
1.37 51.9036
1.37 51.7503
1.38 51.5454
1.38 51.2954
1.39 51.0205
1.39 50.7546
1.4 50.5399
1.4 50.4162
1.41 50.4085
1.41 50.5174
1.42 50.7175
1.42 50.9655
1.43 51.2122
1.43 51.4139
1.44 51.5406
1.44 51.5780
1.45 51.5284
1.45 51.4087
1.46 51.2479
1.46 51.0835
1.47 50.9549
1.47 50.8956
1.48 50.9254
1.48 51.0464
1.49 51.2438
1.49 51.4916
1.5 51.7604
1.5 52.0240
1.51 52.2634
1.51 52.4677
1.52 52.6329
1.52 52.7598
1.53 52.8526
1.53 52.9167
1.54 52.9579
1.54 52.9814
1.55 52.9921
1.55 52.9940
1.56 52.9901
1.56 52.9828
1.57 52.9740
1.57 52.9648
1.58 52.9559
1.58 52.9475
1.59 52.9396
1.59 52.9314
1.6 52.9221
1.6 52.9104
1.61 52.8949
1.61 52.8734
1.62 52.8440
1.62 52.8044
1.63 52.7523
1.63 52.6858
1.64 52.6036
1.64 52.5053
1.65 52.3920
1.65 52.2666
1.66 52.1344
1.66 52.0023
1.67 51.8789
1.67 51.7732
1.68 51.6931
1.68 51.6436
1.69 51.6263
1.69 51.6384
1.7 51.6739
1.7 51.7245
1.71 51.7817
1.71 51.8385
1.72 51.8908
1.72 51.9376
1.73 51.9813
1.73 52.0263
1.74 52.0782
1.74 52.1424
1.75 52.2228
1.75 52.3211
1.76 52.4366
1.76 52.5665
1.77 52.7064
1.77 52.8514
1.78 52.9966
1.78 53.1377
1.79 53.2716
1.79 53.3963
1.8 53.5107
1.8 53.6146
1.81 53.7085
1.81 53.7932
1.82 53.8699
1.82 53.9395
1.83 54.0032
1.83 54.0618
1.84 54.1160
1.84 54.1661
1.85 54.2123
1.85 54.2543
1.86 54.2917
1.86 54.3234
1.87 54.3485
1.87 54.3652
1.88 54.3717
1.88 54.3657
1.89 54.3447
1.89 54.3057
1.9 54.2457
1.9 54.1617
1.91 54.0505
1.91 53.9096
1.92 53.7369
1.92 53.5319
1.93 53.2954
1.93 53.0306
1.94 52.7436
1.94 52.4433
1.95 52.1423
1.95 51.8557
1.96 51.6006
1.96 51.3941
1.97 51.2513
1.97 51.1832
1.98 51.1942
1.98 51.2826
1.99 51.4400
1.99 51.6532
2.0 51.9067
2.0 52.1840
2.01 52.4702
2.01 52.7522
2.02 53.0201
2.02 53.2666
2.03 53.4869
2.03 53.6788
2.04 53.8415
2.04 53.9755
2.05 54.0824
2.05 54.1643
2.06 54.2237
2.06 54.2630
2.07 54.2849
2.07 54.2920
2.08 54.2866
2.08 54.2710
2.09 54.2473
2.09 54.2173
2.1 54.1827
2.1 54.1451
2.11 54.1058
2.11 54.0661
2.12 54.0270
2.12 53.9895
2.13 53.9542
2.13 53.9219
2.14 53.8929
2.14 53.8674
2.15 53.8457
2.15 53.8276
2.16 53.8129
2.16 53.8014
2.17 53.7926
2.17 53.7861
2.18 53.7816
2.18 53.7786
2.19 53.7769
2.19 53.7763
2.2 53.7764
2.2 53.7774
2.21 53.7793
2.21 53.7823
2.22 53.7867
2.22 53.7928
2.23 53.8009
2.23 53.8114
2.24 53.8247
2.24 53.8410
2.25 53.8604
2.25 53.8831
2.26 53.9088
2.26 53.9373
2.27 53.9683
2.27 54.0013
2.28 54.0359
2.28 54.0716
2.29 54.1079
2.29 54.1442
2.3 54.1803
2.3 54.2155
2.31 54.2496
2.31 54.2822
2.32 54.3130
2.32 54.3418
2.33 54.3682
2.33 54.3920
2.34 54.4128
2.34 54.4304
2.35 54.4443
2.35 54.4545
2.36 54.4610
2.36 54.4638
2.37 54.4633
2.37 54.4604
2.38 54.4562
2.38 54.4521
2.39 54.4501
2.39 54.4524
2.4 54.4612
2.4 54.4789
2.41 54.5075
2.41 54.5483
2.42 54.6022
2.42 54.6691
2.43 54.7482
2.43 54.8378
2.44 54.9359
2.44 55.0397
2.45 55.1468
2.45 55.2544
2.46 55.3600
2.46 55.4617
2.47 55.5576
2.47 55.6464
2.48 55.7269
2.48 55.7982
2.49 55.8596
2.49 55.9106
2.5 55.9505
2.5 55.9790
2.51 55.9955
2.51 55.9995
2.52 55.9905
2.52 55.9679
2.53 55.9312
2.53 55.8803
2.54 55.8150
2.54 55.7358
2.55 55.6440
2.55 55.5411
2.56 55.4300
2.56 55.3144
2.57 55.1989
2.57 55.0888
2.58 54.9899
2.58 54.9081
2.59 54.8485
2.59 54.8151
2.6 54.8103
2.6 54.8345
2.61 54.8861
2.61 54.9618
2.62 55.0573
2.62 55.1674
2.63 55.2869
2.63 55.4110
2.64 55.5353
2.64 55.6565
2.65 55.7723
2.65 55.8809
2.66 55.9817
2.66 56.0743
2.67 56.1589
2.67 56.2363
2.68 56.3072
2.68 56.3727
2.69 56.4337
2.69 56.4913
2.7 56.5465
2.7 56.6002
2.71 56.6534
2.71 56.7067
2.72 56.7609
2.72 56.8164
2.73 56.8737
2.73 56.9332
2.74 56.9950
2.74 57.0594
2.75 57.1264
2.75 57.1958
2.76 57.2676
2.76 57.3415
2.77 57.4169
2.77 57.4932
2.78 57.5698
2.78 57.6456
2.79 57.7193
2.79 57.7895
2.8 57.8539
2.8 57.9100
2.81 57.9545
2.81 57.9829
2.82 57.9894
2.82 57.9663
2.83 57.9037
2.83 57.7890
2.84 57.6066
2.84 57.3382
2.85 56.9642
2.85 56.4664
2.86 55.8344
2.86 55.0739
2.87 54.2185
2.87 53.3390
2.88 52.5429
2.88 51.9572
2.89 51.6916
2.89 51.8001
2.9 52.2607
2.9 52.9879
2.91 53.8657
2.91 54.7827
2.92 55.6515
2.92 56.4142
2.93 57.0383
2.93 57.5090
2.94 57.8229
2.94 57.9835
2.95 57.9986
2.95 57.8799
2.96 57.6443
2.96 57.3158
2.97 56.9263
2.97 56.5154
2.98 56.1266
2.98 55.7993
2.99 55.5620
2.99 55.4257
3.0 55.3850
3.0 55.4231
3.01 55.5191
3.01 55.6544
3.02 55.8152
3.02 55.9918
3.03 56.1767
3.03 56.3627
3.04 56.5421
3.04 56.7077
3.05 56.8530
3.05 56.9732
3.06 57.0658
3.06 57.1307
3.07 57.1691
3.07 57.1837
3.08 57.1779
3.08 57.1554
3.09 57.1197
3.09 57.0740
3.1 57.0208
3.1 56.9620
3.11 56.8986
3.11 56.8306
3.12 56.7566
3.12 56.6740
3.13 56.5784
3.13 56.4637
3.14 56.3221
3.14 56.1445
3.15 55.9218
3.15 55.6467
3.16 55.3169
3.16 54.9392
3.17 54.5340
3.17 54.1375
3.18 53.7988
3.18 53.5702
3.19 53.4930
3.19 53.5821
3.2 53.8208
3.2 54.1669
3.21 54.5667
3.21 54.9703
3.22 55.3411
3.22 55.6580
3.23 55.9134
3.23 56.1090
3.24 56.2515
3.24 56.3496
3.25 56.4119
3.25 56.4460
3.26 56.4580
3.26 56.4525
3.27 56.4324
3.27 56.3992
3.28 56.3534
3.28 56.2941
3.29 56.2194
3.29 56.1268
3.3 56.0130
3.3 55.8743
3.31 55.7072
3.31 55.5085
3.32 55.2767
3.32 55.0124
3.33 54.7198
3.33 54.4071
3.34 54.0879
3.34 53.7804
3.35 53.5066
3.35 53.2895
3.36 53.1501
3.36 53.1029
3.37 53.1536
3.37 53.2973
3.38 53.5200
3.38 53.8009
3.39 54.1165
3.39 54.4442
3.4 54.7647
3.4 55.0636
3.41 55.3317
3.41 55.5642
3.42 55.7600
3.42 55.9203
3.43 56.0475
3.43 56.1450
3.44 56.2161
3.44 56.2637
3.45 56.2901
3.45 56.2968
3.46 56.2844
3.46 56.2524
3.47 56.1994
3.47 56.1226
3.48 56.0180
3.48 55.8810
3.49 55.7063
3.49 55.4890
3.5 55.2261
3.5 54.9188
3.51 54.5751
3.51 54.2124
3.52 53.8587
3.52 53.5499
3.53 53.3243
3.53 53.2125
3.54 53.2284
3.54 53.3648
3.55 53.5959
3.55 53.8858
3.56 54.1984
3.56 54.5044
3.57 54.7853
3.57 55.0320
3.58 55.2432
3.58 55.4216
3.59 55.5720
3.59 55.6990
3.6 55.8062
3.6 55.8962
3.61 55.9699
3.61 56.0273
3.62 56.0674
3.62 56.0890
3.63 56.0900
3.63 56.0687
3.64 56.0230
3.64 55.9513
3.65 55.8523
3.65 55.7258
3.66 55.5728
3.66 55.3964
3.67 55.2023
3.67 54.9986
3.68 54.7965
3.68 54.6089
3.69 54.4491
3.69 54.3290
3.7 54.2572
3.7 54.2370
3.71 54.2665
3.71 54.3389
3.72 54.4445
3.72 54.5722
3.73 54.7115
3.73 54.8536
3.74 54.9917
3.74 55.1215
3.75 55.2400
3.75 55.3462
3.76 55.4394
3.76 55.5199
3.77 55.5878
3.77 55.6435
3.78 55.6875
3.78 55.7199
3.79 55.7408
3.79 55.7502
3.8 55.7481
3.8 55.7345
3.81 55.7094
3.81 55.6730
3.82 55.6259
3.82 55.5691
3.83 55.5040
3.83 55.4329
3.84 55.3588
3.84 55.2854
3.85 55.2166
3.85 55.1567
3.86 55.1100
3.86 55.0797
3.87 55.0682
3.87 55.0762
3.88 55.1031
3.88 55.1464
3.89 55.2025
3.89 55.2669
3.9 55.3347
3.9 55.4008
3.91 55.4602
3.91 55.5083
3.92 55.5409
3.92 55.5541
3.93 55.5446
3.93 55.5092
3.94 55.4460
3.94 55.3537
3.95 55.2330
3.95 55.0872
3.96 54.9228
3.96 54.7503
3.97 54.5836
3.97 54.4395
3.98 54.3349
3.98 54.2839
3.99 54.2948
3.99 54.3683
4.0 54.4971
4.0 54.6678
4.01 54.8638
4.01 55.0682
4.02 55.2665
4.02 55.4474
4.03 55.6034
4.03 55.7298
4.04 55.8245
4.04 55.8865
4.05 55.9153
4.05 55.9106
4.06 55.8718
4.06 55.7984
4.07 55.6901
4.07 55.5475
4.08 55.3734
4.08 55.1735
4.09 54.9580
4.09 54.7417
4.1 54.5434
4.1 54.3838
4.11 54.2824
4.11 54.2528
4.12 54.3000
4.12 54.4189
4.13 54.5956
4.13 54.8112
4.14 55.0457
4.14 55.2811
4.15 55.5038
4.15 55.7049
4.16 55.8794
4.16 56.0258
4.17 56.1439
4.17 56.2344
4.18 56.2977
4.18 56.3335
4.19 56.3399
4.19 56.3137
4.2 56.2506
4.2 56.1455
4.21 55.9933
4.21 55.7908
4.22 55.5389
4.22 55.2452
4.23 54.9264
4.23 54.6096
4.24 54.3297
4.24 54.1238
4.25 54.0219
4.25 54.0380
4.26 54.1658
4.26 54.3813
4.27 54.6501
4.27 54.9372
4.28 55.2141
4.28 55.4620
4.29 55.6718
4.29 55.8420
4.3 55.9757
4.3 56.0783
4.31 56.1561
4.31 56.2146
4.32 56.2585
4.32 56.2913
4.33 56.3157
4.33 56.3335
4.34 56.3456
4.34 56.3526
4.35 56.3550
4.35 56.3530
4.36 56.3466
4.36 56.3362
4.37 56.3216
4.37 56.3031
4.38 56.2810
4.38 56.2556
4.39 56.2272
4.39 56.1961
4.4 56.1628
4.4 56.1276
4.41 56.0911
4.41 56.0536
4.42 56.0154
4.42 55.9771
4.43 55.9388
4.43 55.9008
4.44 55.8632
4.44 55.8259
4.45 55.7890
4.45 55.7523
4.46 55.7154
4.46 55.6782
4.47 55.6401
4.47 55.6006
4.48 55.5594
4.48 55.5159
4.49 55.4698
4.49 55.4205
4.5 55.3680
4.5 55.3121
4.51 55.2530
4.51 55.1911
4.52 55.1272
4.52 55.0623
4.53 54.9978
4.53 54.9353
4.54 54.8769
4.54 54.8250
4.55 54.7816
4.55 54.7491
4.56 54.7292
4.56 54.7234
4.57 54.7326
4.57 54.7570
4.58 54.7960
4.58 54.8483
4.59 54.9123
4.59 54.9859
4.6 55.0669
4.6 55.1529
4.61 55.2418
4.61 55.3313
4.62 55.4195
4.62 55.5041
4.63 55.5829
4.63 55.6528
4.64 55.7101
4.64 55.7494
4.65 55.7633
4.65 55.7412
4.66 55.6677
4.66 55.5220
4.67 55.2757
4.67 54.8934
4.68 54.3356
4.68 53.5686
4.69 52.5860
4.69 51.4417
4.7 50.2816
4.7 49.3397
4.71 48.8616
4.71 48.9780
4.72 49.6253
4.72 50.5884
4.73 51.6245
4.73 52.5605
4.74 53.3176
4.74 53.8865
4.75 54.2927
4.75 54.5718
4.76 54.7573
4.76 54.8759
4.77 54.9477
4.77 54.9870
4.78 55.0038
4.78 55.0054
4.79 54.9966
4.79 54.9812
4.8 54.9616
4.8 54.9395
4.81 54.9163
4.81 54.8927
4.82 54.8691
4.82 54.8458
4.83 54.8225
4.83 54.7992
4.84 54.7754
4.84 54.7508
4.85 54.7249
4.85 54.6975
4.86 54.6682
4.86 54.6371
4.87 54.6039
4.87 54.5686
4.88 54.5311
4.88 54.4909
4.89 54.4472
4.89 54.3984
4.9 54.3417
4.9 54.2735
4.91 54.1888
4.91 54.0823
4.92 53.9483
4.92 53.7831
4.93 53.5860
4.93 53.3620
4.94 53.1234
4.94 52.8897
4.95 52.6861
4.95 52.5381
4.96 52.4645
4.96 52.4713
4.97 52.5484
4.97 52.6723
4.98 52.8126
4.98 52.9393
4.99 53.0306
4.99 53.0762
5.0 53.0783
5.0 53.0496
5.01 53.0097
5.01 52.9796
5.02 52.9772
5.02 53.0129
5.03 53.0882
5.03 53.1962
5.04 53.3245
5.04 53.4588
5.05 53.5862
5.05 53.6972
5.06 53.7865
5.06 53.8524
5.07 53.8963
5.07 53.9213
5.08 53.9318
5.08 53.9318
5.09 53.9254
5.09 53.9160
5.1 53.9058
5.1 53.8967
5.11 53.8896
5.11 53.8849
5.12 53.8826
5.12 53.8822
5.13 53.8832
5.13 53.8850
5.14 53.8871
5.14 53.8890
5.15 53.8903
5.15 53.8909
5.16 53.8905
5.16 53.8893
5.17 53.8871
5.17 53.8843
5.18 53.8811
5.18 53.8778
5.19 53.8747
5.19 53.8722
5.2 53.8705
5.2 53.8701
5.21 53.8711
5.21 53.8740
5.22 53.8789
5.22 53.8860
5.23 53.8955
5.23 53.9076
5.24 53.9223
5.24 53.9396
5.25 53.9595
5.25 53.9817
5.26 54.0063
5.26 54.0329
5.27 54.0614
5.27 54.0914
5.28 54.1227
5.28 54.1548
5.29 54.1874
5.29 54.2202
5.3 54.2524
5.3 54.2836
5.31 54.3134
5.31 54.3412
5.32 54.3666
5.32 54.3891
5.33 54.4083
5.33 54.4239
5.34 54.4359
5.34 54.4444
5.35 54.4497
5.35 54.4527
5.36 54.4547
5.36 54.4577
5.37 54.4642
5.37 54.4772
5.38 54.5000
5.38 54.5359
5.39 54.5879
5.39 54.6578
5.4 54.7462
5.4 54.8519
5.41 54.9719
5.41 55.1016
5.42 55.2350
5.42 55.3653
5.43 55.4853
5.43 55.5880
5.44 55.6669
5.44 55.7164
5.45 55.7319
5.45 55.7104
5.46 55.6506
5.46 55.5537
5.47 55.4238
5.47 55.2685
5.48 55.0995
5.48 54.9317
5.49 54.7821
5.49 54.6677
5.5 54.6022
5.5 54.5936
5.51 54.6426
5.51 54.7423
5.52 54.8803
5.52 55.0413
5.53 55.2105
5.53 55.3752
5.54 55.5267
5.54 55.6603
5.55 55.7746
5.55 55.8708
5.56 55.9519
5.56 56.0212
5.57 56.0821
5.57 56.1371
5.58 56.1881
5.58 56.2353
5.59 56.2784
5.59 56.3157
5.6 56.3448
5.6 56.3626
5.61 56.3653
5.61 56.3489
5.62 56.3085
5.62 56.2387
5.63 56.1335
5.63 55.9864
5.64 55.7909
5.64 55.5413
5.65 55.2344
5.65 54.8712
5.66 54.4601
5.66 54.0189
5.67 53.5762
5.67 53.1689
5.68 52.8361
5.68 52.6102
5.69 52.5069
5.69 52.5221
5.7 52.6332
5.7 52.8083
5.71 53.0157
5.71 53.2311
5.72 53.4404
5.72 53.6384
5.73 53.8261
5.73 54.0062
5.74 54.1811
5.74 54.3504
5.75 54.5105
5.75 54.6550
5.76 54.7750
5.76 54.8593
5.77 54.8945
5.77 54.8647
5.78 54.7514
5.78 54.5339
5.79 54.1919
5.79 53.7116
5.8 53.0959
5.8 52.3794
5.81 51.6404
5.81 50.9996
5.82 50.5916
5.82 50.5128
5.83 50.7758
5.83 51.3031
5.84 51.9663
5.84 52.6399
5.85 53.2369
5.85 53.7154
5.86 54.0686
5.86 54.3096
5.87 54.4591
5.87 54.5390
5.88 54.5683
5.88 54.5622
5.89 54.5326
5.89 54.4879
5.9 54.4344
5.9 54.3764
5.91 54.3167
5.91 54.2574
5.92 54.1997
5.92 54.1443
5.93 54.0916
5.93 54.0416
5.94 53.9944
5.94 53.9498
5.95 53.9075
5.95 53.8673
5.96 53.8288
5.96 53.7918
5.97 53.7558
5.97 53.7205
5.98 53.6856
5.98 53.6510
5.99 53.6166
5.99 53.5821
6.0 53.5475
6.0 53.5128
6.01 53.4782
6.01 53.4439
6.02 53.4102
6.02 53.3775
6.03 53.3463
6.03 53.3170
6.04 53.2902
6.04 53.2663
6.05 53.2459
6.05 53.2293
6.06 53.2167
6.06 53.2084
6.07 53.2044
6.07 53.2046
6.08 53.2086
6.08 53.2160
6.09 53.2265
6.09 53.2395
6.1 53.2543
6.1 53.2705
6.11 53.2875
6.11 53.3047
6.12 53.3213
6.12 53.3368
6.13 53.3506
6.13 53.3621
6.14 53.3709
6.14 53.3761
6.15 53.3773
6.15 53.3736
6.16 53.3642
6.16 53.3484
6.17 53.3252
6.17 53.2940
6.18 53.2541
6.18 53.2052
6.19 53.1473
6.19 53.0813
6.2 53.0088
6.2 52.9327
6.21 52.8569
6.21 52.7867
6.22 52.7282
6.22 52.6879
6.23 52.6722
6.23 52.6863
6.24 52.7335
6.24 52.8149
6.25 52.9289
6.25 53.0717
6.26 53.2378
6.26 53.4210
6.27 53.6146
6.27 53.8129
6.28 54.0106
6.28 54.2039
6.29 54.3897
6.29 54.5655
6.3 54.7295
6.3 54.8800
6.31 55.0150
6.31 55.1323
6.32 55.2289
6.32 55.3014
6.33 55.3456
6.33 55.3572
6.34 55.3323
6.34 55.2682
6.35 55.1650
6.35 55.0275
6.36 54.8666
6.36 54.7000
6.37 54.5517
6.37 54.4480
6.38 54.4123
6.38 54.4588
6.39 54.5871
6.39 54.7819
6.4 55.0162
6.4 55.2566
6.41 55.4698
6.41 55.6268
6.42 55.7041
6.42 55.6843
6.43 55.5551
6.43 55.3090
6.44 54.9455
6.44 54.4733
6.45 53.9146
6.45 53.3093
6.46 52.7154
6.46 52.2031
6.47 51.8417
6.47 51.6830
6.48 51.7466
6.48 52.0173
6.49 52.4523
6.49 52.9955
6.5 53.5916
6.5 54.1944
6.51 54.7706
6.51 55.2989
6.52 55.7677
6.52 56.1719
6.53 56.5100
6.53 56.7817
6.54 56.9869
6.54 57.1245
6.55 57.1923
6.55 57.1874
6.56 57.1071
6.56 56.9497
6.57 56.7166
6.57 56.4151
6.58 56.0605
6.58 55.6781
6.59 55.3033
6.59 54.9769
6.6 54.7379
6.6 54.6129
6.61 54.6087
6.61 54.7108
6.62 54.8881
6.62 55.1028
6.63 55.3196
6.63 55.5115
6.64 55.6622
6.64 55.7642
6.65 55.8173
6.65 55.8250
6.66 55.7933
6.66 55.7287
6.67 55.6376
6.67 55.5258
6.68 55.3987
6.68 55.2610
6.69 55.1170
6.69 54.9705
6.7 54.8252
6.7 54.6842
6.71 54.5504
6.71 54.4261
6.72 54.3130
6.72 54.2122
6.73 54.1240
6.73 54.0480
6.74 53.9833
6.74 53.9282
6.75 53.8810
6.75 53.8397
6.76 53.8021
6.76 53.7661
6.77 53.7297
6.77 53.6914
6.78 53.6495
6.78 53.6026
6.79 53.5495
6.79 53.4889
6.8 53.4195
6.8 53.3403
6.81 53.2502
6.81 53.1482
6.82 53.0340
6.82 52.9076
6.83 52.7701
6.83 52.6237
6.84 52.4721
6.84 52.3205
6.85 52.1756
6.85 52.0448
6.86 51.9358
6.86 51.8550
6.87 51.8067
6.87 51.7921
6.88 51.8086
6.88 51.8503
6.89 51.9086
6.89 51.9733
6.9 52.0340
6.9 52.0807
6.91 52.1053
6.91 52.1017
6.92 52.0667
6.92 52.0001
6.93 51.9052
6.93 51.7892
6.94 51.6631
6.94 51.5410
6.95 51.4385
6.95 51.3702
6.96 51.3474
6.96 51.3755
6.97 51.4529
6.97 51.5713
6.98 51.7175
6.98 51.8760
6.99 52.0311
6.99 52.1690
7.0 52.2783
7.0 52.3501
7.01 52.3779
7.01 52.3562
7.02 52.2808
7.02 52.1483
7.03 51.9559
7.03 51.7028
7.04 51.3907
7.04 51.0260
7.05 50.6212
7.05 50.1963
7.06 49.7797
7.06 49.4066
7.07 49.1144
7.07 48.9370
7.08 48.8968
7.08 48.9986
7.09 49.2286
7.09 49.5570
7.1 49.9456
7.1 50.3560
7.11 50.7553
7.11 51.1202
7.12 51.4363
7.12 51.6974
7.13 51.9025
7.13 52.0537
7.14 52.1543
7.14 52.2073
7.15 52.2144
7.15 52.1753
7.16 52.0877
7.16 51.9472
7.17 51.7481
7.17 51.4851
7.18 51.1552
7.18 50.7621
7.19 50.3199
7.19 49.8574
7.2 49.4182
7.2 49.0556
7.21 48.8204
7.21 48.7453
7.22 48.8331
7.22 49.0563
7.23 49.3663
7.23 49.7100
7.24 50.0425
7.24 50.3340
7.25 50.5705
7.25 50.7502
7.26 50.8791
7.26 50.9676
7.27 51.0269
7.27 51.0680
7.28 51.1005
7.28 51.1319
7.29 51.1678
7.29 51.2120
7.3 51.2663
7.3 51.3316
7.31 51.4076
7.31 51.4934
7.32 51.5878
7.32 51.6898
7.33 51.7982
7.33 51.9122
7.34 52.0312
7.34 52.1551
7.35 52.2838
7.35 52.4175
7.36 52.5565
7.36 52.7011
7.37 52.8516
7.37 53.0079
7.38 53.1699
7.38 53.3368
7.39 53.5075
7.39 53.6799
7.4 53.8509
7.4 54.0164
7.41 54.1703
7.41 54.3045
7.42 54.4083
7.42 54.4682
7.43 54.4671
7.43 54.3846
7.44 54.1982
7.44 53.8847
7.45 53.4248
7.45 52.8103
7.46 52.0530
7.46 51.1944
7.47 50.3114
7.47 49.5102
7.48 48.9074
7.48 48.6005
7.49 48.6410
7.49 49.0217
7.5 49.6802
7.5 50.5106
7.51 51.3779
7.51 52.1350
7.52 52.6409
7.52 52.7844
7.53 52.5180
7.53 51.9038
7.54 51.1532
7.54 50.6020
7.55 50.5723
7.55 51.1790
7.56 52.2574
7.56 53.4852
7.57 54.5707
7.57 55.3514
7.58 55.7851
7.58 55.8996
7.59 55.7502
7.59 55.3984
7.6 54.9055
7.6 54.3355
7.61 53.7582
7.61 53.2505
7.62 52.8892
7.62 52.7362
7.63 52.8208
7.63 53.1287
7.64 53.6060
7.64 54.1779
7.65 54.7701
7.65 55.3257
7.66 55.8106
7.66 56.2112
7.67 56.5284
7.67 56.7709
7.68 56.9508
7.68 57.0799
7.69 57.1685
7.69 57.2246
7.7 57.2536
7.7 57.2589
7.71 57.2421
7.71 57.2036
7.72 57.1430
7.72 57.0599
7.73 56.9543
7.73 56.8278
7.74 56.6837
7.74 56.5279
7.75 56.3691
7.75 56.2180
7.76 56.0867
7.76 55.9873
7.77 55.9290
7.77 55.9174
7.78 55.9528
7.78 56.0307
7.79 56.1421
7.79 56.2758
7.8 56.4193
7.8 56.5604
7.81 56.6880
7.81 56.7922
7.82 56.8643
7.82 56.8972
7.83 56.8847
7.83 56.8221
7.84 56.7069
7.84 56.5397
7.85 56.3252
7.85 56.0740
7.86 55.8023
7.86 55.5315
7.87 55.2850
7.87 55.0836
7.88 54.9407
7.88 54.8582
7.89 54.8273
7.89 54.8311
7.9 54.8513
7.9 54.8741
7.91 54.8944
7.91 54.9166
7.92 54.9521
7.92 55.0151
7.93 55.1165
7.93 55.2600
7.94 55.4410
7.94 55.6473
7.95 55.8630
7.95 56.0717
7.96 56.2597
7.96 56.4176
7.97 56.5401
7.97 56.6257
7.98 56.6751
7.98 56.6906
7.99 56.6749
7.99 56.6301
8.0 56.5577
8.0 56.4585
8.01 56.3319
8.01 56.1764
8.02 55.9903
8.02 55.7719
8.03 55.5209
8.03 55.2396
8.04 54.9341
8.04 54.6163
8.05 54.3041
8.05 54.0202
8.06 53.7896
8.06 53.6342
8.07 53.5682
8.07 53.5939
8.08 53.7010
8.08 53.8698
8.09 54.0759
8.09 54.2954
8.1 54.5088
8.1 54.7025
8.11 54.8693
8.11 55.0065
8.12 55.1151
8.12 55.1981
8.13 55.2595
8.13 55.3037
8.14 55.3346
8.14 55.3560
8.15 55.3707
8.15 55.3812
8.16 55.3894
8.16 55.3967
8.17 55.4039
8.17 55.4116
8.18 55.4200
8.18 55.4292
8.19 55.4390
8.19 55.4491
8.2 55.4588
8.2 55.4678
8.21 55.4752
8.21 55.4805
8.22 55.4829
8.22 55.4814
8.23 55.4750
8.23 55.4628
8.24 55.4435
8.24 55.4157
8.25 55.3780
8.25 55.3293
8.26 55.2684
8.26 55.1948
8.27 55.1085
8.27 55.0108
8.28 54.9045
8.28 54.7939
8.29 54.6849
8.29 54.5849
8.3 54.5018
8.3 54.4430
8.31 54.4144
8.31 54.4192
8.32 54.4571
8.32 54.5248
8.33 54.6163
8.33 54.7241
8.34 54.8402
8.34 54.9573
8.35 55.0695
8.35 55.1725
8.36 55.2635
8.36 55.3414
8.37 55.4060
8.37 55.4581
8.38 55.4988
8.38 55.5294
8.39 55.5512
8.39 55.5655
8.4 55.5735
8.4 55.5763
8.41 55.5746
8.41 55.5692
8.42 55.5605
8.42 55.5491
8.43 55.5353
8.43 55.5194
8.44 55.5019
8.44 55.4830
8.45 55.4628
8.45 55.4417
8.46 55.4199
8.46 55.3976
8.47 55.3749
8.47 55.3520
8.48 55.3291
8.48 55.3063
8.49 55.2838
8.49 55.2618
8.5 55.2404
8.5 55.2197
8.51 55.1997
8.51 55.1806
8.52 55.1625
8.52 55.1455
8.53 55.1298
8.53 55.1153
8.54 55.1023
8.54 55.0909
8.55 55.0811
8.55 55.0731
8.56 55.0669
8.56 55.0627
8.57 55.0605
8.57 55.0607
8.58 55.0631
8.58 55.0678
8.59 55.0750
8.59 55.0847
8.6 55.0969
8.6 55.1116
8.61 55.1288
8.61 55.1483
8.62 55.1699
8.62 55.1932
8.63 55.2180
8.63 55.2436
8.64 55.2693
8.64 55.2943
8.65 55.3172
8.65 55.3364
8.66 55.3500
8.66 55.3556
8.67 55.3501
8.67 55.3298
8.68 55.2902
8.68 55.2260
8.69 55.1307
8.69 54.9971
8.7 54.8175
8.7 54.5849
8.71 54.2946
8.71 53.9483
8.72 53.5574
8.72 53.1482
8.73 52.7630
8.73 52.4570
8.74 52.2862
8.74 52.2901
8.75 52.4771
8.75 52.8198
8.76 53.2651
8.76 53.7509
8.77 54.2229
8.77 54.6434
8.78 54.9922
8.78 55.2636
8.79 55.4614
8.79 55.5937
8.8 55.6706
8.8 55.7020
8.81 55.6965
8.81 55.6614
8.82 55.6027
8.82 55.5249
8.83 55.4316
8.83 55.3256
8.84 55.2089
8.84 55.0832
8.85 54.9497
8.85 54.8097
8.86 54.6646
8.86 54.5162
8.87 54.3669
8.87 54.2201
8.88 54.0805
8.88 53.9538
8.89 53.8464
8.89 53.7649
8.9 53.7151
8.9 53.7007
8.91 53.7226
8.91 53.7785
8.92 53.8633
8.92 53.9691
8.93 54.0871
8.93 54.2086
8.94 54.3255
8.94 54.4317
8.95 54.5226
8.96 54.5959
8.96 54.6506
8.97 54.6867
8.97 54.7056
8.98 54.7089
8.98 54.6989
8.99 54.6777
8.99 54.6475
9.0 54.6103
9.0 54.5682
9.01 54.5230
9.01 54.4764
9.02 54.4301
9.02 54.3858
9.03 54.3451
9.03 54.3097
9.04 54.2813
9.04 54.2612
9.05 54.2507
9.05 54.2503
9.06 54.2605
9.06 54.2806
9.07 54.3099
9.07 54.3468
9.08 54.3894
9.08 54.4358
9.09 54.4839
9.09 54.5318
9.1 54.5780
9.1 54.6210
9.11 54.6602
9.11 54.6949
9.12 54.7249
9.12 54.7505
9.13 54.7719
9.13 54.7896
9.14 54.8041
9.14 54.8158
9.15 54.8249
9.15 54.8313
9.16 54.8349
9.16 54.8350
9.17 54.8305
9.17 54.8196
9.18 54.8004
9.18 54.7701
9.19 54.7258
9.19 54.6641
9.2 54.5817
9.2 54.4760
9.21 54.3453
9.21 54.1900
9.22 54.0135
9.22 53.8229
9.23 53.6295
9.23 53.4482
9.24 53.2958
9.24 53.1880
9.25 53.1362
9.25 53.1446
9.26 53.2083
9.26 53.3147
9.27 53.4457
9.27 53.5811
9.28 53.7020
9.28 53.7925
9.29 53.8415
9.29 53.8428
9.3 53.7949
9.3 53.7013
9.31 53.5702
9.31 53.4143
9.32 53.2505
9.32 53.0981
9.33 52.9769
9.33 52.9033
9.34 52.8879
9.34 52.9333
9.35 53.0339
9.35 53.1777
9.36 53.3492
9.36 53.5328
9.37 53.7146
9.37 53.8843
9.38 54.0352
9.38 54.1635
9.39 54.2676
9.39 54.3473
9.4 54.4025
9.4 54.4328
9.41 54.4371
9.41 54.4127
9.42 54.3557
9.42 54.2611
9.43 54.1231
9.43 53.9365
9.44 53.6982
9.44 53.4098
9.45 53.0807
9.45 52.7300
9.46 52.3876
9.46 52.0903
9.47 51.8746
9.47 51.7664
9.48 51.7727
9.48 51.8787
9.49 52.0527
9.49 52.2562
9.5 52.4538
9.5 52.6201
9.51 52.7421
9.51 52.8183
9.52 52.8556
9.52 52.8657
9.53 52.8622
9.53 52.8576
9.54 52.8615
9.54 52.8800
9.55 52.9148
9.55 52.9644
9.56 53.0249
9.56 53.0909
9.57 53.1572
9.57 53.2192
9.58 53.2733
9.58 53.3175
9.59 53.3509
9.59 53.3735
9.6 53.3863
9.6 53.3908
9.61 53.3884
9.61 53.3812
9.62 53.3710
9.62 53.3594
9.63 53.3480
9.63 53.3382
9.64 53.3312
9.64 53.3278
9.65 53.3288
9.65 53.3345
9.66 53.3451
9.66 53.3606
9.67 53.3805
9.67 53.4043
9.68 53.4311
9.68 53.4599
9.69 53.4895
9.69 53.5184
9.7 53.5452
9.7 53.5681
9.71 53.5853
9.71 53.5948
9.72 53.5946
9.72 53.5824
9.73 53.5561
9.73 53.5132
9.74 53.4516
9.74 53.3692
9.75 53.2643
9.75 53.1360
9.76 52.9843
9.76 52.8109
9.77 52.6190
9.77 52.4145
9.78 52.2054
9.78 52.0019
9.79 51.8159
9.79 51.6596
9.8 51.5444
9.8 51.4788
9.81 51.4678
9.81 51.5118
9.82 51.6071
9.82 51.7462
9.83 51.9191
9.83 52.1145
9.84 52.3213
9.84 52.5289
9.85 52.7281
9.85 52.9117
9.86 53.0743
9.86 53.2124
9.87 53.3241
9.87 53.4087
9.88 53.4669
9.88 53.4996
9.89 53.5084
9.89 53.4955
9.9 53.4629
9.9 53.4129
9.91 53.3480
9.91 53.2709
9.92 53.1844
9.92 53.0916
9.93 52.9960
9.93 52.9010
9.94 52.8102
9.94 52.7269
9.95 52.6540
9.95 52.5938
9.96 52.5474
9.96 52.5152
9.97 52.4963
9.97 52.4892
9.98 52.4914
9.98 52.5001
9.99 52.5125
9.99 52.5257
10.0 52.5371
