0.000 -1.5373
0.005 -1.5373
0.010 -1.5375
0.015 -1.5379
0.020 -1.5385
0.025 -1.5393
0.030 -1.5402
0.035 -1.5414
0.040 -1.5428
0.045 -1.5443
0.050 -1.5461
0.055 -1.5481
0.060 -1.5503
0.065 -1.5527
0.070 -1.5553
0.075 -1.5582
0.080 -1.5613
0.085 -1.5646
0.090 -1.5682
0.095 -1.5721
0.100 -1.5762
0.105 -1.5806
0.110 -1.5852
0.115 -1.5902
0.120 -1.5954
0.125 -1.6010
0.130 -1.6068
0.135 -1.6131
0.140 -1.6197
0.145 -1.6267
0.150 -1.6340
0.155 -1.6417
0.160 -1.6498
0.165 -1.6584
0.170 -1.6673
0.175 -1.6768
0.180 -1.6867
0.185 -1.6970
0.190 -1.7080
0.195 -1.7195
0.200 -1.7315
0.205 -1.7442
0.210 -1.7575
0.215 -1.7716
0.220 -1.7863
0.225 -1.8018
0.230 -1.8181
0.235 -1.8351
0.240 -1.8530
0.245 -1.8717
0.250 -1.8914
0.255 -1.9121
0.260 -1.9338
0.265 -1.9565
0.270 -1.9805
0.275 -2.0057
0.280 -2.0321
0.285 -2.0601
0.290 -2.0895
0.295 -2.1203
0.300 -2.1527
0.305 -2.1868
0.310 -2.2225
0.315 -2.2600
0.320 -2.2996
0.325 -2.3411
0.330 -2.3849
0.335 -2.4310
0.340 -2.4796
0.345 -2.5309
0.350 -2.5851
0.355 -2.6422
0.360 -2.7026
0.365 -2.7663
0.370 -2.8337
0.375 -2.9049
0.380 -2.9801
0.385 -3.0597
0.390 -3.1440
0.395 -3.2331
0.400 -3.3274
0.405 -3.4273
0.410 -3.5329
0.415 -3.6446
0.420 -3.7628
0.425 -3.8875
0.430 -4.0191
0.435 -4.1577
0.440 -4.3033
0.445 -4.4557
0.450 -4.6147
0.455 -4.7794
0.460 -4.9488
0.465 -5.1211
0.470 -5.2937
0.475 -5.4628
0.480 -5.6234
0.485 -5.7688
0.490 -5.8900
0.495 -5.9760
0.500 -6.0135
0.505 -5.9883
0.510 -5.8880
0.515 -5.7054
0.520 -5.4461
0.525 -5.1345
0.530 -4.8190
0.535 -4.5671
0.540 -4.4485
0.545 -4.5089
0.550 -4.7466
0.555 -5.1089
0.560 -5.5108
0.565 -5.8657
0.570 -6.1134
0.575 -6.2352
0.580 -6.2573
0.585 -6.2413
0.590 -6.2633
0.595 -6.3850
0.600 -6.6279
0.605 -6.9637
0.610 -7.3264
0.615 -7.6381
0.620 -7.8343
0.625 -7.8790
0.630 -7.7711
0.635 -7.5429
0.640 -7.2542
0.645 -6.9814
0.650 -6.8002
0.655 -6.7673
0.660 -6.9068
0.665 -7.2070
0.670 -7.6291
0.675 -8.1213
0.680 -8.6320
0.685 -9.1163
0.690 -9.5391
0.695 -9.8739
0.700 -10.1020
0.705 -10.2117
0.710 -10.1991
0.715 -10.0691
0.720 -9.8377
0.725 -9.5313
0.730 -9.1841
0.735 -8.8312
0.740 -8.5002
0.745 -8.2036
0.750 -7.9395
0.755 -7.6986
0.760 -7.4771
0.765 -7.2855
0.770 -7.1497
0.775 -7.1023
0.780 -7.1673
0.785 -7.3491
0.790 -7.6291
0.795 -7.9734
0.800 -8.3433
0.805 -8.7052
0.810 -9.0350
0.815 -9.3188
0.820 -9.5508
0.825 -9.7311
0.830 -9.8629
0.835 -9.9515
0.840 -10.0025
0.845 -10.0221
0.850 -10.0158
0.855 -9.9891
0.860 -9.9467
0.865 -9.8928
0.870 -9.8308
0.875 -9.7637
0.880 -9.6942
0.885 -9.6241
0.890 -9.5552
0.895 -9.4885
0.900 -9.4250
0.905 -9.3654
0.910 -9.3098
0.915 -9.2586
0.920 -9.2116
0.925 -9.1685
0.930 -9.1285
0.935 -9.0906
0.940 -9.0535
0.945 -9.0156
0.950 -8.9743
0.955 -8.9270
0.960 -8.8699
0.965 -8.7987
0.970 -8.7085
0.975 -8.5937
0.980 -8.4484
0.985 -8.2675
0.990 -8.0478
0.995 -7.7898
1.000 -7.4996
1.005 -7.1912
1.010 -6.8875
1.015 -6.6187
1.020 -6.4172
1.025 -6.3112
1.030 -6.3161
1.035 -6.4301
1.040 -6.6347
1.045 -6.9004
1.050 -7.1946
1.055 -7.4881
1.060 -7.7599
1.065 -7.9973
1.070 -8.1952
1.075 -8.3540
1.080 -8.4769
1.085 -8.5691
1.090 -8.6358
1.095 -8.6821
1.100 -8.7125
1.105 -8.7304
1.110 -8.7386
1.115 -8.7391
1.120 -8.7333
1.125 -8.7219
1.130 -8.7054
1.135 -8.6838
1.140 -8.6569
1.145 -8.6244
1.150 -8.5862
1.155 -8.5424
1.160 -8.4933
1.165 -8.4399
1.170 -8.3839
1.175 -8.3279
1.180 -8.2751
1.185 -8.2294
1.190 -8.1953
1.195 -8.1770
1.200 -8.1784
1.205 -8.2020
1.210 -8.2491
1.215 -8.3192
1.220 -8.4102
1.225 -8.5185
1.230 -8.6394
1.235 -8.7682
1.240 -8.8997
1.245 -9.0295
1.250 -9.1535
1.255 -9.2686
1.260 -9.3722
1.265 -9.4621
1.270 -9.5368
1.275 -9.5946
1.280 -9.6345
1.285 -9.6553
1.290 -9.6559
1.295 -9.6357
1.300 -9.5945
1.305 -9.5329
1.310 -9.4524
1.315 -9.3564
1.320 -9.2494
1.325 -9.1378
1.330 -9.0285
1.335 -8.9285
1.340 -8.8431
1.345 -8.7746
1.350 -8.7206
1.355 -8.6739
1.360 -8.6226
1.365 -8.5519
1.370 -8.4463
1.375 -8.2936
1.380 -8.0886
1.385 -7.8376
1.390 -7.5607
1.395 -7.2922
1.400 -7.0749
1.405 -6.9495
1.410 -6.9418
1.415 -7.0524
1.420 -7.2554
1.425 -7.5067
1.430 -7.7560
1.435 -7.9596
1.440 -8.0870
1.445 -8.1242
1.450 -8.0734
1.455 -7.9516
1.460 -7.7883
1.465 -7.6212
1.470 -7.4903
1.475 -7.4296
1.480 -7.4592
1.485 -7.5811
1.490 -7.7801
1.495 -8.0297
1.500 -8.2999
1.505 -8.5645
1.510 -8.8044
1.515 -9.0087
1.520 -9.1735
1.525 -9.2999
1.530 -9.3922
1.535 -9.4558
1.540 -9.4965
1.545 -9.5196
1.550 -9.5300
1.555 -9.5316
1.560 -9.5275
1.565 -9.5201
1.570 -9.5112
1.575 -9.5019
1.580 -9.4930
1.585 -9.4847
1.590 -9.4767
1.595 -9.4686
1.600 -9.4594
1.605 -9.4479
1.610 -9.4325
1.615 -9.4112
1.620 -9.3820
1.625 -9.3426
1.630 -9.2907
1.635 -9.2244
1.640 -9.1423
1.645 -9.0439
1.650 -8.9305
1.655 -8.8049
1.660 -8.6723
1.665 -8.5397
1.670 -8.4158
1.675 -8.3095
1.680 -8.2290
1.685 -8.1795
1.690 -8.1624
1.695 -8.1751
1.700 -8.2111
1.705 -8.2623
1.710 -8.3200
1.715 -8.3770
1.720 -8.4294
1.725 -8.4761
1.730 -8.5194
1.735 -8.5640
1.740 -8.6155
1.745 -8.6794
1.750 -8.7596
1.755 -8.8580
1.760 -8.9736
1.765 -9.1037
1.770 -9.2439
1.775 -9.3892
1.780 -9.5346
1.785 -9.6758
1.790 -9.8098
1.795 -9.9345
1.800 -10.0488
1.805 -10.1527
1.810 -10.2465
1.815 -10.3311
1.820 -10.4077
1.825 -10.4772
1.830 -10.5408
1.835 -10.5994
1.840 -10.6535
1.845 -10.7036
1.850 -10.7498
1.855 -10.7919
1.860 -10.8293
1.865 -10.8612
1.870 -10.8863
1.875 -10.9032
1.880 -10.9099
1.885 -10.9041
1.890 -10.8833
1.895 -10.8446
1.900 -10.7849
1.905 -10.7012
1.910 -10.5902
1.915 -10.4495
1.920 -10.2770
1.925 -10.0720
1.930 -9.8354
1.935 -9.5704
1.940 -9.2829
1.945 -8.9819
1.950 -8.6799
1.955 -8.3922
1.960 -8.1360
1.965 -7.9285
1.970 -7.7851
1.975 -7.7166
1.980 -7.7278
1.985 -7.8167
1.990 -7.9749
1.995 -8.1892
2.000 -8.4437
2.005 -8.7220
2.010 -9.0089
2.015 -9.2915
2.020 -9.5598
2.025 -9.8064
2.030 -10.0268
2.035 -10.2187
2.040 -10.3812
2.045 -10.5151
2.050 -10.6218
2.055 -10.7034
2.060 -10.7625
2.065 -10.8016
2.070 -10.8233
2.075 -10.8302
2.080 -10.8247
2.085 -10.8089
2.090 -10.7850
2.095 -10.7549
2.100 -10.7202
2.105 -10.6825
2.110 -10.6431
2.115 -10.6033
2.120 -10.5642
2.125 -10.5266
2.130 -10.4913
2.135 -10.4589
2.140 -10.4299
2.145 -10.4045
2.150 -10.3828
2.155 -10.3647
2.160 -10.3500
2.165 -10.3384
2.170 -10.3296
2.175 -10.3232
2.180 -10.3187
2.185 -10.3158
2.190 -10.3141
2.195 -10.3135
2.200 -10.3136
2.205 -10.3146
2.210 -10.3165
2.215 -10.3194
2.220 -10.3238
2.225 -10.3298
2.230 -10.3379
2.235 -10.3484
2.240 -10.3617
2.245 -10.3780
2.250 -10.3974
2.255 -10.4201
2.260 -10.4458
2.265 -10.4743
2.270 -10.5053
2.275 -10.5384
2.280 -10.5731
2.285 -10.6088
2.290 -10.6451
2.295 -10.6815
2.300 -10.7176
2.305 -10.7528
2.310 -10.7869
2.315 -10.8195
2.320 -10.8504
2.325 -10.8792
2.330 -10.9057
2.335 -10.9296
2.340 -10.9504
2.345 -10.9680
2.350 -10.9820
2.355 -10.9922
2.360 -10.9987
2.365 -11.0014
2.370 -11.0010
2.375 -10.9980
2.380 -10.9937
2.385 -10.9895
2.390 -10.9874
2.395 -10.9895
2.400 -10.9982
2.405 -11.0158
2.410 -11.0442
2.415 -11.0850
2.420 -11.1389
2.425 -11.2059
2.430 -11.2850
2.435 -11.3748
2.440 -11.4730
2.445 -11.5771
2.450 -11.6842
2.455 -11.7920
2.460 -11.8978
2.465 -11.9996
2.470 -12.0956
2.475 -12.1844
2.480 -12.2649
2.485 -12.3363
2.490 -12.3977
2.495 -12.4487
2.500 -12.4887
2.505 -12.5173
2.510 -12.5338
2.515 -12.5379
2.520 -12.5289
2.525 -12.5063
2.530 -12.4697
2.535 -12.4188
2.540 -12.3535
2.545 -12.2743
2.550 -12.1823
2.555 -12.0793
2.560 -11.9680
2.565 -11.8522
2.570 -11.7363
2.575 -11.6258
2.580 -11.5265
2.585 -11.4444
2.590 -11.3845
2.595 -11.3510
2.600 -11.3462
2.605 -11.3704
2.610 -11.4222
2.615 -11.4982
2.620 -11.5941
2.625 -11.7045
2.630 -11.8243
2.635 -11.9486
2.640 -12.0731
2.645 -12.1945
2.650 -12.3103
2.655 -12.4190
2.660 -12.5197
2.665 -12.6122
2.670 -12.6968
2.675 -12.7741
2.680 -12.8450
2.685 -12.9103
2.690 -12.9713
2.695 -13.0287
2.700 -13.0839
2.705 -13.1375
2.710 -13.1906
2.715 -13.2440
2.720 -13.2981
2.725 -13.3536
2.730 -13.4108
2.735 -13.4703
2.740 -13.5321
2.745 -13.5965
2.750 -13.6635
2.755 -13.7330
2.760 -13.8048
2.765 -13.8786
2.770 -13.9541
2.775 -14.0305
2.780 -14.1072
2.785 -14.1831
2.790 -14.2570
2.795 -14.3273
2.800 -14.3920
2.805 -14.4484
2.810 -14.4933
2.815 -14.5222
2.820 -14.5293
2.825 -14.5070
2.830 -14.4455
2.835 -14.3322
2.840 -14.1514
2.845 -13.8849
2.850 -13.5128
2.855 -13.0166
2.860 -12.3851
2.865 -11.6234
2.870 -10.7642
2.875 -9.8781
2.880 -9.0738
2.885 -8.4807
2.890 -8.2114
2.895 -8.3214
2.900 -8.7879
2.905 -9.5227
2.910 -10.4076
2.915 -11.3297
2.920 -12.2015
2.925 -12.9656
2.930 -13.5900
2.935 -14.0603
2.940 -14.3736
2.945 -14.5335
2.950 -14.5476
2.955 -14.4278
2.960 -14.1907
2.965 -13.8601
2.970 -13.4680
2.975 -13.0544
2.980 -12.6629
2.985 -12.3338
2.990 -12.0956
2.995 -11.9598
3.000 -11.9202
3.005 -11.9596
3.010 -12.0566
3.015 -12.1926
3.020 -12.3538
3.025 -12.5307
3.030 -12.7158
3.035 -12.9020
3.040 -13.0818
3.045 -13.2476
3.050 -13.3930
3.055 -13.5132
3.060 -13.6057
3.065 -13.6703
3.070 -13.7084
3.075 -13.7227
3.080 -13.7167
3.085 -13.6938
3.090 -13.6579
3.095 -13.6119
3.100 -13.5586
3.105 -13.4997
3.110 -13.4363
3.115 -13.3684
3.120 -13.2947
3.125 -13.2124
3.130 -13.1173
3.135 -13.0033
3.140 -12.8625
3.145 -12.6858
3.150 -12.4639
3.155 -12.1893
3.160 -11.8595
3.165 -11.4808
3.170 -11.0736
3.175 -10.6741
3.180 -10.3319
3.185 -10.1006
3.190 -10.0223
3.195 -10.1126
3.200 -10.3542
3.205 -10.7037
3.210 -11.1066
3.215 -11.5124
3.220 -11.8841
3.225 -12.2010
3.230 -12.4560
3.235 -12.6508
3.240 -12.7925
3.245 -12.8898
3.250 -12.9514
3.255 -12.9850
3.260 -12.9966
3.265 -12.9909
3.270 -12.9706
3.275 -12.9375
3.280 -12.8918
3.285 -12.8326
3.290 -12.7582
3.295 -12.6659
3.300 -12.5523
3.305 -12.4140
3.310 -12.2472
3.315 -12.0488
3.320 -11.8171
3.325 -11.5528
3.330 -11.2597
3.335 -10.9464
3.340 -10.6261
3.345 -10.3172
3.350 -10.0420
3.355 -9.8236
3.360 -9.6832
3.365 -9.6357
3.370 -9.6866
3.375 -9.8313
3.380 -10.0553
3.385 -10.3377
3.390 -10.6547
3.395 -10.9836
3.400 -11.3048
3.405 -11.6042
3.410 -11.8724
3.415 -12.1048
3.420 -12.3004
3.425 -12.4604
3.430 -12.5873
3.435 -12.6845
3.440 -12.7554
3.445 -12.8028
3.450 -12.8291
3.455 -12.8357
3.460 -12.8234
3.465 -12.7916
3.470 -12.7388
3.475 -12.6623
3.480 -12.5582
3.485 -12.4218
3.490 -12.2475
3.495 -12.0306
3.500 -11.7680
3.505 -11.4604
3.510 -11.1159
3.515 -10.7516
3.520 -10.3956
3.525 -10.0844
3.530 -9.8568
3.535 -9.7440
3.540 -9.7604
3.545 -9.8985
3.550 -10.1319
3.555 -10.4242
3.560 -10.7384
3.565 -11.0454
3.570 -11.3265
3.575 -11.5731
3.580 -11.7838
3.585 -11.9617
3.590 -12.1116
3.595 -12.2382
3.600 -12.3452
3.605 -12.4350
3.610 -12.5087
3.615 -12.5661
3.620 -12.6063
3.625 -12.6280
3.630 -12.6292
3.635 -12.6080
3.640 -12.5625
3.645 -12.4909
3.650 -12.3920
3.655 -12.2655
3.660 -12.1124
3.665 -11.9357
3.670 -11.7411
3.675 -11.5368
3.680 -11.3339
3.685 -11.1454
3.690 -10.9848
3.695 -10.8642
3.700 -10.7922
3.705 -10.7721
3.710 -10.8020
3.715 -10.8750
3.720 -10.9812
3.725 -11.1096
3.730 -11.2494
3.735 -11.3919
3.740 -11.5302
3.745 -11.6600
3.750 -11.7786
3.755 -11.8847
3.760 -11.9779
3.765 -12.0582
3.770 -12.1261
3.775 -12.1818
3.780 -12.2257
3.785 -12.2581
3.790 -12.2790
3.795 -12.2884
3.800 -12.2863
3.805 -12.2727
3.810 -12.2476
3.815 -12.2112
3.820 -12.1641
3.825 -12.1071
3.830 -12.0419
3.835 -11.9707
3.840 -11.8964
3.845 -11.8227
3.850 -11.7536
3.855 -11.6935
3.860 -11.6466
3.865 -11.6161
3.870 -11.6045
3.875 -11.6127
3.880 -11.6397
3.885 -11.6832
3.890 -11.7396
3.895 -11.8043
3.900 -11.8724
3.905 -11.9389
3.910 -11.9986
3.915 -12.0470
3.920 -12.0798
3.925 -12.0933
3.930 -12.0840
3.935 -12.0489
3.940 -11.9858
3.945 -11.8935
3.950 -11.7728
3.955 -11.6266
3.960 -11.4617
3.965 -11.2883
3.970 -11.1205
3.975 -10.9753
3.980 -10.8698
3.985 -10.8182
3.990 -10.8290
3.995 -10.9030
4.000 -11.0327
4.005 -11.2045
4.010 -11.4015
4.015 -11.6069
4.020 -11.8058
4.025 -11.9872
4.030 -12.1433
4.035 -12.2699
4.040 -12.3646
4.045 -12.4265
4.050 -12.4553
4.055 -12.4507
4.060 -12.4120
4.065 -12.3387
4.070 -12.2305
4.075 -12.0878
4.080 -11.9134
4.085 -11.7130
4.090 -11.4967
4.095 -11.2792
4.100 -11.0795
4.105 -10.9187
4.110 -10.8164
4.115 -10.7865
4.120 -10.8340
4.125 -10.9538
4.130 -11.1317
4.135 -11.3486
4.140 -11.5842
4.145 -11.8204
4.150 -12.0436
4.155 -12.2448
4.160 -12.4194
4.165 -12.5656
4.170 -12.6836
4.175 -12.7740
4.180 -12.8374
4.185 -12.8732
4.190 -12.8799
4.195 -12.8541
4.200 -12.7915
4.205 -12.6869
4.210 -12.5351
4.215 -12.3329
4.220 -12.0808
4.225 -11.7862
4.230 -11.4659
4.235 -11.1469
4.240 -10.8647
4.245 -10.6568
4.250 -10.5539
4.255 -10.5704
4.260 -10.6999
4.265 -10.9175
4.270 -11.1885
4.275 -11.4773
4.280 -11.7552
4.285 -12.0034
4.290 -12.2130
4.295 -12.3827
4.300 -12.5158
4.305 -12.6179
4.310 -12.6952
4.315 -12.7532
4.320 -12.7968
4.325 -12.8294
4.330 -12.8537
4.335 -12.8713
4.340 -12.8834
4.345 -12.8904
4.350 -12.8927
4.355 -12.8907
4.360 -12.8843
4.365 -12.8738
4.370 -12.8592
4.375 -12.8408
4.380 -12.8186
4.385 -12.7931
4.390 -12.7647
4.395 -12.7336
4.400 -12.7002
4.405 -12.6650
4.410 -12.6284
4.415 -12.5909
4.420 -12.5527
4.425 -12.5144
4.430 -12.4761
4.435 -12.4380
4.440 -12.4004
4.445 -12.3631
4.450 -12.3263
4.455 -12.2895
4.460 -12.2527
4.465 -12.2155
4.470 -12.1774
4.475 -12.1380
4.480 -12.0968
4.485 -12.0534
4.490 -12.0072
4.495 -11.9580
4.500 -11.9055
4.505 -11.8496
4.510 -11.7905
4.515 -11.7286
4.520 -11.6646
4.525 -11.5996
4.530 -11.5350
4.535 -11.4724
4.540 -11.4139
4.545 -11.3617
4.550 -11.3183
4.555 -11.2856
4.560 -11.2656
4.565 -11.2597
4.570 -11.2690
4.575 -11.2935
4.580 -11.3325
4.585 -11.3850
4.590 -11.4491
4.595 -11.5228
4.600 -11.6039
4.605 -11.6901
4.610 -11.7792
4.615 -11.8689
4.620 -11.9571
4.625 -12.0419
4.630 -12.1209
4.635 -12.1911
4.640 -12.2488
4.645 -12.2887
4.650 -12.3034
4.655 -12.2825
4.660 -12.2109
4.665 -12.0675
4.670 -11.8243
4.675 -11.4458
4.680 -10.8918
4.685 -10.1275
4.690 -9.1438
4.695 -7.9921
4.700 -6.8179
4.705 -5.8597
4.710 -5.3725
4.715 -5.4934
4.720 -6.1552
4.725 -7.1336
4.730 -8.1790
4.735 -9.1177
4.740 -9.8732
4.745 -10.4386
4.750 -10.8411
4.755 -11.1172
4.760 -11.3003
4.765 -11.4172
4.770 -11.4878
4.775 -11.5261
4.780 -11.5424
4.785 -11.5435
4.790 -11.5345
4.795 -11.5188
4.800 -11.4990
4.805 -11.4769
4.810 -11.4536
4.815 -11.4299
4.820 -11.4064
4.825 -11.3831
4.830 -11.3598
4.835 -11.3365
4.840 -11.3128
4.845 -11.2882
4.850 -11.2624
4.855 -11.2350
4.860 -11.2058
4.865 -11.1747
4.870 -11.1415
4.875 -11.1063
4.880 -11.0688
4.885 -11.0287
4.890 -10.9852
4.895 -10.9366
4.900 -10.8803
4.905 -10.8126
4.910 -10.7285
4.915 -10.6225
4.920 -10.4890
4.925 -10.3241
4.930 -10.1269
4.935 -9.9025
4.940 -9.6627
4.945 -9.4276
4.950 -9.2225
4.955 -9.0733
4.960 -8.9994
4.965 -9.0069
4.970 -9.0856
4.975 -9.2117
4.980 -9.3539
4.985 -9.4820
4.990 -9.5739
4.995 -9.6192
5.000 -9.6203
5.005 -9.5902
5.010 -9.5487
5.015 -9.5172
5.020 -9.5140
5.025 -9.5495
5.030 -9.6252
5.035 -9.7339
5.040 -9.8630
5.045 -9.9980
5.050 -10.1258
5.055 -10.2370
5.060 -10.3262
5.065 -10.3919
5.070 -10.4354
5.075 -10.4601
5.080 -10.4701
5.085 -10.4698
5.090 -10.4632
5.095 -10.4535
5.100 -10.4432
5.105 -10.4339
5.110 -10.4268
5.115 -10.4221
5.120 -10.4197
5.125 -10.4193
5.130 -10.4204
5.135 -10.4222
5.140 -10.4244
5.145 -10.4262
5.150 -10.4276
5.155 -10.4282
5.160 -10.4278
5.165 -10.4265
5.170 -10.4243
5.175 -10.4215
5.180 -10.4183
5.185 -10.4149
5.190 -10.4118
5.195 -10.4093
5.200 -10.4076
5.205 -10.4071
5.210 -10.4081
5.215 -10.4110
5.220 -10.4159
5.225 -10.4230
5.230 -10.4325
5.235 -10.4446
5.240 -10.4593
5.245 -10.4766
5.250 -10.4965
5.255 -10.5188
5.260 -10.5433
5.265 -10.5700
5.270 -10.5985
5.275 -10.6285
5.280 -10.6598
5.285 -10.6920
5.290 -10.7247
5.295 -10.7574
5.300 -10.7897
5.305 -10.8210
5.310 -10.8508
5.315 -10.8787
5.320 -10.9041
5.325 -10.9266
5.330 -10.9458
5.335 -10.9615
5.340 -10.9735
5.345 -10.9820
5.350 -10.9872
5.355 -10.9902
5.360 -10.9921
5.365 -10.9950
5.370 -11.0013
5.375 -11.0141
5.380 -11.0367
5.385 -11.0724
5.390 -11.1243
5.395 -11.1942
5.400 -11.2827
5.405 -11.3886
5.410 -11.5090
5.415 -11.6391
5.420 -11.7730
5.425 -11.9037
5.430 -12.0242
5.435 -12.1274
5.440 -12.2068
5.445 -12.2566
5.450 -12.2724
5.455 -12.2511
5.460 -12.1913
5.465 -12.0941
5.470 -11.9637
5.475 -11.8078
5.480 -11.6378
5.485 -11.4688
5.490 -11.3181
5.495 -11.2027
5.500 -11.1366
5.505 -11.1281
5.510 -11.1775
5.515 -11.2781
5.520 -11.4171
5.525 -11.5791
5.530 -11.7490
5.535 -11.9143
5.540 -12.0661
5.545 -12.1997
5.550 -12.3138
5.555 -12.4098
5.560 -12.4906
5.565 -12.5596
5.570 -12.6202
5.575 -12.6751
5.580 -12.7260
5.585 -12.7733
5.590 -12.8165
5.595 -12.8539
5.600 -12.8832
5.605 -12.9012
5.610 -12.9043
5.615 -12.8883
5.620 -12.8483
5.625 -12.7790
5.630 -12.6743
5.635 -12.5278
5.640 -12.3329
5.645 -12.0839
5.650 -11.7772
5.655 -11.4138
5.660 -11.0019
5.665 -10.5591
5.670 -10.1142
5.675 -9.7044
5.680 -9.3696
5.685 -9.1426
5.690 -9.0398
5.695 -9.0564
5.700 -9.1696
5.705 -9.3467
5.710 -9.5555
5.715 -9.7715
5.720 -9.9808
5.725 -10.1785
5.730 -10.3657
5.735 -10.5455
5.740 -10.7202
5.745 -10.8895
5.750 -11.0500
5.755 -11.1951
5.760 -11.3158
5.765 -11.4011
5.770 -11.4374
5.775 -11.4091
5.780 -11.2976
5.785 -11.0820
5.790 -10.7418
5.795 -10.2624
5.800 -9.6457
5.805 -8.9251
5.810 -8.1788
5.815 -7.5294
5.820 -7.1149
5.825 -7.0353
5.830 -7.3035
5.835 -7.8391
5.840 -8.5099
5.845 -9.1882
5.850 -9.7866
5.855 -10.2644
5.860 -10.6158
5.865 -10.8546
5.870 -11.0022
5.875 -11.0805
5.880 -11.1084
5.885 -11.1014
5.890 -11.0710
5.895 -11.0259
5.900 -10.9721
5.905 -10.9138
5.910 -10.8540
5.915 -10.7946
5.920 -10.7368
5.925 -10.6813
5.930 -10.6286
5.935 -10.5787
5.940 -10.5315
5.945 -10.4868
5.950 -10.4446
5.955 -10.4044
5.960 -10.3659
5.965 -10.3289
5.970 -10.2929
5.975 -10.2576
5.980 -10.2228
5.985 -10.1882
5.990 -10.1537
5.995 -10.1192
6.000 -10.0846
6.005 -10.0499
6.010 -10.0153
6.015 -9.9810
6.020 -9.9473
6.025 -9.9146
6.030 -9.8833
6.035 -9.8540
6.040 -9.8271
6.045 -9.8033
6.050 -9.7828
6.055 -9.7661
6.060 -9.7536
6.065 -9.7453
6.070 -9.7413
6.075 -9.7414
6.080 -9.7455
6.085 -9.7530
6.090 -9.7635
6.095 -9.7765
6.100 -9.7914
6.105 -9.8076
6.110 -9.8247
6.115 -9.8419
6.120 -9.8586
6.125 -9.8741
6.130 -9.8880
6.135 -9.8996
6.140 -9.9083
6.145 -9.9137
6.150 -9.9149
6.155 -9.9112
6.160 -9.9019
6.165 -9.8862
6.170 -9.8631
6.175 -9.8320
6.180 -9.7922
6.185 -9.7433
6.190 -9.6854
6.195 -9.6193
6.200 -9.5467
6.205 -9.4703
6.210 -9.3943
6.215 -9.3237
6.220 -9.2647
6.225 -9.2241
6.230 -9.2080
6.235 -9.2219
6.240 -9.2690
6.245 -9.3505
6.250 -9.4647
6.255 -9.6079
6.260 -9.7744
6.265 -9.9580
6.270 -10.1520
6.275 -10.3505
6.280 -10.5485
6.285 -10.7420
6.290 -10.9279
6.295 -11.1038
6.300 -11.2679
6.305 -11.4185
6.310 -11.5537
6.315 -11.6712
6.320 -11.7681
6.325 -11.8410
6.330 -11.8856
6.335 -11.8976
6.340 -11.8731
6.345 -11.8091
6.350 -11.7059
6.355 -11.5680
6.360 -11.4061
6.365 -11.2381
6.370 -11.0881
6.375 -10.9829
6.380 -10.9464
6.385 -10.9929
6.390 -11.1223
6.395 -11.3190
6.400 -11.5555
6.405 -11.7981
6.410 -12.0133
6.415 -12.1719
6.420 -12.2505
6.425 -12.2316
6.430 -12.1031
6.435 -11.8575
6.440 -11.4939
6.445 -11.0207
6.450 -10.4600
6.455 -9.8513
6.460 -9.2531
6.465 -8.7363
6.470 -8.3716
6.475 -8.2116
6.480 -8.2763
6.485 -8.5497
6.490 -8.9882
6.495 -9.5347
6.500 -10.1333
6.505 -10.7378
6.510 -11.3149
6.515 -11.8434
6.520 -12.3121
6.525 -12.7160
6.530 -13.0537
6.535 -13.3252
6.540 -13.5303
6.545 -13.6679
6.550 -13.7358
6.555 -13.7312
6.560 -13.6511
6.565 -13.4937
6.570 -13.2604
6.575 -12.9581
6.580 -12.6020
6.585 -12.2175
6.590 -11.8400
6.595 -11.5112
6.600 -11.2703
6.605 -11.1448
6.610 -11.1416
6.615 -11.2457
6.620 -11.4253
6.625 -11.6422
6.630 -11.8605
6.635 -12.0532
6.640 -12.2040
6.645 -12.3058
6.650 -12.3583
6.655 -12.3655
6.660 -12.3332
6.665 -12.2681
6.670 -12.1764
6.675 -12.0642
6.680 -11.9367
6.685 -11.7987
6.690 -11.6543
6.695 -11.5076
6.700 -11.3620
6.705 -11.2208
6.710 -11.0869
6.715 -10.9624
6.720 -10.8493
6.725 -10.7484
6.730 -10.6602
6.735 -10.5843
6.740 -10.5197
6.745 -10.4648
6.750 -10.4177
6.755 -10.3765
6.760 -10.3391
6.765 -10.3032
6.770 -10.2670
6.775 -10.2287
6.780 -10.1869
6.785 -10.1402
6.790 -10.0872
6.795 -10.0266
6.800 -9.9574
6.805 -9.8783
6.810 -9.7883
6.815 -9.6864
6.820 -9.5721
6.825 -9.4457
6.830 -9.3081
6.835 -9.1616
6.840 -9.0097
6.845 -8.8577
6.850 -8.7123
6.855 -8.5811
6.860 -8.4717
6.865 -8.3906
6.870 -8.3423
6.875 -8.3278
6.880 -8.3447
6.885 -8.3870
6.890 -8.4460
6.895 -8.5114
6.900 -8.5727
6.905 -8.6200
6.910 -8.6451
6.915 -8.6417
6.920 -8.6068
6.925 -8.5400
6.930 -8.4446
6.935 -8.3279
6.940 -8.2010
6.945 -8.0778
6.950 -7.9743
6.955 -7.9052
6.960 -7.8821
6.965 -7.9103
6.970 -7.9882
6.975 -8.1075
6.980 -8.2547
6.985 -8.4142
6.990 -8.5702
6.995 -8.7089
7.000 -8.8187
7.005 -8.8910
7.010 -8.9191
7.015 -8.8977
7.020 -8.8227
7.025 -8.6904
7.030 -8.4983
7.035 -8.2452
7.040 -7.9330
7.045 -7.5678
7.050 -7.1618
7.055 -6.7353
7.060 -6.3166
7.065 -5.9411
7.070 -5.6468
7.075 -5.4679
7.080 -5.4273
7.085 -5.5301
7.090 -5.7620
7.095 -6.0928
7.100 -6.4838
7.105 -6.8961
7.110 -7.2967
7.115 -7.6622
7.120 -7.9785
7.125 -8.2394
7.130 -8.4440
7.135 -8.5949
7.140 -8.6952
7.145 -8.7480
7.150 -8.7551
7.155 -8.7162
7.160 -8.6290
7.165 -8.4891
7.170 -8.2906
7.175 -8.0281
7.180 -7.6985
7.185 -7.3049
7.190 -6.8613
7.195 -6.3962
7.200 -5.9537
7.205 -5.5878
7.210 -5.3505
7.215 -5.2751
7.220 -5.3649
7.225 -5.5911
7.230 -5.9045
7.235 -6.2508
7.240 -6.5848
7.245 -6.8768
7.250 -7.1130
7.255 -7.2918
7.260 -7.4198
7.265 -7.5072
7.270 -7.5656
7.275 -7.6059
7.280 -7.6378
7.285 -7.6687
7.290 -7.7043
7.295 -7.7483
7.300 -7.8026
7.305 -7.8679
7.310 -7.9439
7.315 -8.0297
7.320 -8.1243
7.325 -8.2263
7.330 -8.3348
7.335 -8.4488
7.340 -8.5678
7.345 -8.6917
7.350 -8.8203
7.355 -8.9540
7.360 -9.0930
7.365 -9.2376
7.370 -9.3881
7.375 -9.5445
7.380 -9.7065
7.385 -9.8735
7.390 -10.0444
7.395 -10.2170
7.400 -10.3884
7.405 -10.5544
7.410 -10.7089
7.415 -10.8439
7.420 -10.9489
7.425 -11.0102
7.430 -11.0108
7.435 -10.9304
7.440 -10.7462
7.445 -10.4347
7.450 -9.9764
7.455 -9.3622
7.460 -8.6034
7.465 -7.7408
7.470 -6.8516
7.475 -6.0433
7.480 -5.4345
7.485 -5.1246
7.490 -5.1659
7.495 -5.5510
7.500 -6.2167
7.505 -7.0560
7.510 -7.9332
7.515 -8.7002
7.520 -9.2145
7.525 -9.3631
7.530 -9.0951
7.535 -8.4692
7.540 -7.6969
7.545 -7.1234
7.550 -7.0852
7.555 -7.7033
7.560 -8.8030
7.565 -10.0481
7.570 -11.1411
7.575 -11.9214
7.580 -12.3508
7.585 -12.4600
7.590 -12.3058
7.595 -11.9496
7.600 -11.4525
7.605 -10.8779
7.610 -10.2958
7.615 -9.7831
7.620 -9.4177
7.625 -9.2627
7.630 -9.3481
7.635 -9.6596
7.640 -10.1417
7.645 -10.7182
7.650 -11.3136
7.655 -11.8709
7.660 -12.3560
7.665 -12.7560
7.670 -13.0720
7.675 -13.3134
7.680 -13.4922
7.685 -13.6204
7.690 -13.7083
7.695 -13.7639
7.700 -13.7926
7.705 -13.7977
7.710 -13.7810
7.715 -13.7425
7.720 -13.6820
7.725 -13.5989
7.730 -13.4934
7.735 -13.3666
7.740 -13.2221
7.745 -13.0659
7.750 -12.9064
7.755 -12.7545
7.760 -12.6225
7.765 -12.5223
7.770 -12.4637
7.775 -12.4521
7.780 -12.4879
7.785 -12.5663
7.790 -12.6786
7.795 -12.8131
7.800 -12.9574
7.805 -13.0992
7.810 -13.2275
7.815 -13.3322
7.820 -13.4049
7.825 -13.4383
7.830 -13.4261
7.835 -13.3638
7.840 -13.2488
7.845 -13.0813
7.850 -12.8664
7.855 -12.6142
7.860 -12.3411
7.865 -12.0688
7.870 -11.8210
7.875 -11.6187
7.880 -11.4756
7.885 -11.3938
7.890 -11.3640
7.895 -11.3691
7.900 -11.3902
7.905 -11.4132
7.910 -11.4331
7.915 -11.4544
7.920 -11.4889
7.925 -11.5511
7.930 -11.6521
7.935 -11.7960
7.940 -11.9777
7.945 -12.1851
7.950 -12.4018
7.955 -12.6113
7.960 -12.7998
7.965 -12.9580
7.970 -13.0805
7.975 -13.1659
7.980 -13.2150
7.985 -13.2303
7.990 -13.2143
7.995 -13.1693
8.000 -13.0970
8.005 -12.9978
8.010 -12.8713
8.015 -12.7161
8.020 -12.5302
8.025 -12.3120
8.030 -12.0610
8.035 -11.7795
8.040 -11.4734
8.045 -11.1546
8.050 -10.8410
8.055 -10.5556
8.060 -10.3235
8.065 -10.1673
8.070 -10.1012
8.075 -10.1274
8.080 -10.2359
8.085 -10.4062
8.090 -10.6137
8.095 -10.8343
8.100 -11.0484
8.105 -11.2424
8.110 -11.4092
8.115 -11.5461
8.120 -11.6543
8.125 -11.7369
8.130 -11.7980
8.135 -11.8417
8.140 -11.8724
8.145 -11.8935
8.150 -11.9080
8.155 -11.9184
8.160 -11.9265
8.165 -11.9337
8.170 -11.9408
8.175 -11.9485
8.180 -11.9569
8.185 -11.9662
8.190 -11.9760
8.195 -11.9860
8.200 -11.9958
8.205 -12.0048
8.210 -12.0124
8.215 -12.0177
8.220 -12.0201
8.225 -12.0187
8.230 -12.0124
8.235 -12.0003
8.240 -11.9811
8.245 -11.9534
8.250 -11.9159
8.255 -11.8673
8.260 -11.8065
8.265 -11.7330
8.270 -11.6466
8.275 -11.5488
8.280 -11.4423
8.285 -11.3313
8.290 -11.2219
8.295 -11.1215
8.300 -11.0379
8.305 -10.9788
8.310 -10.9499
8.315 -10.9547
8.320 -10.9928
8.325 -11.0609
8.330 -11.1529
8.335 -11.2612
8.340 -11.3777
8.345 -11.4952
8.350 -11.6076
8.355 -11.7107
8.360 -11.8017
8.365 -11.8796
8.370 -11.9441
8.375 -11.9961
8.380 -12.0366
8.385 -12.0671
8.390 -12.0888
8.395 -12.1030
8.400 -12.1109
8.405 -12.1136
8.410 -12.1119
8.415 -12.1064
8.420 -12.0977
8.425 -12.0862
8.430 -12.0724
8.435 -12.0565
8.440 -12.0390
8.445 -12.0200
8.450 -11.9998
8.455 -11.9787
8.460 -11.9569
8.465 -11.9345
8.470 -11.9119
8.475 -11.8890
8.480 -11.8660
8.485 -11.8432
8.490 -11.8207
8.495 -11.7987
8.500 -11.7773
8.505 -11.7565
8.510 -11.7366
8.515 -11.7175
8.520 -11.6994
8.525 -11.6824
8.530 -11.6666
8.535 -11.6522
8.540 -11.6392
8.545 -11.6277
8.550 -11.6179
8.555 -11.6099
8.560 -11.6037
8.565 -11.5994
8.570 -11.5973
8.575 -11.5974
8.580 -11.5998
8.585 -11.6046
8.590 -11.6118
8.595 -11.6215
8.600 -11.6337
8.605 -11.6484
8.610 -11.6656
8.615 -11.6852
8.620 -11.7068
8.625 -11.7301
8.630 -11.7549
8.635 -11.7806
8.640 -11.8064
8.645 -11.8314
8.650 -11.8545
8.655 -11.8739
8.660 -11.8877
8.665 -11.8935
8.670 -11.8883
8.675 -11.8685
8.680 -11.8294
8.685 -11.7657
8.690 -11.6711
8.695 -11.5383
8.700 -11.3594
8.705 -11.1274
8.710 -10.8375
8.715 -10.4908
8.720 -10.0986
8.725 -9.6868
8.730 -9.2981
8.735 -8.9884
8.740 -8.8148
8.745 -8.8182
8.750 -9.0070
8.755 -9.3534
8.760 -9.8027
8.765 -10.2920
8.770 -10.7661
8.775 -11.1875
8.780 -11.5362
8.785 -11.8071
8.790 -12.0039
8.795 -12.1353
8.800 -12.2113
8.805 -12.2420
8.810 -12.2359
8.815 -12.2003
8.820 -12.1412
8.825 -12.0632
8.830 -11.9697
8.835 -11.8636
8.840 -11.7468
8.845 -11.6210
8.850 -11.4875
8.855 -11.3475
8.860 -11.2023
8.865 -11.0538
8.870 -10.9043
8.875 -10.7573
8.880 -10.6174
8.885 -10.4903
8.890 -10.3825
8.895 -10.3007
8.900 -10.2507
8.905 -10.2362
8.910 -10.2582
8.915 -10.3146
8.920 -10.3997
8.925 -10.5061
8.930 -10.6247
8.935 -10.7466
8.940 -10.8639
8.945 -10.9703
8.950 -11.0614
8.955 -11.1347
8.960 -11.1893
8.965 -11.2253
8.970 -11.2440
8.975 -11.2472
8.980 -11.2370
8.985 -11.2156
8.990 -11.1852
8.995 -11.1479
9.000 -11.1057
9.005 -11.0604
9.010 -11.0137
9.015 -10.9672
9.020 -10.9228
9.025 -10.8820
9.030 -10.8465
9.035 -10.8180
9.040 -10.7978
9.045 -10.7873
9.050 -10.7869
9.055 -10.7970
9.060 -10.8173
9.065 -10.8466
9.070 -10.8836
9.075 -10.9264
9.080 -10.9729
9.085 -11.0211
9.090 -11.0691
9.095 -11.1153
9.100 -11.1585
9.105 -11.1976
9.110 -11.2323
9.115 -11.2624
9.120 -11.2879
9.125 -11.3093
9.130 -11.3270
9.135 -11.3414
9.140 -11.3531
9.145 -11.3621
9.150 -11.3686
9.155 -11.3723
9.160 -11.3724
9.165 -11.3680
9.170 -11.3574
9.175 -11.3383
9.180 -11.3083
9.185 -11.2643
9.190 -11.2029
9.195 -11.1208
9.200 -11.0153
9.205 -10.8847
9.210 -10.7294
9.215 -10.5525
9.220 -10.3613
9.225 -10.1670
9.230 -9.9847
9.235 -9.8312
9.240 -9.7227
9.245 -9.6707
9.250 -9.6794
9.255 -9.7439
9.260 -9.8516
9.265 -9.9840
9.270 -10.1206
9.275 -10.2424
9.280 -10.3337
9.285 -10.3831
9.290 -10.3844
9.295 -10.3364
9.300 -10.2423
9.305 -10.1103
9.310 -9.9533
9.315 -9.7882
9.320 -9.6346
9.325 -9.5122
9.330 -9.4379
9.335 -9.4223
9.340 -9.4681
9.345 -9.5694
9.350 -9.7142
9.355 -9.8867
9.360 -10.0710
9.365 -10.2533
9.370 -10.4235
9.375 -10.5745
9.380 -10.7027
9.385 -10.8068
9.390 -10.8864
9.395 -10.9416
9.400 -10.9721
9.405 -10.9766
9.410 -10.9525
9.415 -10.8960
9.420 -10.8019
9.425 -10.6644
9.430 -10.4783
9.435 -10.2401
9.440 -9.9513
9.445 -9.6211
9.450 -9.2687
9.455 -8.9239
9.460 -8.6242
9.465 -8.4067
9.470 -8.2981
9.475 -8.3055
9.480 -8.4137
9.485 -8.5903
9.490 -8.7961
9.495 -8.9952
9.500 -9.1621
9.505 -9.2840
9.510 -9.3595
9.515 -9.3958
9.520 -9.4048
9.525 -9.4003
9.530 -9.3949
9.535 -9.3984
9.540 -9.4166
9.545 -9.4515
9.550 -9.5014
9.555 -9.5621
9.560 -9.6285
9.565 -9.6950
9.570 -9.7572
9.575 -9.8114
9.580 -9.8557
9.585 -9.8889
9.590 -9.9115
9.595 -9.9242
9.600 -9.9284
9.605 -9.9260
9.610 -9.9186
9.615 -9.9082
9.620 -9.8965
9.625 -9.8851
9.630 -9.8752
9.635 -9.8680
9.640 -9.8646
9.645 -9.8655
9.650 -9.8713
9.655 -9.8819
9.660 -9.8974
9.665 -9.9174
9.670 -9.9412
9.675 -9.9681
9.680 -9.9970
9.685 -10.0267
9.690 -10.0557
9.695 -10.0826
9.700 -10.1056
9.705 -10.1230
9.710 -10.1327
9.715 -10.1326
9.720 -10.1207
9.725 -10.0945
9.730 -10.0519
9.735 -9.9905
9.740 -9.9082
9.745 -9.8035
9.750 -9.6753
9.755 -9.5236
9.760 -9.3500
9.765 -9.1579
9.770 -8.9529
9.775 -8.7432
9.780 -8.5390
9.785 -8.3522
9.790 -8.1953
9.795 -8.0796
9.800 -8.0137
9.805 -8.0026
9.810 -8.0469
9.815 -8.1427
9.820 -8.2823
9.825 -8.4559
9.830 -8.6521
9.835 -8.8595
9.840 -9.0675
9.845 -9.2672
9.850 -9.4510
9.855 -9.6137
9.860 -9.7519
9.865 -9.8635
9.870 -9.9481
9.875 -10.0061
9.880 -10.0386
9.885 -10.0473
9.890 -10.0342
9.895 -10.0014
9.900 -9.9513
9.905 -9.8862
9.910 -9.8088
9.915 -9.7221
9.920 -9.6291
9.925 -9.5332
9.930 -9.4380
9.935 -9.3469
9.940 -9.2634
9.945 -9.1904
9.950 -9.1301
9.955 -9.0837
9.960 -9.0515
9.965 -9.0327
9.970 -9.0257
9.975 -9.0281
9.980 -9.0370
9.985 -9.0496
9.990 -9.0630
9.995 -9.0746
