0.0 46.8000
0.005 46.8167
0.01 46.9211
0.015 47.0036
0.02 47.0605
0.025 47.0857
0.03 47.0711
0.035 47.0059
0.04 46.8770
0.045 46.6689
0.05 46.3640
0.055 45.9429
0.06 45.3848
0.065 44.6691
0.07 43.7765
0.075 42.6917
0.08 41.4062
0.085 39.9223
0.09 38.2561
0.095 36.4411
0.1 34.5295
0.105 32.5898
0.11 30.7015
0.115 28.9452
0.12 27.3918
0.125 26.0926
0.13 25.0727
0.135 24.3303
0.14 23.8421
0.145 23.5718
0.15 23.4807
0.155 23.5300
0.16 23.6843
0.165 23.9165
0.17 24.2126
0.175 24.5668
0.18 24.9794
0.185 25.4567
0.19 26.0023
0.195 26.6148
0.2 27.2790
0.205 27.9606
0.21 28.6196
0.215 29.2222
0.22 29.7465
0.225 30.1821
0.23 30.5248
0.235 30.7786
0.24 30.9422
0.245 31.0116
0.25 30.9851
0.255 30.8619
0.26 30.6522
0.265 30.3822
0.27 30.0958
0.275 29.8517
0.28 29.7136
0.285 29.7313
0.29 29.9343
0.295 30.3311
0.3 30.9050
0.305 31.6203
0.31 32.4191
0.315 33.2323
0.32 33.9894
0.325 34.6238
0.33 35.0867
0.335 35.3455
0.34 35.3829
0.345 35.1946
0.35 34.7911
0.355 34.1979
0.36 33.4456
0.365 32.5730
0.37 31.6348
0.375 30.6882
0.38 29.7899
0.385 28.9927
0.39 28.3341
0.395 27.8380
0.4 27.5102
0.405 27.3354
0.41 27.2780
0.415 27.2950
0.42 27.3397
0.425 27.3732
0.43 27.3836
0.435 27.3783
0.44 27.3785
0.445 27.4134
0.45 27.5094
0.455 27.6746
0.46 27.8960
0.465 28.1528
0.47 28.4233
0.475 28.6831
0.48 28.9141
0.485 29.1102
0.49 29.2800
0.495 29.4403
0.5 29.6134
0.505 29.8260
0.51 30.1021
0.515 30.4670
0.52 30.9387
0.525 31.5202
0.53 32.1971
0.535 32.9435
0.54 33.7190
0.545 34.4774
0.55 35.1784
0.555 35.7781
0.56 36.2417
0.565 36.5445
0.57 36.6696
0.575 36.6151
0.58 36.3979
0.585 36.0609
0.59 35.6703
0.595 35.3026
0.6 35.0328
0.605 34.9119
0.61 34.9442
0.615 35.0881
0.62 35.2766
0.625 35.4385
0.63 35.5191
0.635 35.4874
0.64 35.3322
0.645 35.0668
0.65 34.7212
0.655 34.3317
0.66 33.9363
0.665 33.5657
0.67 33.2300
0.675 32.9197
0.68 32.6193
0.685 32.3180
0.69 32.0172
0.695 31.7359
0.7 31.5140
0.705 31.3986
0.71 31.4310
0.715 31.6350
0.72 32.0084
0.725 32.5194
0.73 33.1149
0.735 33.7373
0.74 34.3326
0.745 34.8594
0.75 35.2993
0.755 35.6397
0.76 35.8733
0.765 35.9989
0.77 36.0119
0.775 35.9101
0.78 35.6909
0.785 35.3538
0.79 34.9039
0.795 34.3551
0.8 33.7283
0.805 33.0653
0.81 32.4167
0.815 31.8334
0.82 31.3610
0.825 31.0190
0.83 30.8048
0.835 30.6944
0.84 30.6539
0.845 30.6420
0.85 30.6239
0.855 30.5891
0.86 30.5497
0.865 30.5320
0.87 30.5727
0.875 30.7123
0.88 30.9673
0.885 31.3177
0.89 31.7148
0.895 32.0939
0.9 32.3942
0.905 32.5721
0.91 32.6156
0.915 32.5532
0.92 32.4409
0.925 32.3433
0.93 32.3263
0.935 32.4414
0.94 32.7109
0.945 33.1273
0.95 33.6596
0.955 34.2635
0.96 34.8928
0.965 35.4961
0.97 36.0198
0.975 36.4186
0.98 36.6565
0.985 36.7066
0.99 36.5506
0.995 36.1827
1.0 35.6122
1.01 34.8764
1.01 34.0511
1.02 33.2446
1.02 32.5836
1.03 32.1821
1.03 32.0958
1.03 32.2942
1.04 32.6690
1.04 33.0807
1.05 33.4019
1.05 33.5515
1.06 33.5080
1.06 33.2921
1.07 32.9530
1.07 32.5602
1.08 32.1852
1.08 31.8817
1.09 31.6854
1.09 31.6192
1.1 31.6912
1.1 31.8958
1.11 32.2161
1.11 32.6277
1.12 33.1011
1.12 33.6003
1.13 34.0853
1.13 34.5160
1.14 34.8581
1.14 35.0785
1.15 35.1466
1.15 35.0421
1.16 34.7532
1.16 34.2806
1.17 33.6367
1.17 32.8463
1.18 31.9502
1.18 31.0024
1.19 30.0666
1.19 29.2071
1.2 28.4765
1.2 27.9118
1.21 27.5272
1.21 27.3183
1.22 27.2763
1.22 27.3903
1.23 27.6468
1.23 28.0212
1.24 28.4703
1.24 28.9303
1.25 29.3255
1.25 29.5870
1.26 29.6767
1.26 29.6050
1.27 29.4393
1.27 29.2855
1.28 29.2516
1.28 29.4037
1.29 29.7404
1.29 30.2091
1.3 30.7446
1.3 31.3005
1.31 31.8561
1.31 32.4083
1.32 32.9527
1.32 33.4752
1.33 33.9527
1.33 34.3519
1.34 34.6398
1.34 34.7876
1.35 34.7772
1.35 34.6093
1.36 34.3062
1.36 33.9105
1.37 33.4788
1.37 33.0718
1.38 32.7368
1.38 32.4977
1.39 32.3527
1.39 32.2764
1.4 32.2292
1.4 32.1668
1.41 32.0494
1.41 31.8550
1.42 31.5838
1.42 31.2605
1.43 30.9194
1.43 30.5907
1.44 30.2980
1.44 30.0539
1.45 29.8612
1.45 29.7237
1.46 29.6532
1.46 29.6770
1.47 29.8265
1.47 30.1178
1.48 30.5450
1.48 31.0765
1.49 31.6609
1.49 32.2361
1.5 32.7431
1.5 33.1418
1.51 33.4164
1.51 33.5700
1.52 33.6195
1.52 33.5917
1.53 33.5131
1.53 33.4049
1.54 33.2813
1.54 33.1516
1.55 33.0155
1.55 32.8673
1.56 32.7061
1.56 32.5318
1.57 32.3447
1.57 32.1489
1.58 31.9512
1.58 31.7586
1.59 31.5728
1.59 31.3887
1.6 31.1995
1.6 30.9930
1.61 30.7544
1.61 30.4699
1.62 30.1339
1.62 29.7532
1.63 29.3444
1.63 28.9358
1.64 28.5642
1.64 28.2687
1.65 28.0882
1.65 28.0570
1.66 28.1896
1.66 28.4786
1.67 28.8985
1.67 29.3990
1.68 29.9139
1.68 30.3793
1.69 30.7426
1.69 30.9714
1.7 31.0561
1.7 31.0076
1.71 30.8553
1.71 30.6352
1.72 30.3840
1.72 30.1286
1.73 29.8749
1.73 29.6059
1.74 29.2848
1.74 28.8652
1.75 28.3265
1.75 27.7104
1.76 27.1524
1.76 26.8751
1.77 27.0920
1.77 27.8829
1.78 29.1387
1.78 30.6275
1.79 32.1167
1.79 33.4490
1.8 34.5506
1.8 35.4080
1.81 36.0335
1.81 36.4406
1.82 36.6433
1.82 36.6499
1.83 36.4614
1.83 36.0834
1.84 35.5300
1.84 34.8268
1.85 34.0117
1.85 33.1239
1.86 32.1946
1.86 31.2436
1.87 30.2757
1.87 29.2966
1.88 28.3308
1.88 27.4343
1.89 26.6882
1.89 26.1762
1.9 25.9511
1.9 26.0184
1.91 26.3431
1.91 26.8642
1.92 27.5111
1.92 28.2181
1.93 28.9367
1.93 29.6364
1.94 30.3045
1.94 30.9453
1.95 31.5690
1.95 32.1821
1.96 32.7828
1.96 33.3571
1.97 33.8844
1.97 34.3435
1.98 34.7167
1.98 34.9993
1.99 35.1991
1.99 35.3277
2.0 35.4036
2.0 35.4497
2.01 35.4841
2.01 35.5204
2.02 35.5646
2.02 35.6120
2.03 35.6440
2.03 35.6333
2.04 35.5515
2.04 35.3685
2.05 35.0658
2.05 34.6402
2.06 34.1036
2.06 33.4843
2.07 32.8269
2.07 32.1797
2.08 31.5864
2.08 31.0879
2.09 30.7153
2.09 30.4804
2.1 30.3725
2.1 30.3666
2.11 30.4182
2.11 30.4747
2.12 30.4958
2.12 30.4583
2.13 30.3579
2.13 30.2114
2.14 30.0590
2.14 29.9468
2.15 29.9109
2.15 29.9700
2.16 30.1185
2.16 30.3338
2.17 30.5891
2.17 30.8696
2.18 31.1716
2.18 31.4987
2.19 31.8638
2.19 32.2773
2.2 32.7390
2.2 33.2342
2.21 33.7378
2.21 34.2156
2.22 34.6308
2.22 34.9578
2.23 35.1802
2.23 35.2905
2.24 35.2896
2.24 35.1847
2.25 34.9948
2.25 34.7284
2.26 34.3894
2.26 33.9959
2.27 33.5690
2.27 33.1307
2.28 32.6939
2.28 32.2674
2.29 31.8571
2.29 31.4620
2.3 31.0814
2.3 30.7106
2.31 30.3444
2.31 29.9828
2.32 29.6347
2.32 29.3246
2.33 29.0966
2.33 29.0040
2.34 29.0996
2.34 29.4212
2.35 29.9713
2.35 30.7112
2.36 31.5700
2.36 32.4644
2.37 33.3206
2.37 34.0824
2.38 34.7134
2.38 35.1930
2.39 35.5119
2.39 35.6684
2.4 35.6593
2.4 35.4852
2.41 35.1528
2.41 34.6724
2.42 34.0676
2.42 33.3816
2.43 32.6708
2.43 31.9993
2.44 31.4356
2.44 31.0332
2.45 30.8197
2.45 30.8012
2.46 30.9607
2.46 31.2649
2.47 31.6731
2.47 32.1418
2.48 32.6256
2.48 33.0805
2.49 33.4691
2.49 33.7592
2.5 33.9295
2.5 33.9699
2.51 33.8835
2.51 33.6888
2.52 33.4149
2.52 33.1001
2.53 32.7923
2.53 32.5326
2.54 32.3480
2.54 32.2513
2.55 32.2350
2.55 32.2791
2.56 32.3502
2.56 32.4093
2.57 32.4240
2.57 32.3723
2.58 32.2482
2.58 32.0640
2.59 31.8439
2.59 31.6175
2.6 31.4123
2.6 31.2493
2.61 31.1388
2.61 31.0783
2.62 31.0584
2.62 31.0674
2.63 31.0933
2.63 31.1312
2.64 31.1832
2.64 31.2550
2.65 31.3492
2.65 31.4683
2.66 31.6054
2.66 31.7457
2.67 31.8787
2.67 31.9962
2.68 32.0927
2.68 32.1700
2.69 32.2368
2.69 32.3040
2.7 32.3846
2.7 32.4899
2.71 32.6279
2.71 32.8022
2.72 33.0104
2.72 33.2471
2.73 33.5032
2.73 33.7663
2.74 34.0260
2.74 34.2735
2.75 34.4908
2.75 34.6550
2.76 34.7489
2.76 34.7529
2.77 34.6496
2.77 34.4268
2.78 34.0771
2.78 33.6057
2.79 33.0324
2.79 32.3957
2.8 31.7495
2.8 31.1584
2.81 30.6923
2.81 30.4111
2.82 30.3540
2.82 30.5354
2.83 30.9412
2.83 31.5323
2.84 32.2559
2.84 33.0489
2.85 33.8486
2.85 34.6078
2.86 35.2916
2.86 35.8776
2.87 36.3524
2.87 36.7095
2.88 36.9532
2.88 37.0847
2.89 37.1020
2.89 37.0072
2.9 36.8028
2.9 36.4862
2.91 36.0522
2.91 35.4969
2.92 34.8179
2.92 34.0213
2.93 33.1236
2.93 32.1526
2.94 31.1510
2.94 30.1764
2.95 29.2894
2.95 28.5461
2.96 27.9941
2.96 27.6628
2.97 27.5596
2.97 27.6714
2.98 27.9647
2.98 28.3894
2.99 28.8877
2.99 29.4002
3.0 29.8694
3.0 30.2510
3.01 30.5218
3.01 30.6729
3.02 30.7089
3.02 30.6493
3.03 30.5228
3.03 30.3603
3.04 30.1916
3.04 30.0416
3.05 29.9280
3.05 29.8608
3.06 29.8416
3.06 29.8635
3.07 29.9164
3.07 29.9886
3.08 30.0711
3.08 30.1666
3.09 30.2875
3.09 30.4491
3.1 30.6693
3.1 30.9627
3.11 31.3324
3.11 31.7714
3.12 32.2610
3.12 32.7788
3.13 33.2987
3.13 33.7919
3.14 34.2317
3.14 34.5902
3.15 34.8457
3.15 34.9743
3.16 34.9508
3.16 34.7576
3.17 34.3801
3.17 33.8169
3.18 33.0929
3.18 32.2589
3.19 31.3964
3.19 30.6132
3.2 30.0101
3.2 29.6463
3.21 29.5190
3.21 29.5680
3.22 29.7063
3.22 29.8585
3.23 29.9691
3.23 30.0000
3.24 29.9302
3.24 29.7485
3.25 29.4518
3.25 29.0450
3.26 28.5430
3.26 27.9690
3.27 27.3527
3.27 26.7313
3.28 26.1470
3.28 25.6506
3.29 25.2927
3.29 25.1149
3.3 25.1390
3.3 25.3452
3.31 25.6715
3.31 26.0413
3.32 26.3904
3.32 26.6829
3.33 26.9047
3.33 27.0641
3.34 27.1827
3.34 27.2894
3.35 27.4157
3.35 27.5868
3.36 27.8273
3.36 28.1435
3.37 28.5232
3.37 28.9466
3.38 29.3890
3.38 29.8250
3.39 30.2304
3.39 30.5789
3.4 30.8485
3.4 31.0256
3.41 31.1045
3.41 31.0868
3.42 30.9814
3.42 30.7979
3.43 30.5423
3.43 30.2150
3.44 29.8053
3.44 29.2970
3.45 28.6821
3.45 27.9668
3.46 27.1854
3.46 26.4009
3.47 25.6900
3.47 25.1344
3.48 24.8040
3.48 24.7411
3.49 24.9561
3.49 25.4276
3.5 26.1104
3.5 26.9437
3.51 27.8593
3.51 28.7918
3.52 29.6838
3.52 30.4961
3.53 31.2046
3.53 31.7938
3.54 32.2604
3.54 32.6114
3.55 32.8566
3.55 33.0007
3.56 33.0445
3.56 32.9881
3.57 32.8290
3.57 32.5656
3.58 32.2014
3.58 31.7449
3.59 31.2048
3.59 30.5969
3.6 29.9518
3.6 29.3083
3.61 28.7130
3.61 28.2149
3.62 27.8566
3.62 27.6632
3.63 27.6334
3.63 27.7469
3.64 27.9689
3.64 28.2591
3.65 28.5831
3.65 28.9157
3.66 29.2311
3.66 29.5076
3.67 29.7274
3.67 29.8731
3.68 29.9355
3.68 29.9122
3.69 29.8068
3.69 29.6319
3.7 29.4100
3.7 29.1697
3.71 28.9373
3.71 28.7290
3.72 28.5555
3.72 28.4275
3.73 28.3499
3.73 28.3263
3.74 28.3608
3.74 28.4546
3.75 28.6076
3.75 28.8183
3.76 29.0789
3.76 29.3806
3.77 29.7236
3.77 30.1069
3.78 30.5257
3.78 30.9722
3.79 31.4301
3.79 31.8584
3.8 32.1955
3.8 32.3801
3.81 32.3621
3.81 32.1284
3.82 31.7327
3.82 31.3090
3.83 31.0330
3.83 31.0405
3.84 31.3501
3.84 31.8505
3.85 32.3684
3.85 32.7498
3.86 32.9053
3.86 32.8078
3.87 32.4736
3.87 31.9438
3.88 31.2657
3.88 30.4876
3.89 29.6579
3.89 28.8259
3.9 28.0457
3.9 27.3657
3.91 26.8254
3.91 26.4564
3.92 26.2879
3.92 26.3403
3.93 26.6206
3.93 27.1305
3.94 27.8541
3.94 28.7537
3.95 29.7760
3.95 30.8564
3.96 31.9278
3.96 32.9296
3.97 33.8180
3.97 34.5629
3.98 35.1456
3.98 35.5664
3.99 35.8336
3.99 35.9615
4.0 35.9742
4.0 35.8957
4.01 35.7515
4.01 35.5705
4.02 35.3817
4.02 35.2070
4.03 35.0568
4.03 34.9321
4.04 34.8217
4.04 34.7068
4.05 34.5642
4.05 34.3672
4.06 34.0974
4.06 33.7433
4.07 33.3010
4.07 32.7822
4.08 32.2119
4.08 31.6284
4.09 31.0808
4.09 30.6231
4.1 30.3103
4.1 30.1817
4.11 30.2510
4.11 30.5064
4.12 30.9146
4.12 31.4317
4.13 32.0072
4.13 32.5913
4.14 33.1394
4.14 33.6163
4.15 33.9901
4.15 34.2390
4.16 34.3473
4.16 34.3037
4.17 34.1142
4.17 33.7965
4.18 33.3831
4.18 32.9174
4.19 32.4513
4.19 32.0362
4.2 31.7161
4.2 31.5203
4.21 31.4547
4.21 31.5092
4.22 31.6531
4.22 31.8454
4.23 32.0492
4.23 32.2305
4.24 32.3653
4.24 32.4433
4.25 32.4608
4.25 32.4206
4.26 32.3302
4.26 32.1992
4.27 32.0361
4.27 31.8453
4.28 31.6274
4.28 31.3827
4.29 31.1151
4.29 30.8259
4.3 30.5231
4.3 30.2261
4.31 29.9569
4.31 29.7398
4.32 29.5966
4.32 29.5395
4.33 29.5717
4.33 29.6879
4.34 29.8769
4.34 30.1222
4.35 30.4095
4.35 30.7332
4.36 31.0921
4.36 31.4889
4.37 31.9172
4.37 32.3606
4.38 32.7999
4.38 33.2060
4.39 33.5492
4.39 33.8039
4.4 33.9535
4.4 33.9873
4.41 33.9008
4.41 33.7067
4.42 33.4287
4.42 33.1075
4.43 32.7875
4.43 32.5146
4.44 32.3317
4.44 32.2621
4.45 32.3099
4.45 32.4512
4.46 32.6371
4.46 32.8065
4.47 32.9008
4.47 32.8785
4.48 32.7226
4.48 32.4364
4.49 32.0355
4.49 31.5493
4.5 31.0162
4.5 30.4709
4.51 29.9409
4.51 29.4562
4.52 29.0492
4.52 28.7547
4.53 28.6112
4.53 28.6466
4.54 28.8736
4.54 29.2909
4.55 29.8810
4.55 30.6059
4.56 31.4157
4.56 32.2554
4.57 33.0701
4.57 33.8166
4.58 34.4572
4.58 34.9642
4.59 35.3320
4.59 35.5565
4.6 35.6348
4.6 35.5782
4.61 35.4031
4.61 35.1283
4.62 34.7788
4.62 34.3804
4.63 33.9591
4.63 33.5417
4.64 33.1527
4.64 32.8140
4.65 32.5434
4.65 32.3476
4.66 32.2241
4.66 32.1643
4.67 32.1507
4.67 32.1584
4.68 32.1594
4.68 32.1249
4.69 32.0274
4.69 31.8487
4.7 31.5801
4.7 31.2232
4.71 30.7903
4.71 30.2996
4.72 29.7742
4.72 29.2396
4.73 28.7196
4.73 28.2344
4.74 27.7900
4.74 27.3803
4.75 26.9926
4.75 26.6111
4.76 26.2340
4.76 25.8913
4.77 25.6503
4.77 25.6090
4.78 25.8641
4.78 26.4586
4.79 27.3508
4.79 28.4302
4.8 29.5552
4.8 30.5982
4.81 31.4739
4.81 32.1364
4.82 32.5664
4.82 32.7584
4.83 32.7161
4.83 32.4534
4.84 31.9879
4.84 31.3490
4.85 30.5981
4.85 29.8218
4.86 29.1261
4.86 28.6324
4.87 28.4408
4.87 28.6011
4.88 29.1050
4.88 29.8810
4.89 30.8187
4.89 31.8104
4.9 32.7711
4.9 33.6411
4.91 34.3833
4.91 34.9793
4.92 35.4071
4.92 35.6350
4.93 35.6374
4.93 35.3935
4.94 34.8941
4.94 34.1479
4.95 33.1812
4.95 32.0361
4.96 30.7664
4.96 29.4363
4.97 28.1220
4.97 26.8989
4.98 25.8336
4.98 24.9802
4.99 24.3744
4.99 24.0357
5.0 23.9599
5.0 24.1292
5.01 24.5205
5.01 25.1047
5.02 25.8531
5.02 26.7355
5.03 27.7148
5.03 28.7473
5.04 29.7869
5.04 30.7873
5.05 31.7045
5.05 32.4988
5.06 33.1355
5.06 33.5844
5.07 33.8220
5.07 33.8355
5.08 33.6242
5.08 33.1998
5.09 32.5850
5.09 31.8183
5.1 30.9589
5.1 30.0760
5.11 29.2481
5.11 28.5590
5.12 28.0873
5.12 27.9002
5.13 28.0351
5.13 28.4731
5.14 29.1352
5.14 29.9064
5.15 30.6669
5.15 31.3285
5.16 31.8481
5.16 32.2202
5.17 32.4690
5.17 32.6342
5.18 32.7594
5.18 32.8746
5.19 32.9962
5.19 33.1334
5.2 33.2851
5.2 33.4412
5.21 33.5860
5.21 33.7085
5.22 33.7941
5.22 33.8311
5.23 33.8182
5.23 33.7597
5.24 33.6664
5.24 33.5425
5.25 33.3845
5.25 33.1921
5.26 32.9551
5.26 32.6613
5.27 32.3190
5.27 31.9525
5.28 31.6013
5.28 31.3173
5.29 31.1485
5.29 31.1202
5.3 31.2203
5.3 31.4051
5.31 31.6198
5.31 31.8072
5.32 31.9203
5.32 31.9402
5.33 31.8748
5.33 31.7514
5.34 31.6075
5.34 31.4830
5.35 31.4044
5.35 31.3761
5.36 31.3865
5.36 31.3994
5.37 31.3590
5.37 31.2121
5.38 30.9120
5.38 30.4331
5.39 29.7860
5.39 29.0233
5.4 28.2296
5.4 27.5097
5.41 26.9745
5.41 26.7161
5.42 26.7881
5.42 27.1973
5.43 27.9069
5.43 28.8464
5.44 29.9274
5.44 31.0570
5.45 32.1465
5.45 33.1249
5.46 33.9472
5.46 34.5915
5.47 35.0522
5.47 35.3433
5.48 35.4880
5.48 35.5089
5.49 35.4239
5.49 35.2417
5.5 34.9687
5.5 34.6084
5.51 34.1679
5.51 33.6596
5.52 33.0959
5.52 32.4916
5.53 31.8646
5.53 31.2248
5.54 30.5761
5.54 29.9286
5.55 29.2907
5.55 28.6697
5.56 28.0769
5.56 27.5261
5.57 27.0389
5.57 26.6505
5.58 26.4028
5.58 26.3389
5.59 26.4879
5.59 26.8550
5.6 27.4286
5.6 28.1713
5.61 29.0295
5.61 29.9585
5.62 30.9148
5.62 31.8591
5.63 32.7685
5.63 33.6300
5.64 34.4374
5.64 35.1835
5.65 35.8542
5.65 36.4373
5.66 36.9177
5.66 37.2756
5.67 37.4957
5.67 37.5676
5.68 37.4861
5.68 37.2525
5.69 36.8784
5.69 36.3861
5.7 35.8094
5.7 35.1903
5.71 34.5766
5.71 34.0195
5.72 33.5645
5.72 33.2443
5.73 33.0663
5.73 33.0123
5.74 33.0495
5.74 33.1285
5.75 33.1948
5.75 33.2040
5.76 33.1306
5.76 32.9639
5.77 32.7067
5.77 32.3819
5.78 32.0283
5.78 31.6773
5.79 31.3486
5.79 31.0556
5.8 30.7964
5.8 30.5602
5.81 30.3241
5.81 30.0583
5.82 29.7380
5.82 29.3437
5.83 28.8573
5.83 28.2657
5.84 27.5738
5.84 26.8057
5.85 26.0044
5.85 25.2325
5.86 24.5671
5.86 24.0897
5.87 23.8685
5.87 23.9465
5.88 24.3340
5.88 25.0022
5.89 25.8880
5.89 26.9048
5.9 27.9493
5.9 28.9168
5.91 29.7230
5.91 30.3140
5.92 30.6795
5.92 30.8538
5.93 30.9040
5.93 30.9155
5.94 30.9751
5.94 31.1465
5.95 31.4576
5.95 31.8927
5.96 32.4018
5.96 32.9235
5.97 33.3985
5.97 33.7874
5.98 34.0798
5.98 34.2910
5.99 34.4584
5.99 34.6207
6.0 34.7967
6.0 34.9875
6.01 35.1775
6.01 35.3377
6.02 35.4426
6.02 35.4765
6.03 35.4321
6.03 35.3086
6.04 35.1105
6.04 34.8483
6.05 34.5363
6.05 34.1901
6.06 33.8264
6.06 33.4665
6.07 33.1272
6.07 32.8210
6.08 32.5614
6.08 32.3514
6.09 32.1856
6.09 32.0438
6.1 31.8919
6.1 31.6938
6.11 31.4150
6.11 31.0375
6.12 30.5718
6.12 30.0690
6.13 29.6230
6.13 29.3457
6.14 29.3284
6.14 29.5920
6.15 30.0701
6.15 30.6473
6.16 31.2098
6.16 31.6735
6.17 31.9980
6.17 32.1856
6.18 32.2621
6.18 32.2628
6.19 32.2282
6.19 32.1866
6.2 32.1471
6.2 32.1176
6.21 32.0935
6.21 32.0604
6.22 32.0070
6.22 31.9216
6.23 31.7975
6.23 31.6291
6.24 31.4180
6.24 31.1878
6.25 30.9577
6.25 30.7502
6.26 30.6040
6.26 30.5496
6.27 30.6043
6.27 30.7638
6.28 31.0035
6.28 31.2815
6.29 31.5475
6.29 31.7605
6.3 31.8959
6.3 31.9485
6.31 31.9254
6.31 31.8424
6.32 31.7230
6.32 31.5990
6.33 31.5023
6.33 31.4553
6.34 31.4703
6.34 31.5469
6.35 31.6554
6.35 31.7436
6.36 31.7631
6.36 31.6711
6.37 31.4435
6.37 31.0809
6.38 30.6129
6.38 30.1024
6.39 29.6371
6.39 29.3260
6.4 29.2755
6.4 29.5437
6.41 30.1079
6.41 30.8596
6.42 31.6446
6.42 32.3179
6.43 32.7866
6.43 33.0231
6.44 33.0484
6.44 32.9055
6.45 32.6407
6.45 32.2948
6.46 31.8995
6.46 31.4824
6.47 31.0774
6.47 30.7228
6.48 30.4526
6.48 30.2932
6.49 30.2538
6.49 30.3203
6.5 30.4667
6.5 30.6628
6.51 30.8820
6.51 31.1054
6.52 31.3196
6.52 31.5138
6.53 31.6733
6.53 31.7754
6.54 31.7912
6.54 31.6914
6.55 31.4532
6.55 31.0690
6.56 30.5565
6.56 29.9564
6.57 29.3252
6.57 28.7254
6.58 28.2196
6.58 27.8550
6.59 27.6602
6.59 27.6508
6.6 27.8260
6.6 28.1747
6.61 28.6770
6.61 29.3079
6.62 30.0394
6.62 30.8387
6.63 31.6650
6.63 32.4703
6.64 33.2015
6.64 33.8064
6.65 34.2468
6.65 34.4991
6.66 34.5536
6.66 34.4196
6.67 34.1202
6.67 33.6845
6.68 33.1516
6.68 32.5680
6.69 31.9828
6.69 31.4524
6.7 31.0332
6.7 30.7683
6.71 30.6724
6.71 30.7254
6.72 30.8812
6.72 31.0789
6.73 31.2578
6.73 31.3775
6.74 31.4087
6.74 31.3377
6.75 31.1710
6.75 30.9351
6.76 30.6793
6.76 30.4654
6.77 30.3644
6.77 30.4334
6.78 30.6973
6.78 31.1437
6.79 31.7194
6.79 32.3462
6.8 32.9437
6.8 33.4424
6.81 33.7933
6.81 33.9736
6.82 33.9829
6.82 33.8398
6.83 33.5692
6.83 33.1930
6.84 32.7309
6.84 32.1958
6.85 31.5922
6.85 30.9220
6.86 30.1934
6.86 29.4231
6.87 28.6403
6.87 27.8884
6.88 27.2132
6.88 26.6559
6.89 26.2486
6.89 26.0048
6.9 25.9200
6.9 25.9740
6.91 26.1406
6.91 26.3919
6.92 26.7009
6.92 27.0464
6.93 27.4131
6.93 27.7912
6.94 28.1775
6.94 28.5681
6.95 28.9551
6.95 29.3298
6.96 29.6830
6.96 30.0044
6.97 30.2817
6.97 30.5035
6.98 30.6595
6.98 30.7393
6.99 30.7352
6.99 30.6550
7.0 30.5012
7.0 30.2740
7.01 30.0056
7.01 29.7311
7.02 29.4809
7.02 29.2835
7.03 29.1493
7.03 29.0676
7.04 29.0129
7.04 28.9578
7.05 28.8887
7.05 28.8077
7.06 28.7321
7.06 28.6921
7.07 28.7236
7.07 28.8580
7.08 29.1144
7.08 29.4996
7.09 30.0037
7.09 30.6038
7.1 31.2662
7.1 31.9521
7.11 32.6255
7.11 33.2581
7.12 33.8259
7.12 34.3113
7.13 34.7079
7.13 35.0115
7.14 35.2192
7.14 35.3367
7.15 35.3714
7.15 35.3318
7.16 35.2280
7.16 35.0689
7.17 34.8644
7.17 34.6213
7.18 34.3449
7.18 34.0388
7.19 33.7041
7.19 33.3461
7.2 32.9733
7.2 32.6009
7.21 32.2485
7.21 31.9439
7.22 31.7159
7.22 31.5945
7.23 31.6111
7.23 31.7769
7.24 32.0728
7.24 32.4559
7.25 32.8667
7.25 33.2413
7.26 33.5279
7.26 33.6939
7.27 33.7270
7.27 33.6290
7.28 33.4061
7.28 33.0603
7.29 32.5842
7.29 31.9667
7.3 31.2042
7.3 30.3119
7.31 29.3343
7.31 28.3545
7.32 27.4917
7.32 26.8800
7.33 26.6286
7.33 26.7840
7.34 27.3074
7.34 28.0882
7.35 28.9854
7.35 29.8630
7.36 30.6105
7.36 31.1513
7.37 31.4440
7.37 31.4794
7.38 31.2694
7.38 30.8394
7.39 30.2262
7.39 29.4732
7.4 28.6247
7.4 27.7253
7.41 26.8138
7.41 25.9198
7.42 25.0748
7.42 24.3180
7.43 23.6984
7.43 23.2774
7.44 23.1166
7.44 23.2561
7.45 23.7042
7.45 24.4315
7.46 25.3748
7.46 26.4533
7.47 27.5784
7.47 28.6716
7.48 29.6773
7.48 30.5597
7.49 31.3008
7.49 31.8993
7.5 32.3702
7.5 32.7430
7.51 33.0558
7.51 33.3440
7.52 33.6255
7.52 33.8916
7.53 34.1019
7.53 34.1906
7.54 34.0825
7.54 33.7108
7.55 33.0336
7.55 32.0574
7.56 30.8544
7.56 29.5696
7.57 28.3986
7.57 27.5237
7.58 27.0491
7.58 26.9633
7.59 27.1609
7.59 27.5070
7.6 27.8834
7.6 28.2112
7.61 28.4522
7.61 28.6033
7.62 28.6918
7.62 28.7646
7.63 28.8730
7.63 29.0616
7.64 29.3473
7.64 29.7128
7.65 30.1144
7.65 30.4895
7.66 30.7786
7.66 30.9358
7.67 30.9392
7.67 30.8012
7.68 30.5724
7.68 30.3190
7.69 30.1104
7.69 30.0134
7.7 30.0692
7.7 30.2804
7.71 30.6083
7.71 30.9900
7.72 31.3592
7.72 31.6598
7.73 31.8581
7.73 31.9460
7.74 31.9378
7.74 31.8654
7.75 31.7713
7.75 31.6980
7.76 31.6822
7.76 31.7511
7.77 31.9108
7.77 32.1502
7.78 32.4499
7.78 32.7809
7.79 33.1118
7.79 33.4197
7.8 33.6885
7.8 33.9069
7.81 34.0659
7.81 34.1563
7.82 34.1709
7.82 34.1033
7.83 33.9438
7.83 33.6798
7.84 33.3057
7.84 32.8259
7.85 32.2564
7.85 31.6269
7.86 30.9792
7.86 30.3651
7.87 29.8381
7.87 29.4391
7.88 29.1812
7.88 29.0419
7.89 28.9700
7.89 28.9026
7.9 28.7946
7.9 28.6459
7.91 28.4963
7.91 28.4006
7.92 28.4009
7.92 28.4971
7.93 28.6449
7.93 28.7822
7.94 28.8644
7.94 28.8825
7.95 28.8593
7.95 28.8416
7.96 28.8797
7.96 29.0031
7.97 29.2137
7.97 29.4864
7.98 29.7801
7.98 30.0502
7.99 30.2558
7.99 30.3729
8.0 30.3996
8.0 30.3563
8.01 30.2811
8.01 30.2221
8.02 30.2279
8.02 30.3294
8.03 30.5221
8.03 30.7721
8.04 31.0273
8.04 31.2321
8.05 31.3432
8.05 31.3374
8.06 31.2253
8.06 31.0440
8.07 30.8436
8.07 30.6674
8.08 30.5337
8.08 30.4334
8.09 30.3359
8.09 30.2059
8.1 30.0204
8.1 29.7735
8.11 29.4829
8.11 29.1863
8.12 28.9258
8.12 28.7352
8.13 28.6322
8.13 28.6278
8.14 28.7134
8.14 28.8635
8.15 29.0573
8.15 29.2677
8.16 29.4649
8.16 29.6259
8.17 29.7333
8.17 29.7771
8.18 29.7570
8.18 29.6830
8.19 29.5735
8.19 29.4489
8.2 29.3310
8.2 29.2408
8.21 29.1953
8.21 29.2100
8.22 29.2960
8.22 29.4610
8.23 29.7102
8.23 30.0387
8.24 30.4303
8.24 30.8563
8.25 31.2766
8.25 31.6454
8.26 31.9173
8.26 32.0552
8.27 32.0344
8.27 31.8446
8.28 31.4942
8.28 31.0108
8.29 30.4385
8.29 29.8316
8.3 29.2525
8.3 28.7632
8.31 28.4144
8.31 28.2401
8.32 28.2477
8.32 28.4184
8.33 28.7120
8.33 29.0787
8.34 29.4649
8.34 29.8255
8.35 30.1343
8.35 30.3815
8.36 30.5687
8.36 30.7065
8.37 30.8143
8.37 30.9154
8.38 31.0315
8.38 31.1827
8.39 31.3878
8.39 31.6594
8.4 32.0033
8.4 32.4157
8.41 32.8824
8.41 33.3838
8.42 33.8970
8.42 34.3977
8.43 34.8645
8.43 35.2798
8.44 35.6288
8.44 35.8955
8.45 36.0662
8.45 36.1323
8.46 36.0884
8.46 35.9300
8.47 35.6534
8.47 35.2585
8.48 34.7473
8.48 34.1198
8.49 33.3825
8.49 32.5524
8.5 31.6560
8.5 30.7333
8.51 29.8356
8.51 29.0239
8.52 28.3563
8.52 27.8824
8.53 27.6387
8.53 27.6360
8.54 27.8507
8.54 28.2248
8.55 28.6872
8.55 29.1655
8.56 29.6015
8.56 29.9653
8.57 30.2547
8.57 30.4868
8.58 30.6908
8.58 30.9023
8.59 31.1501
8.59 31.4472
8.6 31.7921
8.6 32.1709
8.61 32.5648
8.61 32.9585
8.62 33.3397
8.62 33.6994
8.63 34.0284
8.63 34.3135
8.64 34.5385
8.64 34.6869
8.65 34.7470
8.65 34.7085
8.66 34.5616
8.66 34.3039
8.67 33.9434
8.67 33.4934
8.68 32.9711
8.68 32.4107
8.69 31.8582
8.69 31.3675
8.7 30.9948
8.7 30.7861
8.71 30.7624
8.71 30.9125
8.72 31.2000
8.72 31.5738
8.73 31.9799
8.73 32.3697
8.74 32.7081
8.74 32.9785
8.75 33.1712
8.75 33.2813
8.76 33.3147
8.76 33.2813
8.77 33.1948
8.77 33.0790
8.78 32.9659
8.78 32.8934
8.79 32.9054
8.79 33.0441
8.8 33.3392
8.8 33.7963
8.81 34.3910
8.81 35.0705
8.82 35.7653
8.82 36.4167
8.83 36.9762
8.83 37.4119
8.84 37.7244
8.84 37.9244
8.85 38.0307
8.85 38.0683
8.86 38.0522
8.86 37.9825
8.87 37.8422
8.87 37.6034
8.88 37.2424
8.88 36.7526
8.89 36.1683
8.89 35.5504
8.9 34.9668
8.9 34.4753
8.91 34.0832
8.91 33.7454
8.92 33.3940
8.92 32.9744
8.93 32.4740
8.93 31.9308
8.94 31.4187
8.94 31.0284
8.95 30.8424
8.96 30.9078
8.96 31.2248
8.97 31.7457
8.97 32.3843
8.98 33.0372
8.98 33.6060
8.99 34.0132
8.99 34.2076
9.0 34.1704
9.0 33.9198
9.01 33.5011
9.01 32.9819
9.02 32.4422
9.02 31.9527
9.03 31.5655
9.03 31.2953
9.04 31.1159
9.04 30.9805
9.05 30.8317
9.05 30.6160
9.06 30.2940
9.06 29.8439
9.07 29.2753
9.07 28.6272
9.08 27.9703
9.08 27.4133
9.09 27.0866
9.09 27.0902
9.1 27.4611
9.1 28.1702
9.11 29.1243
9.11 30.1949
9.12 31.2580
9.12 32.2179
9.13 33.0252
9.13 33.6654
9.14 34.1355
9.14 34.4440
9.15 34.6063
9.15 34.6393
9.16 34.5690
9.16 34.4265
9.17 34.2461
9.17 34.0713
9.18 33.9447
9.18 33.8964
9.19 33.9274
9.19 34.0066
9.2 34.0852
9.2 34.1055
9.21 34.0133
9.21 33.7737
9.22 33.3785
9.22 32.8384
9.23 32.1816
9.23 31.4572
9.24 30.7218
9.24 30.0336
9.25 29.4529
9.25 29.0280
9.26 28.7922
9.26 28.7631
9.27 28.9408
9.27 29.3047
9.28 29.8188
9.28 30.4394
9.29 31.1150
9.29 31.7952
9.3 32.4324
9.3 32.9834
9.31 33.4127
9.31 33.6941
9.32 33.8091
9.32 33.7484
9.33 33.5070
9.33 33.0808
9.34 32.4682
9.34 31.6736
9.35 30.7216
9.35 29.6779
9.36 28.6765
9.36 27.9100
9.37 27.5861
9.37 27.8421
9.38 28.6665
9.38 29.9107
9.39 31.3421
9.39 32.7316
9.4 33.9229
9.4 34.8364
9.41 35.4498
9.41 35.7786
9.42 35.8611
9.42 35.7394
9.43 35.4515
9.43 35.0348
9.44 34.5205
9.44 33.9348
9.45 33.3025
9.45 32.6441
9.46 31.9843
9.46 31.3461
9.47 30.7515
9.47 30.2266
9.48 29.7965
9.48 29.4930
9.49 29.3485
9.49 29.3854
9.5 29.6164
9.5 30.0384
9.51 30.6265
9.51 31.3349
9.52 32.1075
9.52 32.8841
9.53 33.6105
9.53 34.2353
9.54 34.7095
9.54 34.9989
9.55 35.0812
9.55 34.9477
9.56 34.6127
9.56 34.1145
9.57 33.5139
9.57 32.8885
9.58 32.3137
9.58 31.8478
9.59 31.5240
9.59 31.3475
9.6 31.2921
9.6 31.3183
9.61 31.3858
9.61 31.4659
9.62 31.5591
9.62 31.6881
9.63 31.8866
9.63 32.1863
9.64 32.5985
9.64 33.1026
9.65 33.6512
9.65 34.1839
9.66 34.6377
9.66 34.9545
9.67 35.0935
9.67 35.0379
9.68 34.8064
9.68 34.4555
9.69 34.0788
9.69 33.7950
9.7 33.7113
9.7 33.8843
9.71 34.2974
9.71 34.8715
9.72 35.4851
9.72 36.0113
9.73 36.3527
9.73 36.4509
9.74 36.2905
9.74 35.8820
9.75 35.2585
9.75 34.4743
9.76 33.5955
9.76 32.6927
9.77 31.8359
9.77 31.0936
9.78 30.5250
9.78 30.1731
9.79 30.0496
9.79 30.1301
9.8 30.3619
9.8 30.6769
9.81 31.0130
9.81 31.3216
9.82 31.5768
9.82 31.7834
9.83 31.9653
9.83 32.1568
9.84 32.3829
9.84 32.6505
9.85 32.9560
9.85 33.2884
9.86 33.6353
9.86 33.9933
9.87 34.3621
9.87 34.7315
9.88 35.0831
9.88 35.3935
9.89 35.6406
9.89 35.8073
9.9 35.8864
9.9 35.8897
9.91 35.8471
9.91 35.8018
9.92 35.7904
9.92 35.8295
9.93 35.9119
9.93 36.0063
9.94 36.0713
9.94 36.0687
9.95 35.9735
9.95 35.7807
9.96 35.5080
9.96 35.1880
9.97 34.8622
9.97 34.5665
9.98 34.3301
9.98 34.1618
9.99 34.0390
9.99 33.9333
10.0 33.8196
10.0 33.6783
10.0 33.5024
10.0 33.2977
10.0 33.0726
10.0 32.8367
10.0 32.5991
10.0 32.3620
10.0 32.1206
10.0 31.8629
10.0 31.5741
10.1 31.2489
10.1 30.8922
10.1 30.5222
10.1 30.1729
10.1 29.8820
10.1 29.6917
10.1 29.6357
10.1 29.7315
10.1 29.9848
10.1 30.3860
10.1 30.9094
10.1 31.5206
10.1 32.1896
10.1 32.8804
10.1 33.5537
10.1 34.1711
10.1 34.6947
10.1 35.0930
10.1 35.3447
10.1 35.4483
10.2 35.4174
10.2 35.2795
10.2 35.0721
10.2 34.8367
10.2 34.6143
10.2 34.4376
10.2 34.3297
10.2 34.3005
10.2 34.3428
10.2 34.4288
10.2 34.5135
10.2 34.5438
10.2 34.4680
10.2 34.2426
10.2 33.8392
10.2 33.2485
10.2 32.4853
10.2 31.5896
10.2 30.6239
10.2 29.6684
10.3 28.8162
10.3 28.1490
10.3 27.7160
10.3 27.5282
10.3 27.5534
10.3 27.7284
10.3 27.9770
10.3 28.2363
10.3 28.4657
10.3 28.6487
10.3 28.7943
10.3 28.9238
10.3 29.0609
10.3 29.2212
10.3 29.4053
10.3 29.5987
10.3 29.7803
10.3 29.9338
10.3 30.0496
10.3 30.1265
10.4 30.1717
10.4 30.1974
10.4 30.2202
10.4 30.2564
10.4 30.3204
10.4 30.4222
10.4 30.5626
10.4 30.7283
10.4 30.8982
10.4 31.0442
10.4 31.1368
10.4 31.1607
10.4 31.1068
10.4 30.9715
10.4 30.7689
10.4 30.5224
10.4 30.2569
10.4 30.0018
10.4 29.7787
10.4 29.6009
10.5 29.4762
10.5 29.4053
10.5 29.3844
10.5 29.4068
10.5 29.4612
10.5 29.5324
10.5 29.6077
10.5 29.6759
10.5 29.7273
10.5 29.7486
10.5 29.7307
10.5 29.6726
10.5 29.5734
10.5 29.4295
10.5 29.2323
10.5 28.9722
10.5 28.6371
10.5 28.2222
10.5 27.7390
10.5 27.2123
10.6 26.6791
10.6 26.1843
10.6 25.7746
10.6 25.4902
10.6 25.3670
10.6 25.4303
10.6 25.6951
10.6 26.1612
10.6 26.8072
10.6 27.5989
10.6 28.4837
10.6 29.3991
10.6 30.3004
10.6 31.1456
10.6 31.9009
10.6 32.5551
10.6 33.1035
10.6 33.5455
10.6 33.8849
10.6 34.1271
10.7 34.2751
10.7 34.3288
10.7 34.2869
10.7 34.1553
10.7 33.9364
10.7 33.6328
10.7 33.2618
10.7 32.8525
10.7 32.4442
10.7 32.0803
10.7 31.7992
10.7 31.6254
10.7 31.5625
10.7 31.5918
10.7 31.6800
10.7 31.7927
10.7 31.9081
10.7 32.0217
10.7 32.1512
10.7 32.3300
10.8 32.5942
10.8 32.9688
10.8 33.4579
10.8 34.0444
10.8 34.6948
10.8 35.3706
10.8 36.0316
10.8 36.6354
10.8 37.1500
10.8 37.5521
10.8 37.8216
10.8 37.9487
10.8 37.9283
10.8 37.7522
10.8 37.4168
10.8 36.9292
10.8 36.3037
10.8 35.5651
10.8 34.7552
10.8 33.9248
10.9 33.1271
10.9 32.4136
10.9 31.8208
10.9 31.3652
10.9 31.0346
10.9 30.7955
10.9 30.6078
10.9 30.4346
10.9 30.2509
10.9 30.0483
10.9 29.8331
10.9 29.6236
10.9 29.4438
10.9 29.3190
10.9 29.2717
10.9 29.3161
10.9 29.4560
10.9 29.6809
10.9 29.9653
10.9 30.2685
11.0 30.5415
11.0 30.7395
11.0 30.8317
11.0 30.8002
11.0 30.6507
11.0 30.4307
11.0 30.2020
11.0 30.0245
11.0 29.9542
11.0 30.0178
11.0 30.1920
11.0 30.4131
11.0 30.6001
11.0 30.6777
11.0 30.6106
11.0 30.4043
11.0 30.0989
11.0 29.7650
11.0 29.4865
11.0 29.3364
11.1 29.3660
11.1 29.5924
11.1 29.9963
11.1 30.5352
11.1 31.1489
11.1 31.7732
11.1 32.3414
11.1 32.7986
11.1 33.1192
11.1 33.3056
11.1 33.3879
11.1 33.4161
11.1 33.4514
11.1 33.5502
11.1 33.7515
11.1 34.0676
11.1 34.4800
11.1 34.9560
11.1 35.4649
11.1 35.9784
11.2 36.4662
11.2 36.9057
11.2 37.2798
11.2 37.5720
11.2 37.7693
11.2 37.8616
11.2 37.8370
11.2 37.6794
11.2 37.3788
11.2 36.9277
11.2 36.3217
11.2 35.5644
11.2 34.6672
11.2 33.6476
11.2 32.5315
11.2 31.3597
11.2 30.1840
11.2 29.0725
11.2 28.1239
11.2 27.4515
11.3 27.1577
11.3 27.2924
11.3 27.8152
11.3 28.6096
11.3 29.5228
11.3 30.4168
11.3 31.2076
11.3 31.8615
11.3 32.3811
11.3 32.7927
11.3 33.1298
11.3 33.4232
11.3 33.6969
11.3 33.9757
11.3 34.2762
11.3 34.6073
11.3 34.9743
11.3 35.3722
11.3 35.7907
11.3 36.2103
11.4 36.6075
11.4 36.9627
11.4 37.2553
11.4 37.4656
11.4 37.5788
11.4 37.5865
11.4 37.4891
11.4 37.2898
11.4 37.0014
11.4 36.6446
11.4 36.2417
11.4 35.8204
11.4 35.4062
11.4 35.0174
11.4 34.6702
11.4 34.3711
11.4 34.1231
11.4 33.9266
11.4 33.7722
11.4 33.6567
11.5 33.5889
11.5 33.5610
11.5 33.5546
11.5 33.5602
11.5 33.5640
11.5 33.5448
11.5 33.4741
11.5 33.3226
11.5 33.0639
11.5 32.6742
11.5 32.1383
11.5 31.4575
11.5 30.6519
11.5 29.7545
11.5 28.8052
11.5 27.8475
11.5 26.9229
11.5 26.0775
11.5 25.3574
11.5 24.8153
11.6 24.5090
11.6 24.4764
11.6 24.7165
11.6 25.1713
11.6 25.7359
11.6 26.2914
11.6 26.7388
11.6 27.0214
11.6 27.1301
11.6 27.0966
11.6 26.9831
11.6 26.8679
11.6 26.8325
11.6 26.9489
11.6 27.2630
11.6 27.7836
11.6 28.4884
11.6 29.3295
11.6 30.2393
11.6 31.1472
11.7 31.9889
11.7 32.7105
11.7 33.2781
11.7 33.6739
11.7 33.8939
11.7 33.9489
11.7 33.8615
11.7 33.6676
11.7 33.4082
11.7 33.1249
11.7 32.8647
11.7 32.6770
11.7 32.6122
11.7 32.7135
11.7 33.0087
11.7 33.5043
11.7 34.1815
11.7 35.0029
11.7 35.9126
11.7 36.8473
11.8 37.7430
11.8 38.5456
11.8 39.2160
11.8 39.7225
11.8 40.0465
11.8 40.1823
11.8 40.1329
11.8 39.9216
11.8 39.5723
11.8 39.1046
11.8 38.5543
11.8 37.9605
11.8 37.3604
11.8 36.7837
11.8 36.2505
11.8 35.7724
11.8 35.3525
11.8 34.9876
11.8 34.6716
11.8 34.3975
11.9 34.1587
11.9 33.9503
11.9 33.7685
11.9 33.6123
11.9 33.4822
11.9 33.3788
11.9 33.3110
11.9 33.2787
11.9 33.2738
11.9 33.2929
11.9 33.3302
11.9 33.3844
11.9 33.4519
11.9 33.5333
11.9 33.6287
11.9 33.7323
11.9 33.8423
11.9 33.9555
11.9 34.0700
11.9 34.1734
12.0 34.2416
12.0 34.2503
12.0 34.1701
12.0 33.9697
12.0 33.6256
12.0 33.1216
12.0 32.4546
12.0 31.6505
12.0 30.7672
12.0 29.9022
12.0 29.1885
12.0 28.7517
12.0 28.6629
12.0 28.8996
12.0 29.3476
12.0 29.8540
12.0 30.2809
12.0 30.5437
12.0 30.6044
12.0 30.4575
12.1 30.1267
12.1 29.6485
12.1 29.0683
12.1 28.4439
12.1 27.8360
12.1 27.3066
12.1 26.9195
12.1 26.7283
12.1 26.7643
12.1 27.0292
12.1 27.5001
12.1 28.1345
12.1 28.8782
12.1 29.6725
12.1 30.4647
12.1 31.2202
12.1 31.9169
12.1 32.5411
12.1 33.0922
12.1 33.5725
12.2 33.9837
12.2 34.3197
12.2 34.5710
12.2 34.7408
12.2 34.8451
12.2 34.9111
12.2 34.9793
12.2 35.0843
12.2 35.2406
12.2 35.4431
12.2 35.6693
12.2 35.8909
12.2 36.0840
12.2 36.2294
12.2 36.3227
12.2 36.3763
12.2 36.4144
12.2 36.4629
12.2 36.5347
12.2 36.6348
12.3 36.7592
12.3 36.8827
12.3 36.9738
12.3 37.0103
12.3 36.9734
12.3 36.8508
12.3 36.6402
12.3 36.3429
12.3 35.9684
12.3 35.5331
12.3 35.0532
12.3 34.5432
12.3 34.0155
12.3 33.4736
12.3 32.9139
12.3 32.3284
12.3 31.7181
12.3 31.0898
12.3 30.4672
12.3 29.8975
12.4 29.4324
12.4 29.1170
12.4 28.9761
12.4 29.0106
12.4 29.2017
12.4 29.5253
12.4 29.9561
12.4 30.4653
12.4 31.0216
12.4 31.5862
12.4 32.1138
12.4 32.5557
12.4 32.8620
12.4 32.9902
12.4 32.9197
12.4 32.6605
12.4 32.2636
12.4 31.8154
12.4 31.4144
12.4 31.1410
12.5 31.0305
12.5 31.0647
12.5 31.1900
12.5 31.3506
12.5 31.5151
12.5 31.6763
12.5 31.8420
12.5 32.0258
12.5 32.2363
12.5 32.4732
12.5 32.7195
12.5 32.9432
12.5 33.1152
12.5 33.2109
12.5 33.2138
12.5 33.1260
12.5 32.9555
12.5 32.7079
12.5 32.3921
12.5 32.0154
12.6 31.5885
12.6 31.1346
12.6 30.6888
12.6 30.2924
12.6 29.9869
12.6 29.7966
12.6 29.7294
12.6 29.7752
12.6 29.9172
12.6 30.1524
12.6 30.4793
12.6 30.8916
12.6 31.3646
12.6 31.8484
12.6 32.2792
12.6 32.5925
12.6 32.7421
12.6 32.7174
12.6 32.5308
12.6 32.2161
12.7 31.8317
12.7 31.4414
12.7 31.0990
12.7 30.8380
12.7 30.6656
12.7 30.5695
12.7 30.5241
12.7 30.5052
12.7 30.4878
12.7 30.4461
12.7 30.3663
12.7 30.2438
12.7 30.0817
12.7 29.8846
12.7 29.6661
12.7 29.4532
12.7 29.2685
12.7 29.1289
12.7 29.0559
12.7 29.0583
12.8 29.1316
12.8 29.2669
12.8 29.4470
12.8 29.6489
12.8 29.8459
12.8 30.0129
12.8 30.1251
12.8 30.1636
12.8 30.1168
12.8 29.9757
12.8 29.7419
12.8 29.4301
12.8 29.0669
12.8 28.6898
12.8 28.3426
12.8 28.0713
12.8 27.9210
12.8 27.9253
12.8 28.0876
12.8 28.3860
12.9 28.7862
12.9 29.2450
12.9 29.7117
12.9 30.1365
12.9 30.4849
12.9 30.7399
12.9 30.9081
12.9 31.0069
12.9 31.0589
12.9 31.0922
12.9 31.1292
12.9 31.1804
12.9 31.2453
12.9 31.3133
12.9 31.3654
12.9 31.3877
12.9 31.3763
12.9 31.3375
12.9 31.2908
12.9 31.2597
13.0 31.2647
13.0 31.3202
13.0 31.4317
13.0 31.5967
13.0 31.8030
13.0 32.0309
13.0 32.2606
13.0 32.4690
13.0 32.6323
13.0 32.7345
13.0 32.7704
13.0 32.7393
13.0 32.6436
13.0 32.4910
13.0 32.2891
13.0 32.0441
13.0 31.7637
13.0 31.4511
13.0 31.1037
13.0 30.7213
13.1 30.3036
13.1 29.8487
13.1 29.3593
13.1 28.8436
13.1 28.3136
13.1 27.7795
13.1 27.2521
13.1 26.7355
13.1 26.2302
13.1 25.7449
13.1 25.2954
13.1 24.9035
13.1 24.5915
13.1 24.3774
13.1 24.2635
13.1 24.2372
13.1 24.2787
13.1 24.3674
13.1 24.4867
13.1 24.6270
13.2 24.7926
13.2 25.0001
13.2 25.2712
13.2 25.6244
13.2 26.0700
13.2 26.6081
13.2 27.2299
13.2 27.9180
13.2 28.6501
13.2 29.3996
13.2 30.1360
13.2 30.8259
13.2 31.4357
13.2 31.9308
13.2 32.2795
13.2 32.4651
13.2 32.4964
13.2 32.3983
13.2 32.2050
13.2 31.9655
13.3 31.7258
13.3 31.5167
13.3 31.3523
13.3 31.2313
13.3 31.1397
13.3 31.0609
13.3 30.9895
13.3 30.9148
13.3 30.8278
13.3 30.7306
13.3 30.6265
13.3 30.5265
13.3 30.4478
13.3 30.4089
13.3 30.4267
13.3 30.5142
13.3 30.6733
13.3 30.8928
13.3 31.1537
13.3 31.4279
13.4 31.6833
13.4 31.8949
13.4 32.0479
13.4 32.1383
13.4 32.1742
13.4 32.1719
13.4 32.1493
13.4 32.1288
13.4 32.1298
13.4 32.1638
13.4 32.2424
13.4 32.3764
13.4 32.5722
13.4 32.8332
13.4 33.1546
13.4 33.5223
13.4 33.9121
13.4 34.2870
13.4 34.6110
13.4 34.8520
13.5 34.9808
13.5 34.9824
13.5 34.8562
13.5 34.6089
13.5 34.2664
13.5 33.8745
13.5 33.4876
13.5 33.1604
13.5 32.9349
13.5 32.8315
13.5 32.8483
13.5 32.9653
13.5 33.1526
13.5 33.3802
13.5 33.6221
13.5 33.8566
13.5 34.0669
13.5 34.2374
13.5 34.3540
13.5 34.4081
13.6 34.3926
13.6 34.3028
13.6 34.1448
13.6 33.9250
13.6 33.6488
13.6 33.3292
13.6 32.9788
13.6 32.6067
13.6 32.2164
13.6 31.8046
13.6 31.3619
13.6 30.8763
13.6 30.3452
13.6 29.7728
13.6 29.1765
13.6 28.6013
13.6 28.1115
13.6 27.7761
13.6 27.6522
13.6 27.7735
13.7 28.1405
13.7 28.7234
13.7 29.4729
13.7 30.3252
13.7 31.2095
13.7 32.0530
13.7 32.7829
13.7 33.3296
13.7 33.6201
13.7 33.5770
13.7 33.1292
13.7 32.2335
13.7 30.9273
13.7 29.3975
13.7 28.0118
13.7 27.2097
13.7 27.2548
13.7 28.0445
13.7 29.1902
13.7 30.2850
13.8 31.0945
13.8 31.5711
13.8 31.7812
13.8 31.8265
13.8 31.7932
13.8 31.7370
13.8 31.6841
13.8 31.6441
13.8 31.6164
13.8 31.5975
13.8 31.5880
13.8 31.5906
13.8 31.6034
13.8 31.6232
13.8 31.6512
13.8 31.6919
13.8 31.7564
13.8 31.8572
13.8 32.0021
13.8 32.1930
13.9 32.4220
13.9 32.6745
13.9 32.9291
13.9 33.1595
13.9 33.3438
13.9 33.4686
13.9 33.5271
13.9 33.5144
13.9 33.4264
13.9 33.2645
13.9 33.0278
13.9 32.7144
13.9 32.3305
13.9 31.8875
13.9 31.4051
13.9 30.9096
13.9 30.4272
13.9 29.9845
13.9 29.6042
13.9 29.2964
14.0 29.0623
14.0 28.9000
14.0 28.8042
14.0 28.7727
14.0 28.8092
14.0 28.9161
14.0 29.0970
14.0 29.3602
14.0 29.7137
14.0 30.1580
14.0 30.6843
14.0 31.2762
14.0 31.9104
14.0 32.5609
14.0 33.2044
14.0 33.8178
14.0 34.3784
14.0 34.8632
14.0 35.2500
14.0 35.5262
14.1 35.6888
14.1 35.7383
14.1 35.6843
14.1 35.5561
14.1 35.3831
14.1 35.1876
14.1 34.9854
14.1 34.7783
14.1 34.5635
14.1 34.3337
14.1 34.0886
14.1 33.8488
14.1 33.6433
14.1 33.5039
14.1 33.4556
14.1 33.5076
14.1 33.6495
14.1 33.8552
14.1 34.0923
14.1 34.3261
14.2 34.5343
14.2 34.7070
14.2 34.8449
14.2 34.9576
14.2 35.0523
14.2 35.1280
14.2 35.1755
14.2 35.1754
14.2 35.0991
14.2 34.9306
14.2 34.6788
14.2 34.3783
14.2 34.0877
14.2 33.8797
14.2 33.8062
14.2 33.8847
14.2 34.0965
14.2 34.3932
14.2 34.7095
14.2 34.9799
14.3 35.1588
14.3 35.2269
14.3 35.1911
14.3 35.0821
14.3 34.9496
14.3 34.8491
14.3 34.8319
14.3 34.9361
14.3 35.1720
14.3 35.5202
14.3 35.9369
14.3 36.3656
14.3 36.7524
14.3 37.0437
14.3 37.1972
14.3 37.1927
14.3 37.0297
14.3 36.7153
14.3 36.2637
14.3 35.7042
14.4 35.0750
14.4 34.4235
14.4 33.8010
14.4 33.2571
14.4 32.8409
14.4 32.5871
14.4 32.5057
14.4 32.5866
14.4 32.8036
14.4 33.1117
14.4 33.4534
14.4 33.7769
14.4 34.0391
14.4 34.2055
14.4 34.2528
14.4 34.1735
14.4 33.9705
14.4 33.6565
14.4 33.2568
14.4 32.8074
14.5 32.3501
14.5 31.9269
14.5 31.5735
14.5 31.3044
14.5 31.1093
14.5 30.9594
14.5 30.8160
14.5 30.6491
14.5 30.4527
14.5 30.2482
14.5 30.0755
14.5 29.9810
14.5 30.0054
14.5 30.1682
14.5 30.4588
14.5 30.8319
14.5 31.2148
14.5 31.5183
14.5 31.6532
14.5 31.5510
14.6 31.1732
14.6 30.5157
14.6 29.6151
14.6 28.5509
14.6 27.4445
14.6 26.4541
14.6 25.7455
14.6 25.4497
14.6 25.6331
14.6 26.2796
14.6 27.3047
14.6 28.5920
14.6 30.0251
14.6 31.5005
14.6 32.9283
14.6 34.2394
14.6 35.3766
14.6 36.2931
14.6 36.9665
14.6 37.3992
14.7 37.6057
14.7 37.6108
14.7 37.4464
14.7 37.1461
14.7 36.7429
14.7 36.2669
14.7 35.7487
14.7 35.2202
14.7 34.7106
14.7 34.2424
14.7 33.8317
14.7 33.4833
14.7 33.1897
14.7 32.9387
14.7 32.7254
14.7 32.5605
14.7 32.4621
14.7 32.4555
14.7 32.5670
14.7 32.8065
14.8 33.1631
14.8 33.6059
14.8 34.0866
14.8 34.5466
14.8 34.9300
14.8 35.1923
14.8 35.3049
14.8 35.2593
14.8 35.0699
14.8 34.7717
14.8 34.4110
14.8 34.0342
14.8 33.6763
14.8 33.3544
14.8 33.0641
14.8 32.7820
14.8 32.4841
14.8 32.1659
14.8 31.8433
14.8 31.5493
14.9 31.3202
14.9 31.1731
14.9 31.0955
14.9 31.0411
14.9 30.9421
14.9 30.7322
14.9 30.3668
14.9 29.8387
14.9 29.1812
14.9 28.4684
14.9 27.8056
14.9 27.3027
14.9 27.0456
14.9 27.0698
14.9 27.3552
14.9 27.8399
14.9 28.4454
14.9 29.1058
14.9 29.7803
14.9 30.4400
15.0 31.0594
15.0 31.6150
15.0 32.0818
15.0 32.4370
15.0 32.6574
15.0 32.7249
15.0 32.6352
15.0 32.3954
15.0 32.0214
15.0 31.5470
15.0 31.0276
15.0 30.5312
15.0 30.1277
15.0 29.8689
15.0 29.7825
15.0 29.8735
15.0 30.1375
15.0 30.5658
15.0 31.1436
15.0 31.8501
15.1 32.6524
15.1 33.5076
15.1 34.3661
15.1 35.1768
15.1 35.8961
15.1 36.4924
15.1 36.9468
15.1 37.2557
15.1 37.4198
15.1 37.4464
15.1 37.3476
15.1 37.1354
15.1 36.8296
15.1 36.4511
15.1 36.0264
15.1 35.5792
15.1 35.1299
15.1 34.6926
15.1 34.2641
15.1 33.8324
15.2 33.3809
15.2 32.8894
15.2 32.3375
15.2 31.7134
15.2 31.0154
15.2 30.2527
15.2 29.4511
15.2 28.6455
15.2 27.8737
15.2 27.1831
15.2 26.6170
15.2 26.2130
15.2 26.0032
15.2 26.0100
15.2 26.2496
15.2 26.7292
15.2 27.4421
15.2 28.3587
15.2 29.4214
15.2 30.5510
15.3 31.6590
15.3 32.6636
15.3 33.5029
15.3 34.1411
15.3 34.5673
15.3 34.7944
15.3 34.8545
15.3 34.7870
15.3 34.6355
15.3 34.4398
15.3 34.2321
15.3 34.0384
15.3 33.8738
15.3 33.7447
15.3 33.6496
15.3 33.5768
15.3 33.5119
15.3 33.4404
15.3 33.3517
15.3 33.2365
15.4 33.0887
15.4 32.9041
15.4 32.6764
15.4 32.4025
15.4 32.0825
15.4 31.7202
15.4 31.3232
15.4 30.9032
15.4 30.4732
15.4 30.0516
15.4 29.6604
15.4 29.3271
15.4 29.0852
15.4 28.9620
15.4 28.9657
15.4 29.0765
15.4 29.2522
15.4 29.4404
15.4 29.5829
15.4 29.6328
15.5 29.5790
15.5 29.4338
15.5 29.2272
15.5 29.0081
15.5 28.8320
15.5 28.7500
15.5 28.7961
15.5 28.9784
15.5 29.2860
15.5 29.6956
15.5 30.1677
15.5 30.6556
15.5 31.1163
15.5 31.5125
15.5 31.8160
15.5 32.0085
15.5 32.0810
15.5 32.0321
15.5 31.8702
15.5 31.6018
15.6 31.2306
15.6 30.7656
15.6 30.2167
15.6 29.5948
15.6 28.9181
15.6 28.2201
15.6 27.5582
15.6 27.0177
15.6 26.7034
15.6 26.7119
15.6 27.0802
15.6 27.7532
15.6 28.6031
15.6 29.4681
15.6 30.2100
15.6 30.7557
15.6 31.0970
15.6 31.2675
15.6 31.3230
15.6 31.3209
15.7 31.3030
15.7 31.2955
15.7 31.3152
15.7 31.3688
15.7 31.4629
15.7 31.6166
15.7 31.8523
15.7 32.1918
15.7 32.6382
15.7 33.1745
15.7 33.7734
15.7 34.3980
15.7 35.0104
15.7 35.5827
15.7 36.1001
15.7 36.5535
15.7 36.9365
15.7 37.2490
15.7 37.4859
15.7 37.6389
15.8 37.7042
15.8 37.6843
15.8 37.5849
15.8 37.4178
15.8 37.2052
15.8 36.9708
15.8 36.7392
15.8 36.5322
15.8 36.3684
15.8 36.2489
15.8 36.1584
15.8 36.0818
15.8 36.0051
15.8 35.9105
15.8 35.7792
15.8 35.5958
15.8 35.3416
15.8 34.9991
15.8 34.5584
15.8 34.0143
15.9 33.3657
15.9 32.6244
15.9 31.8052
15.9 30.9278
15.9 30.0247
15.9 29.1444
15.9 28.3602
15.9 27.7630
15.9 27.4336
15.9 27.4139
15.9 27.6941
15.9 28.2151
15.9 28.8991
15.9 29.6776
15.9 30.5068
15.9 31.3669
15.9 32.2557
15.9 33.1737
15.9 34.1139
15.9 35.0600
16.0 35.9854
16.0 36.8557
16.0 37.6324
16.0 38.2808
16.0 38.7719
16.0 39.0902
16.0 39.2284
16.0 39.1882
16.0 38.9863
16.0 38.6467
16.0 38.2010
16.0 37.6811
16.0 37.1201
16.0 36.5522
16.0 36.0004
16.0 35.4925
16.0 35.0602
16.0 34.7256
16.0 34.5015
16.0 34.3846
16.1 34.3567
16.1 34.3914
16.1 34.4604
16.1 34.5398
16.1 34.5996
16.1 34.6039
16.1 34.5205
16.1 34.3154
16.1 33.9662
16.1 33.4639
16.1 32.8156
16.1 32.0574
16.1 31.2410
16.1 30.4346
16.1 29.7271
16.1 29.2137
16.1 28.9708
16.1 29.0372
16.1 29.4095
16.1 30.0394
16.2 30.8490
16.2 31.7548
16.2 32.6679
16.2 33.5066
16.2 34.2177
16.2 34.7722
16.2 35.1619
16.2 35.3932
16.2 35.4850
16.2 35.4661
16.2 35.3692
16.2 35.2320
16.2 35.0944
16.2 34.9970
16.2 34.9796
16.2 35.0671
16.2 35.2489
16.2 35.4823
16.2 35.7145
16.2 35.8967
16.3 36.0011
16.3 36.0233
16.3 35.9749
16.3 35.8754
16.3 35.7417
16.3 35.5734
16.3 35.3528
16.3 35.0581
16.3 34.6597
16.3 34.1359
16.3 33.4910
16.3 32.7553
16.3 31.9879
16.3 31.2637
16.3 30.6606
16.3 30.2365
16.3 30.0133
16.3 29.9790
16.3 30.0988
16.3 30.3370
16.4 30.6695
16.4 31.0854
16.4 31.5838
16.4 32.1624
16.4 32.8091
16.4 33.4985
16.4 34.2041
16.4 34.9060
16.4 35.5757
16.4 36.1758
16.4 36.6692
16.4 37.0110
16.4 37.1527
16.4 37.0556
16.4 36.6869
16.4 36.0335
16.4 35.1179
16.4 34.0022
16.4 32.7887
16.4 31.6121
16.5 30.6163
16.5 29.9172
16.5 29.5689
16.5 29.5571
16.5 29.8195
16.5 30.2693
16.5 30.8248
16.5 31.4276
16.5 32.0484
16.5 32.6784
16.5 33.3216
16.5 33.9836
16.5 34.6584
16.5 35.3272
16.5 35.9649
16.5 36.5396
16.5 37.0169
16.5 37.3708
16.5 37.5869
16.5 37.6519
16.6 37.5569
16.6 37.3121
16.6 36.9511
16.6 36.5354
16.6 36.1504
16.6 35.8919
16.6 35.8323
16.6 35.9888
16.6 36.3157
16.6 36.7224
16.6 37.1103
16.6 37.4070
16.6 37.5768
16.6 37.6104
16.6 37.5215
16.6 37.3354
16.6 37.0783
16.6 36.7698
16.6 36.4234
16.6 36.0405
16.7 35.6133
16.7 35.1400
16.7 34.6281
16.7 34.0971
16.7 33.5860
16.7 33.1537
16.7 32.8693
16.7 32.7990
16.7 32.9881
16.7 33.4373
16.7 34.0993
16.7 34.8954
16.7 35.7303
16.7 36.5144
16.7 37.1746
16.7 37.6581
16.7 37.9326
16.7 37.9840
16.7 37.8146
16.7 37.4357
16.8 36.8694
16.8 36.1513
16.8 35.3282
16.8 34.4565
16.8 33.5832
16.8 32.7403
16.8 31.9529
16.8 31.2296
16.8 30.5699
16.8 29.9771
16.8 29.4695
16.8 29.0791
16.8 28.8411
16.8 28.7832
16.8 28.9115
16.8 29.1973
16.8 29.5843
16.8 30.0093
16.8 30.4105
16.8 30.7412
16.9 30.9664
16.9 31.0697
16.9 31.0587
16.9 30.9552
16.9 30.8031
16.9 30.6541
16.9 30.5532
16.9 30.5271
16.9 30.5761
16.9 30.6776
16.9 30.8008
16.9 30.9098
16.9 30.9745
16.9 30.9880
16.9 30.9570
16.9 30.8983
16.9 30.8261
16.9 30.7441
16.9 30.6514
16.9 30.5451
17.0 30.4241
17.0 30.2830
17.0 30.1145
17.0 29.9158
17.0 29.6867
17.0 29.4373
17.0 29.1764
17.0 28.9103
17.0 28.6501
17.0 28.4060
17.0 28.1896
17.0 28.0018
17.0 27.8340
17.0 27.6778
17.0 27.5237
17.0 27.3691
17.0 27.2176
17.0 27.0813
17.0 26.9814
17.0 26.9406
17.1 26.9771
17.1 27.0928
17.1 27.2757
17.1 27.5027
17.1 27.7527
17.1 28.0285
17.1 28.3516
17.1 28.7545
17.1 29.2662
17.1 29.8944
17.1 30.6132
17.1 31.3696
17.1 32.1045
17.1 32.7642
17.1 33.3105
17.1 33.7271
17.1 34.0124
17.1 34.1798
17.1 34.2470
17.1 34.2322
17.2 34.1571
17.2 34.0408
17.2 33.9015
17.2 33.7591
17.2 33.6292
17.2 33.5224
17.2 33.4473
17.2 33.4142
17.2 33.4224
17.2 33.4615
17.2 33.5271
17.2 33.6078
17.2 33.6888
17.2 33.7536
17.2 33.7769
17.2 33.7315
17.2 33.5839
17.2 33.2975
17.2 32.8476
17.2 32.2322
17.3 31.4825
17.3 30.6710
17.3 29.9006
17.3 29.2793
17.3 28.8764
17.3 28.7008
17.3 28.7131
17.3 28.8486
17.3 29.0459
17.3 29.2626
17.3 29.4745
17.3 29.6591
17.3 29.7965
17.3 29.8728
17.3 29.8777
17.3 29.8119
17.3 29.6866
17.3 29.5226
17.3 29.3496
17.3 29.2012
17.4 29.1076
17.4 29.0880
17.4 29.1488
17.4 29.2789
17.4 29.4513
17.4 29.6351
17.4 29.8027
17.4 29.9320
17.4 30.0089
17.4 30.0311
17.4 30.0074
17.4 29.9522
17.4 29.8787
17.4 29.7973
17.4 29.7150
17.4 29.6403
17.4 29.5901
17.4 29.5978
17.4 29.7110
17.4 29.9774
17.5 30.4244
17.5 31.0442
17.5 31.7950
17.5 32.6122
17.5 33.4237
17.5 34.1609
17.5 34.7663
17.5 35.2046
17.5 35.4571
17.5 35.5196
17.5 35.4139
17.5 35.1618
17.5 34.7868
17.5 34.3230
17.5 33.7991
17.5 33.2414
17.5 32.6733
17.5 32.1144
17.5 31.5863
17.5 31.1186
17.6 30.7490
17.6 30.5197
17.6 30.4648
17.6 30.5992
17.6 30.9137
17.6 31.3720
17.6 31.9210
17.6 32.5072
17.6 33.0933
17.6 33.6494
17.6 34.1514
17.6 34.5913
17.6 34.9676
17.6 35.2839
17.6 35.5389
17.6 35.7255
17.6 35.8432
17.6 35.8837
17.6 35.8371
17.6 35.7099
17.7 35.5190
17.7 35.2855
17.7 35.0313
17.7 34.7817
17.7 34.5505
17.7 34.3333
17.7 34.1120
17.7 33.8524
17.7 33.5143
17.7 33.0699
17.7 32.5057
17.7 31.8238
17.7 31.0499
17.7 30.2347
17.7 29.4415
17.7 28.7346
17.7 28.1621
17.7 27.7455
17.7 27.4828
17.7 27.3602
17.8 27.3562
17.8 27.4489
17.8 27.6263
17.8 27.8774
17.8 28.1899
17.8 28.5624
17.8 28.9975
17.8 29.4986
17.8 30.0665
17.8 30.6978
17.8 31.3743
17.8 32.0689
17.8 32.7484
17.8 33.3703
17.8 33.8962
17.8 34.2869
17.8 34.5001
17.8 34.5058
17.8 34.3021
17.8 33.9342
17.9 33.5093
17.9 33.1919
17.9 33.1544
17.9 33.4970
17.9 34.2000
17.9 35.1311
17.9 36.1143
17.9 37.0029
17.9 37.7076
17.9 38.1973
17.9 38.4740
17.9 38.5565
17.9 38.4665
17.9 38.2228
17.9 37.8476
17.9 37.3604
17.9 36.7767
17.9 36.1145
17.9 35.3908
17.9 34.6247
18.0 33.8361
18.0 33.0448
18.0 32.2702
18.0 31.5326
18.0 30.8535
18.0 30.2563
18.0 29.7623
18.0 29.3883
18.0 29.1452
18.0 29.0345
18.0 29.0458
18.0 29.1604
18.0 29.3517
18.0 29.5840
18.0 29.8208
18.0 30.0349
18.0 30.2116
18.0 30.3456
18.0 30.4479
18.0 30.5336
18.1 30.6103
18.1 30.6828
18.1 30.7476
18.1 30.7963
18.1 30.8306
18.1 30.8573
18.1 30.8837
18.1 30.9251
18.1 30.9933
18.1 31.0895
18.1 31.2092
18.1 31.3452
18.1 31.4896
18.1 31.6326
18.1 31.7635
18.1 31.8772
18.1 31.9680
18.1 32.0301
18.1 32.0584
18.1 32.0509
18.2 32.0100
18.2 31.9381
18.2 31.8459
18.2 31.7518
18.2 31.6815
18.2 31.6687
18.2 31.7475
18.2 31.9435
18.2 32.2662
18.2 32.7062
18.2 33.2355
18.2 33.8063
18.2 34.3591
18.2 34.8284
18.2 35.1532
18.2 35.2860
18.2 35.1970
18.2 34.8722
18.2 34.3161
18.2 33.5709
18.3 32.7007
18.3 31.7888
18.3 30.9453
18.3 30.2762
18.3 29.8517
18.3 29.6896
18.3 29.7558
18.3 29.9793
18.3 30.2843
18.3 30.6058
18.3 30.8917
18.3 31.1127
18.3 31.2587
18.3 31.3350
18.3 31.3570
18.3 31.3403
18.3 31.3044
18.3 31.2720
18.3 31.2609
18.3 31.2736
18.4 31.2965
18.4 31.3051
18.4 31.2638
18.4 31.1291
18.4 30.8628
18.4 30.4485
18.4 29.9041
18.4 29.2932
18.4 28.7180
18.4 28.2920
18.4 28.0981
18.4 28.1554
18.4 28.4238
18.4 28.8344
18.4 29.3238
18.4 29.8581
18.4 30.4290
18.4 31.0346
18.4 31.6638
18.4 32.2902
18.5 32.8743
18.5 33.3723
18.5 33.7550
18.5 34.0165
18.5 34.1680
18.5 34.2350
18.5 34.2498
18.5 34.2468
18.5 34.2574
18.5 34.3031
18.5 34.3977
18.5 34.5473
18.5 34.7482
18.5 34.9888
18.5 35.2493
18.5 35.5045
18.5 35.7298
18.5 35.9029
18.5 36.0084
18.5 36.0322
18.6 35.9593
18.6 35.7851
18.6 35.5161
18.6 35.1668
18.6 34.7632
18.6 34.3421
18.6 33.9463
18.6 33.6124
18.6 33.3690
18.6 33.2265
18.6 33.1789
18.6 33.2179
18.6 33.3331
18.6 33.5146
18.6 33.7508
18.6 34.0294
18.6 34.3392
18.6 34.6665
18.6 34.9975
18.6 35.3216
18.7 35.6289
18.7 35.9142
18.7 36.1690
18.7 36.3799
18.7 36.5300
18.7 36.5997
18.7 36.5718
18.7 36.4405
18.7 36.2098
18.7 35.8958
18.7 35.5296
18.7 35.1465
18.7 34.7788
18.7 34.4493
18.7 34.1588
18.7 33.8883
18.7 33.6086
18.7 33.2898
18.7 32.9127
18.7 32.4721
18.8 31.9808
18.8 31.4707
18.8 30.9826
18.8 30.5587
18.8 30.2207
18.8 29.9652
18.8 29.7739
18.8 29.6213
18.8 29.4842
18.8 29.3503
18.8 29.2236
18.8 29.1254
18.8 29.0814
18.8 29.1116
18.8 29.2156
18.8 29.3725
18.8 29.5576
18.8 29.7567
18.8 29.9771
18.8 30.2450
18.9 30.5909
18.9 31.0282
18.9 31.5369
18.9 32.0707
18.9 32.5811
18.9 33.0383
18.9 33.4388
18.9 33.7999
18.9 34.1493
18.9 34.5151
18.9 34.9194
18.9 35.3671
18.9 35.8452
18.9 36.3281
18.9 36.7808
18.9 37.1655
18.9 37.4450
18.9 37.5814
18.9 37.5439
18.9 37.3173
19.0 36.8965
19.0 36.2886
19.0 35.5192
19.0 34.6337
19.0 33.6966
19.0 32.7858
19.0 31.9750
19.0 31.3234
19.0 30.8584
19.0 30.5672
19.0 30.4064
19.0 30.3125
19.0 30.2206
19.0 30.0766
19.0 29.8493
19.0 29.5390
19.0 29.1739
19.0 28.8116
19.0 28.5338
19.0 28.4226
19.1 28.5269
19.1 28.8433
19.1 29.3147
19.1 29.8499
19.1 30.3553
19.1 30.7554
19.1 31.0056
19.1 31.0887
19.1 30.9944
19.1 30.7142
19.1 30.2517
19.1 29.6255
19.1 28.8826
19.1 28.1224
19.1 27.4810
19.1 27.0963
19.1 27.0627
19.1 27.3842
19.1 27.9780
19.1 28.7147
19.2 29.4711
19.2 30.1696
19.2 30.7759
19.2 31.2842
19.2 31.7072
19.2 32.0626
19.2 32.3682
19.2 32.6285
19.2 32.8381
19.2 32.9890
19.2 33.0731
19.2 33.0848
19.2 33.0314
19.2 32.9221
19.2 32.7651
19.2 32.5804
19.2 32.3867
19.2 32.2015
19.2 32.0283
19.2 31.8603
19.3 31.6912
19.3 31.5131
19.3 31.3177
19.3 31.0991
19.3 30.8472
19.3 30.5548
19.3 30.2265
19.3 29.8870
19.3 29.5666
19.3 29.2994
19.3 29.1296
19.3 29.0911
19.3 29.2053
19.3 29.4709
19.3 29.8641
19.3 30.3383
19.3 30.8296
19.3 31.2809
19.3 31.6428
19.3 31.8814
19.4 31.9884
19.4 31.9722
19.4 31.8531
19.4 31.6606
19.4 31.4252
19.4 31.1725
19.4 30.9230
19.4 30.6907
19.4 30.4847
19.4 30.3119
19.4 30.1757
19.4 30.0847
19.4 30.0557
19.4 30.1017
19.4 30.2324
19.4 30.4400
19.4 30.6934
19.4 30.9553
19.4 31.1789
19.4 31.3209
19.5 31.3561
19.5 31.2785
19.5 31.1034
19.5 30.8571
19.5 30.5736
19.5 30.2873
19.5 30.0242
19.5 29.8026
19.5 29.6337
19.5 29.5287
19.5 29.4997
19.5 29.5553
19.5 29.7011
19.5 29.9337
19.5 30.2366
19.5 30.5847
19.5 30.9470
19.5 31.2947
19.5 31.6138
19.5 31.8981
19.6 32.1466
19.6 32.3741
19.6 32.5949
19.6 32.8167
19.6 33.0478
19.6 33.2879
19.6 33.5277
19.6 33.7577
19.6 33.9630
19.6 34.1229
19.6 34.2210
19.6 34.2503
19.6 34.2049
19.6 34.0825
19.6 33.8961
19.6 33.6661
19.6 33.4234
19.6 33.2030
19.6 33.0289
19.6 32.9125
19.7 32.8483
19.7 32.8132
19.7 32.7771
19.7 32.7186
19.7 32.6320
19.7 32.5259
19.7 32.4197
19.7 32.3410
19.7 32.3095
19.7 32.3219
19.7 32.3615
19.7 32.4071
19.7 32.4366
19.7 32.4297
19.7 32.3711
19.7 32.2588
19.7 32.0967
19.7 31.8963
19.7 31.6844
19.7 31.4862
19.8 31.3185
19.8 31.1955
19.8 31.1184
19.8 31.0753
19.8 31.0558
19.8 31.0577
19.8 31.0933
19.8 31.1951
19.8 31.4088
19.8 31.7770
19.8 32.3229
19.8 33.0368
19.8 33.8698
19.8 34.7458
19.8 35.5815
19.8 36.3034
19.8 36.8574
19.8 37.2158
19.8 37.3671
19.8 37.3093
19.9 37.0589
19.9 36.6445
19.9 36.1049
19.9 35.4844
19.9 34.8197
19.9 34.1411
19.9 33.4773
19.9 32.8503
19.9 32.2757
19.9 31.7669
19.9 31.3335
19.9 30.9797
19.9 30.7110
19.9 30.5301
19.9 30.4352
19.9 30.4255
19.9 30.4944
19.9 30.6258
19.9 30.8027
19.9 31.0063
20.0 31.2141
20.0 31.4000
20.0 31.5353
20.0 31.5942
20.0 31.5622
20.0 31.4447
20.0 31.2693
20.0 31.0810
20.0 30.9259
20.0 30.8332
20.0 30.8115
20.0 30.8441
20.0 30.8972
20.0 30.9403
20.0 30.9451
20.0 30.8925
20.0 30.7749
20.0 30.5865
20.0 30.3277
20.0 30.0026
20.1 29.6222
20.1 29.1906
20.1 28.7115
20.1 28.2030
20.1 27.6904
20.1 27.2092
20.1 26.8104
20.1 26.5470
20.1 26.4637
20.1 26.5874
20.1 26.9154
20.1 27.4150
20.1 28.0295
20.1 28.6921
20.1 29.3375
20.1 29.9089
20.1 30.3674
20.1 30.6892
20.1 30.8664
20.1 30.9064
20.2 30.8229
20.2 30.6292
20.2 30.3383
20.2 29.9616
20.2 29.5107
20.2 28.9942
20.2 28.4219
20.2 27.8106
20.2 27.1805
20.2 26.5502
20.2 25.9398
20.2 25.3749
20.2 24.8877
20.2 24.5253
20.2 24.3431
20.2 24.3848
20.2 24.6570
20.2 25.1124
20.2 25.6644
20.2 26.2124
20.3 26.6683
20.3 26.9789
20.3 27.1322
20.3 27.1527
20.3 27.0867
20.3 26.9911
20.3 26.9201
20.3 26.9126
20.3 26.9902
20.3 27.1522
20.3 27.3802
20.3 27.6522
20.3 27.9559
20.3 28.2823
20.3 28.6326
20.3 29.0238
20.3 29.4776
20.3 30.0135
20.3 30.6339
20.3 31.3220
20.4 32.0394
20.4 32.7359
20.4 33.3663
20.4 33.8991
20.4 34.3197
20.4 34.6256
20.4 34.8168
20.4 34.8899
20.4 34.8387
20.4 34.6501
20.4 34.3146
20.4 33.8367
20.4 33.2323
20.4 32.5340
20.4 31.7890
20.4 31.0514
20.4 30.3731
20.4 29.7947
20.4 29.3406
20.4 29.0243
20.5 28.8434
20.5 28.7825
20.5 28.8308
20.5 28.9826
20.5 29.2341
20.5 29.5803
20.5 30.0079
20.5 30.4981
20.5 31.0227
20.5 31.5431
20.5 32.0220
20.5 32.4275
20.5 32.7386
20.5 32.9459
20.5 33.0537
20.5 33.0829
20.5 33.0630
20.5 33.0210
20.5 32.9855
20.5 32.9727
20.6 32.9768
20.6 32.9853
20.6 32.9831
20.6 32.9534
20.6 32.8831
20.6 32.7656
20.6 32.5941
20.6 32.3689
20.6 32.1039
20.6 31.8194
20.6 31.5409
20.6 31.2948
20.6 31.0990
20.6 30.9542
20.6 30.8440
20.6 30.7344
20.6 30.5909
20.6 30.3882
20.6 30.1281
20.6 29.8609
20.7 29.6705
20.7 29.6476
20.7 29.8454
20.7 30.2520
20.7 30.7920
20.7 31.3637
20.7 31.8655
20.7 32.2185
20.7 32.3844
20.7 32.3551
20.7 32.1443
20.7 31.7792
20.7 31.2959
20.7 30.7344
20.7 30.1361
20.7 29.5431
20.7 28.9920
20.7 28.5163
20.7 28.1434
20.7 27.8946
20.8 27.7918
20.8 27.8567
20.8 28.1068
20.8 28.5458
20.8 29.1505
20.8 29.8692
20.8 30.6395
20.8 31.3909
20.8 32.0594
20.8 32.6049
20.8 33.0069
20.8 33.2658
20.8 33.4007
20.8 33.4331
20.8 33.3835
20.8 33.2760
20.8 33.1315
20.8 32.9692
20.8 32.8083
20.8 32.6663
20.9 32.5591
20.9 32.5000
20.9 32.4982
20.9 32.5585
20.9 32.6769
20.9 32.8393
20.9 33.0230
20.9 33.2017
20.9 33.3497
20.9 33.4437
20.9 33.4618
20.9 33.3844
20.9 33.1953
20.9 32.8829
20.9 32.4374
20.9 31.8573
20.9 31.1598
20.9 30.3828
20.9 29.5857
20.9 28.8532
21.0 28.2722
21.0 27.9175
21.0 27.8447
21.0 28.0650
21.0 28.5447
21.0 29.2224
21.0 30.0223
21.0 30.8666
21.0 31.6861
21.0 32.4280
21.0 33.0489
21.0 33.5146
21.0 33.8108
21.0 33.9457
21.0 33.9537
21.0 33.8759
21.0 33.7555
21.0 33.6318
21.0 33.5242
21.0 33.4421
21.1 33.3805
21.1 33.3244
21.1 33.2609
21.1 33.1787
21.1 33.0710
21.1 32.9399
21.1 32.7990
21.1 32.6674
21.1 32.5684
21.1 32.5257
21.1 32.5517
21.1 32.6419
21.1 32.7792
21.1 32.9445
21.1 33.1192
21.1 33.2915
21.1 33.4604
21.1 33.6327
21.1 33.8205
21.1 34.0351
21.2 34.2846
21.2 34.5678
21.2 34.8740
21.2 35.1988
21.2 35.5278
21.2 35.8358
21.2 36.1069
21.2 36.3280
21.2 36.4900
21.2 36.5836
21.2 36.5985
21.2 36.5365
21.2 36.4040
21.2 36.2113
21.2 35.9733
21.2 35.7056
21.2 35.4268
21.2 35.1514
21.2 34.8871
21.2 34.6340
21.3 34.3809
21.3 34.1083
21.3 33.7884
21.3 33.3869
21.3 32.8658
21.3 32.1906
21.3 31.3426
21.3 30.3245
21.3 29.1701
21.3 27.9562
21.3 26.8022
21.3 25.8583
21.3 25.2686
21.3 25.1226
21.3 25.4217
21.3 26.0685
21.3 26.9093
21.3 27.8016
21.3 28.6575
21.3 29.4573
21.4 30.2161
21.4 30.9545
21.4 31.6802
21.4 32.3661
21.4 32.9591
21.4 33.4066
21.4 33.6788
21.4 33.7806
21.4 33.7528
21.4 33.6592
21.4 33.5670
21.4 33.5260
21.4 33.5639
21.4 33.6767
21.4 33.8415
21.4 34.0431
21.4 34.2776
21.4 34.5402
21.4 34.8196
21.4 35.0953
21.5 35.3352
21.5 35.4988
21.5 35.5402
21.5 35.4169
21.5 35.0977
21.5 34.5719
21.5 33.8585
21.5 33.0025
21.5 32.0814
21.5 31.1911
21.5 30.4232
21.5 29.8521
21.5 29.5182
21.5 29.4336
21.5 29.5822
21.5 29.9332
21.5 30.4554
21.5 31.1132
21.5 31.8623
21.5 32.6499
21.5 33.4179
21.6 34.1133
21.6 34.6978
21.6 35.1460
21.6 35.4497
21.6 35.6095
21.6 35.6278
21.6 35.5133
21.6 35.2797
21.6 34.9439
21.6 34.5289
21.6 34.0618
21.6 33.5751
21.6 33.1061
21.6 32.6896
21.6 32.3543
21.6 32.1222
21.6 32.0048
21.6 31.9991
21.6 32.0903
21.6 32.2554
21.7 32.4649
21.7 32.6873
21.7 32.8924
21.7 33.0455
21.7 33.1098
21.7 33.0616
21.7 32.8854
21.7 32.5794
21.7 32.1683
21.7 31.6963
21.7 31.2266
21.7 30.8317
21.7 30.5728
21.7 30.4872
21.7 30.5715
21.7 30.7793
21.7 31.0437
21.7 31.3012
21.7 31.5027
21.7 31.6218
21.8 31.6582
21.8 31.6320
21.8 31.5697
21.8 31.5010
21.8 31.4561
21.8 31.4500
21.8 31.4825
21.8 31.5427
21.8 31.6120
21.8 31.6727
21.8 31.7142
21.8 31.7406
21.8 31.7725
21.8 31.8367
21.8 31.9516
21.8 32.1268
21.8 32.3524
21.8 32.6083
21.8 32.8721
21.8 33.1315
21.9 33.3758
21.9 33.5865
21.9 33.7526
21.9 33.8548
21.9 33.8638
21.9 33.7496
21.9 33.4893
21.9 33.0785
21.9 32.5398
21.9 31.9318
21.9 31.3434
21.9 30.8790
21.9 30.6293
21.9 30.6394
21.9 30.8978
21.9 31.3451
21.9 31.8978
21.9 32.4744
21.9 33.0138
21.9 33.4824
22.0 33.8665
22.0 34.1663
22.0 34.3874
22.0 34.5313
22.0 34.5993
22.0 34.5871
22.0 34.4832
22.0 34.2773
22.0 33.9668
22.0 33.5571
22.0 33.0600
22.0 32.5030
22.0 31.9242
22.0 31.3598
22.0 30.8462
22.0 30.4240
22.0 30.1255
22.0 29.9669
22.0 29.9467
22.0 30.0341
22.1 30.1748
22.1 30.3151
22.1 30.4193
22.1 30.4870
22.1 30.5550
22.1 30.6819
22.1 30.9234
22.1 31.3075
22.1 31.8205
22.1 32.4036
22.1 32.9690
22.1 33.4154
22.1 33.6506
22.1 33.6084
22.1 33.2550
22.1 32.6030
22.1 31.7035
22.1 30.6480
22.1 29.5764
22.1 28.6545
22.2 28.0426
22.2 27.8503
22.2 28.0993
22.2 28.7268
22.2 29.6179
22.2 30.6454
22.2 31.6958
22.2 32.6801
22.2 33.5345
22.2 34.2138
22.2 34.6893
22.2 34.9487
22.2 34.9950
22.2 34.8442
22.2 34.5220
22.2 34.0723
22.2 33.5483
22.2 33.0036
22.2 32.4902
22.2 32.0454
22.3 31.6835
22.3 31.3951
22.3 31.1512
22.3 30.9159
22.3 30.6621
22.3 30.3845
22.3 30.0939
22.3 29.8164
22.3 29.5856
22.3 29.4310
22.3 29.3705
22.3 29.4032
22.3 29.5159
22.3 29.6847
22.3 29.8834
22.3 30.0903
22.3 30.2906
22.3 30.4752
22.3 30.6402
22.3 30.7843
22.4 30.9075
22.4 31.0080
22.4 31.0812
22.4 31.1284
22.4 31.1563
22.4 31.1706
22.4 31.1727
22.4 31.1602
22.4 31.1223
22.4 31.0425
22.4 30.9040
22.4 30.6953
22.4 30.4167
22.4 30.0855
22.4 29.7406
22.4 29.4381
22.4 29.2442
22.4 29.2236
22.4 29.4200
22.4 29.8391
22.5 30.4425
22.5 31.1548
22.5 31.8823
22.5 32.5324
22.5 33.0255
22.5 33.3041
22.5 33.3355
22.5 33.1114
22.5 32.6420
22.5 31.9584
22.5 31.1192
22.5 30.2043
22.5 29.3110
22.5 28.5420
22.5 27.9938
22.5 27.7376
22.5 27.7922
22.5 28.1140
22.5 28.6085
22.5 29.1602
22.6 29.6736
22.6 30.0825
22.6 30.3441
22.6 30.4461
22.6 30.3902
22.6 30.1796
22.6 29.8174
22.6 29.3125
22.6 28.6824
22.6 27.9592
22.6 27.1971
22.6 26.4692
22.6 25.8607
22.6 25.4470
22.6 25.2840
22.6 25.3994
22.6 25.7821
22.6 26.3937
22.6 27.1668
22.6 28.0181
22.7 28.8753
22.7 29.6813
22.7 30.4023
22.7 31.0251
22.7 31.5562
22.7 32.0225
22.7 32.4522
22.7 32.8651
22.7 33.2731
22.7 33.6718
22.7 34.0409
22.7 34.3550
22.7 34.5833
22.7 34.6956
22.7 34.6736
22.7 34.5101
22.7 34.2110
22.7 33.7974
22.7 33.3055
22.7 32.7765
22.8 32.2561
22.8 31.7920
22.8 31.4257
22.8 31.1888
22.8 31.0973
22.8 31.1508
22.8 31.3316
22.8 31.6105
22.8 31.9557
22.8 32.3359
22.8 32.7199
22.8 33.0727
22.8 33.3627
22.8 33.5716
22.8 33.6803
22.8 33.6704
22.8 33.5404
22.8 33.3013
22.8 32.9736
22.8 32.5852
22.9 32.1676
22.9 31.7566
22.9 31.3964
22.9 31.1301
22.9 30.9973
22.9 31.0325
22.9 31.2502
22.9 31.6426
22.9 32.1758
22.9 32.8008
22.9 33.4569
22.9 34.0827
22.9 34.6341
22.9 35.0778
22.9 35.3968
22.9 35.5887
22.9 35.6640
22.9 35.6342
22.9 35.5086
22.9 35.3088
23.0 35.0616
23.0 34.7917
23.0 34.5286
23.0 34.2980
23.0 34.1172
23.0 33.9968
23.0 33.9352
23.0 33.9233
23.0 33.9390
23.0 33.9515
23.0 33.9349
23.0 33.8673
23.0 33.7276
23.0 33.4973
23.0 33.1719
23.0 32.7567
23.0 32.2685
23.0 31.7404
23.0 31.2133
23.0 30.7290
23.1 30.3236
23.1 30.0185
23.1 29.8214
23.1 29.7271
23.1 29.7218
23.1 29.7895
23.1 29.9145
23.1 30.0812
23.1 30.2716
23.1 30.4693
23.1 30.6584
23.1 30.8266
23.1 30.9653
23.1 31.0676
23.1 31.1300
23.1 31.1445
23.1 31.1029
23.1 31.0030
23.1 30.8471
23.1 30.6424
23.2 30.4097
23.2 30.1878
23.2 30.0268
23.2 29.9790
23.2 30.0862
23.2 30.3639
23.2 30.7886
23.2 31.2963
23.2 31.7972
23.2 32.1999
23.2 32.4289
23.2 32.4376
23.2 32.2208
23.2 31.8165
23.2 31.3017
23.2 30.7749
23.2 30.3336
23.2 30.0496
23.2 29.9478
23.2 30.0084
23.3 30.1807
23.3 30.4069
23.3 30.6432
23.3 30.8679
23.3 31.0831
23.3 31.3013
23.3 31.5309
23.3 31.7716
23.3 32.0081
23.3 32.2132
23.3 32.3532
23.3 32.3949
23.3 32.3187
23.3 32.1260
23.3 31.8406
23.3 31.5127
23.3 31.1959
23.3 30.9359
23.3 30.7682
23.3 30.7026
23.4 30.7209
23.4 30.7828
23.4 30.8386
23.4 30.8413
23.4 30.7574
23.4 30.5726
23.4 30.2957
23.4 29.9539
23.4 29.5875
23.4 29.2424
23.4 28.9608
23.4 28.7692
23.4 28.6735
23.4 28.6684
23.4 28.7442
23.4 28.8873
23.4 29.0726
23.4 29.2649
23.4 29.4226
23.4 29.4991
23.5 29.4560
23.5 29.2727
23.5 28.9587
23.5 28.5696
23.5 28.2064
23.5 28.0026
23.5 28.0821
23.5 28.5003
23.5 29.2110
23.5 30.0865
23.5 30.9812
23.5 31.7828
23.5 32.4327
23.5 32.9159
23.5 33.2410
23.5 33.4324
23.5 33.5189
23.5 33.5280
23.5 33.4852
23.5 33.4104
23.6 33.3159
23.6 33.2131
23.6 33.0994
23.6 32.9621
23.6 32.7962
23.6 32.6047
23.6 32.3985
23.6 32.1941
23.6 32.0140
23.6 31.8786
23.6 31.7951
23.6 31.7539
23.6 31.7354
23.6 31.7080
23.6 31.6361
23.6 31.4998
23.6 31.2962
23.6 31.0350
23.6 30.7339
23.6 30.4124
23.7 30.0817
23.7 29.7440
23.7 29.3931
23.7 29.0155
23.7 28.6029
23.7 28.1594
23.7 27.7011
23.7 27.2570
23.7 26.8721
23.7 26.5938
23.7 26.4598
23.7 26.4909
23.7 26.6862
23.7 27.0290
23.7 27.4966
23.7 28.0679
23.7 28.7200
23.7 29.4271
23.7 30.1658
23.7 30.9069
23.8 31.6182
23.8 32.2721
23.8 32.8480
23.8 33.3365
23.8 33.7337
23.8 34.0388
23.8 34.2554
23.8 34.3872
23.8 34.4356
23.8 34.3988
23.8 34.2738
23.8 34.0532
23.8 33.7290
23.8 33.2977
23.8 32.7591
23.8 32.1126
23.8 31.3688
23.8 30.5460
23.8 29.6705
23.8 28.7857
23.9 27.9500
23.9 27.2238
23.9 26.6583
23.9 26.2903
23.9 26.1260
23.9 26.1406
23.9 26.2922
23.9 26.5306
23.9 26.8062
23.9 27.0777
23.9 27.3170
23.9 27.5111
23.9 27.6611
23.9 27.7787
23.9 27.8834
23.9 27.9948
23.9 28.1312
23.9 28.3106
23.9 28.5458
23.9 28.8424
24.0 29.1957
24.0 29.5887
24.0 29.9953
24.0 30.3880
24.0 30.7370
24.0 31.0200
24.0 31.2247
24.0 31.3506
24.0 31.4156
24.0 31.4499
24.0 31.4839
24.0 31.5487
24.0 31.6754
24.0 31.8834
24.0 32.1780
24.0 32.5489
24.0 32.9713
24.0 33.4160
24.0 33.8489
24.0 34.2342
24.1 34.5363
24.1 34.7190
24.1 34.7513
24.1 34.6035
24.1 34.2547
24.1 33.6962
24.1 32.9323
24.1 31.9916
24.1 30.9323
24.1 29.8277
24.1 28.7639
24.1 27.8418
24.1 27.1602
24.1 26.7952
24.1 26.7848
24.1 27.1278
24.1 27.7812
24.1 28.6674
24.1 29.6913
24.1 30.7576
24.2 31.7861
24.2 32.7147
24.2 33.4991
24.2 34.1166
24.2 34.5568
24.2 34.8205
24.2 34.9131
24.2 34.8402
24.2 34.6147
24.2 34.2548
24.2 33.7853
24.2 33.2477
24.2 32.7059
24.2 32.2423
24.2 31.9384
24.2 31.8502
24.2 31.9905
24.2 32.3221
24.2 32.7720
24.2 33.2524
24.3 33.6797
24.3 33.9875
24.3 34.1311
24.3 34.0839
24.3 33.8317
24.3 33.3795
24.3 32.7577
24.3 32.0211
24.3 31.2461
24.3 30.5260
24.3 29.9521
24.3 29.5956
24.3 29.4870
24.3 29.6115
24.3 29.9213
24.3 30.3417
24.3 30.7867
24.3 31.1813
24.3 31.4691
24.3 31.6065
24.4 31.5676
24.4 31.3495
24.4 30.9663
24.4 30.4406
24.4 29.7981
24.4 29.0698
24.4 28.2918
24.4 27.5032
24.4 26.7456
24.4 26.0719
24.4 25.5592
24.4 25.2845
24.4 25.3079
24.4 25.6669
24.4 26.3510
24.4 27.2895
24.4 28.3693
24.4 29.4660
24.4 30.4724
24.4 31.3122
24.5 31.9456
24.5 32.3730
24.5 32.6179
24.5 32.7119
24.5 32.6970
24.5 32.6146
24.5 32.4938
24.5 32.3424
24.5 32.1463
24.5 31.8775
24.5 31.5018
24.5 30.9935
24.5 30.3513
24.5 29.6021
24.5 28.8065
24.5 28.0605
24.5 27.4794
24.5 27.1721
24.5 27.2093
24.5 27.6034
24.6 28.3004
24.6 29.1928
24.6 30.1623
24.6 31.0960
24.6 31.8959
24.6 32.5032
24.6 32.8793
24.6 33.0044
24.6 32.8871
24.6 32.5530
24.6 32.0404
24.6 31.3929
24.6 30.6553
24.6 29.8710
24.6 29.0774
24.6 28.3036
24.6 27.5718
24.6 26.8971
24.6 26.2889
24.6 25.7570
24.7 25.3138
24.7 24.9757
24.7 24.7651
24.7 24.7090
24.7 24.8298
24.7 25.1366
24.7 25.6244
24.7 26.2654
24.7 27.0135
24.7 27.8154
24.7 28.6207
24.7 29.3749
24.7 30.0300
24.7 30.5559
24.7 30.9338
24.7 31.1591
24.7 31.2286
24.7 31.1448
24.7 30.9217
24.7 30.5808
24.8 30.1513
24.8 29.6648
24.8 29.1531
24.8 28.6463
24.8 28.1653
24.8 27.7206
24.8 27.3108
24.8 26.9285
24.8 26.5711
24.8 26.2440
24.8 25.9640
24.8 25.7500
24.8 25.6175
24.8 25.5930
24.8 25.7087
24.8 25.9889
24.8 26.4406
24.8 27.0451
24.8 27.7600
24.8 28.5320
24.9 29.3084
24.9 30.0518
24.9 30.7411
24.9 31.3632
24.9 31.9104
24.9 32.3721
24.9 32.7371
24.9 33.0073
24.9 33.1846
24.9 33.2677
24.9 33.2627
24.9 33.1803
24.9 33.0338
24.9 32.8411
24.9 32.6228
24.9 32.3977
24.9 32.1882
24.9 32.0252
24.9 31.9413
24.9 31.9637
25.0 32.1097
25.0 32.3796
25.0 32.7519
25.0 33.1841
25.0 33.6220
25.0 34.0088
25.0 34.2916
25.0 34.4291
25.0 34.4005
25.0 34.2040
25.0 33.8543
25.0 33.3843
25.0 32.8431
25.0 32.2816
25.0 31.7486
25.0 31.2893
25.0 30.9403
25.0 30.7181
25.0 30.6166
25.0 30.6102
25.1 30.6572
25.1 30.7145
25.1 30.7468
25.1 30.7421
25.1 30.7212
25.1 30.7347
25.1 30.8498
25.1 31.1235
25.1 31.5718
25.1 32.1638
25.1 32.8218
25.1 33.4458
25.1 33.9456
25.1 34.2511
25.1 34.3208
25.1 34.1452
25.1 33.7540
25.1 33.2147
25.1 32.6278
25.1 32.1116
25.2 31.7782
25.2 31.7068
25.2 31.9265
25.2 32.4080
25.2 33.0683
25.2 33.7961
25.2 34.4732
25.2 34.9936
25.2 35.2832
25.2 35.3027
25.2 35.0468
25.2 34.5383
25.2 33.8227
25.2 32.9514
25.2 31.9726
25.2 30.9388
25.2 29.9010
25.2 28.9085
25.2 28.0095
25.2 27.2460
25.3 26.6509
25.3 26.2441
25.3 26.0339
25.3 26.0242
25.3 26.2226
25.3 26.6426
25.3 27.2991
25.3 28.1901
25.3 29.2701
25.3 30.4461
25.3 31.6005
25.3 32.6291
25.3 33.4617
25.3 34.0708
25.3 34.4761
25.3 34.7298
25.3 34.8992
25.3 35.0499
25.3 35.2359
25.3 35.4914
25.4 35.8230
25.4 36.2057
25.4 36.5913
25.4 36.9273
25.4 37.1627
25.4 37.2622
25.4 37.2205
25.4 37.0560
25.4 36.8031
25.4 36.5088
25.4 36.2256
25.4 35.9983
25.4 35.8500
25.4 35.7785
25.4 35.7654
25.4 35.7719
25.4 35.7544
25.4 35.6648
25.4 35.4559
25.4 35.1116
25.5 34.6499
25.5 34.1240
25.5 33.6088
25.5 33.1748
25.5 32.8668
25.5 32.6895
25.5 32.6175
25.5 32.6193
25.5 32.6656
25.5 32.7293
25.5 32.7862
25.5 32.8234
25.5 32.8341
25.5 32.8172
25.5 32.7815
25.5 32.7397
25.5 32.7032
25.5 32.6790
25.5 32.6738
25.5 32.6937
25.6 32.7385
25.6 32.8059
25.6 32.8914
25.6 32.9865
25.6 33.0795
25.6 33.1530
25.6 33.1865
25.6 33.1648
25.6 33.0735
25.6 32.9030
25.6 32.6622
25.6 32.3750
25.6 32.0730
25.6 31.7897
25.6 31.5535
25.6 31.3730
25.6 31.2441
25.6 31.1638
25.6 31.1395
25.6 31.1953
25.7 31.3671
25.7 31.6760
25.7 32.1157
25.7 32.6420
25.7 33.1765
25.7 33.6340
25.7 33.9387
25.7 34.0385
25.7 33.9067
25.7 33.5463
25.7 32.9913
25.7 32.2987
25.7 31.5417
25.7 30.7989
25.7 30.1391
25.7 29.6182
25.7 29.2844
25.7 29.1765
25.7 29.3239
25.7 29.7331
25.8 30.3747
25.8 31.1842
25.8 32.0763
25.8 32.9622
25.8 33.7652
25.8 34.4261
25.8 34.9028
25.8 35.1702
25.8 35.2149
25.8 35.0258
25.8 34.5991
25.8 33.9466
25.8 33.0926
25.8 32.0772
25.8 30.9609
25.8 29.8155
25.8 28.7118
25.8 27.7194
25.8 26.9051
25.8 26.3142
25.9 25.9746
25.9 25.9056
25.9 26.1044
25.9 26.5364
25.9 27.1417
25.9 27.8459
25.9 28.5769
25.9 29.2754
25.9 29.9019
25.9 30.4421
25.9 30.8973
25.9 31.2763
25.9 31.5909
25.9 31.8542
25.9 32.0811
25.9 32.2775
25.9 32.4453
25.9 32.5821
25.9 32.6783
25.9 32.7270
26.0 32.7152
26.0 32.6259
26.0 32.4462
26.0 32.1651
26.0 31.7773
26.0 31.2836
26.0 30.6989
26.0 30.0555
26.0 29.4011
26.0 28.8003
26.0 28.3126
26.0 27.9879
26.0 27.8613
26.0 27.9373
26.0 28.1977
26.0 28.6071
26.0 29.1219
26.0 29.6965
26.0 30.2888
26.0 30.8637
26.1 31.3947
26.1 31.8526
26.1 32.2077
26.1 32.4409
26.1 32.5384
26.1 32.4956
26.1 32.3230
26.1 32.0471
26.1 31.7075
26.1 31.3508
26.1 31.0261
26.1 30.7733
26.1 30.6146
26.1 30.5498
26.1 30.5580
26.1 30.6095
26.1 30.6705
26.1 30.7133
26.1 30.7290
26.1 30.7214
26.2 30.6978
26.2 30.6702
26.2 30.6460
26.2 30.6209
26.2 30.5721
26.2 30.4556
26.2 30.2223
26.2 29.8287
26.2 29.2472
26.2 28.4743
26.2 27.5479
26.2 26.5539
26.2 25.6219
26.2 24.9112
26.2 24.5744
26.2 24.7078
26.2 25.3143
26.2 26.3010
26.2 27.5156
26.2 28.7995
26.3 30.0264
26.3 31.1147
26.3 32.0184
26.3 32.7195
26.3 33.2198
26.3 33.5306
26.3 33.6704
26.3 33.6663
26.3 33.5524
26.3 33.3589
26.3 33.1103
26.3 32.8344
26.3 32.5534
26.3 32.2739
26.3 31.9994
26.3 31.7352
26.3 31.4852
26.3 31.2531
26.3 31.0446
26.3 30.8572
26.4 30.6779
26.4 30.4932
26.4 30.2906
26.4 30.0631
26.4 29.8038
26.4 29.5144
26.4 29.2126
26.4 28.9222
26.4 28.6717
26.4 28.4895
26.4 28.3963
26.4 28.4089
26.4 28.5317
26.4 28.7486
26.4 29.0357
26.4 29.3669
26.4 29.7150
26.4 30.0599
26.4 30.3891
26.4 30.6910
26.5 30.9513
26.5 31.1594
26.5 31.3099
26.5 31.3983
26.5 31.4179
26.5 31.3642
26.5 31.2403
26.5 31.0549
26.5 30.8229
26.5 30.5647
26.5 30.3062
26.5 30.0761
26.5 29.9027
26.5 29.8131
26.5 29.8254
26.5 29.9481
26.5 30.1817
26.5 30.5101
26.5 30.9026
26.5 31.3233
26.6 31.7258
26.6 32.0589
26.6 32.2835
26.6 32.3712
26.6 32.3080
26.6 32.0970
26.6 31.7609
26.6 31.3406
26.6 30.8886
26.6 30.4670
26.6 30.1303
26.6 29.9134
26.6 29.8384
26.6 29.9121
26.6 30.1256
26.6 30.4614
26.6 30.9010
26.6 31.4257
26.6 32.0169
26.6 32.6511
26.7 33.2983
26.7 33.9280
26.7 34.5103
26.7 35.0208
26.7 35.4452
26.7 35.7779
26.7 36.0208
26.7 36.1781
26.7 36.2536
26.7 36.2554
26.7 36.1935
26.7 36.0759
26.7 35.9080
26.7 35.6961
26.7 35.4458
26.7 35.1576
26.7 34.8331
26.7 34.4826
26.7 34.1247
26.7 33.7854
26.8 33.4902
26.8 33.2600
26.8 33.1067
26.8 33.0250
26.8 32.9922
26.8 32.9747
26.8 32.9339
26.8 32.8379
26.8 32.6687
26.8 32.4195
26.8 32.0930
26.8 31.6972
26.8 31.2474
26.8 30.7690
26.8 30.2903
26.8 29.8409
26.8 29.4519
26.8 29.1492
26.8 28.9470
26.8 28.8397
26.9 28.8072
26.9 28.8174
26.9 28.8294
26.9 28.8090
26.9 28.7378
26.9 28.6259
26.9 28.5240
26.9 28.5185
26.9 28.7055
26.9 29.1410
26.9 29.8028
26.9 30.5992
26.9 31.4039
26.9 32.1031
26.9 32.6311
26.9 32.9814
26.9 33.1925
26.9 33.3239
26.9 33.4437
26.9 33.6100
27.0 33.8505
27.0 34.1605
27.0 34.5130
27.0 34.8726
27.0 35.2081
27.0 35.4984
27.0 35.7390
27.0 35.9317
27.0 36.0766
27.0 36.1715
27.0 36.2102
27.0 36.1756
27.0 36.0424
27.0 35.7928
27.0 35.4140
27.0 34.9104
27.0 34.3216
27.0 33.7103
27.0 33.1561
27.0 32.7443
27.1 32.5310
27.1 32.5168
27.1 32.6468
27.1 32.8281
27.1 32.9663
27.1 32.9963
27.1 32.8903
27.1 32.6561
27.1 32.3232
27.1 31.9309
27.1 31.5184
27.1 31.1148
27.1 30.7321
27.1 30.3645
27.1 29.9958
27.1 29.6004
27.1 29.1575
27.1 28.6720
27.1 28.1787
27.1 27.7401
27.2 27.4346
27.2 27.3366
27.2 27.4982
27.2 27.9309
27.2 28.6051
27.2 29.4644
27.2 30.4342
27.2 31.4319
27.2 32.3928
27.2 33.2759
27.2 34.0569
27.2 34.7335
27.2 35.3169
27.2 35.8218
27.2 36.2624
27.2 36.6453
27.2 36.9739
27.2 37.2392
27.2 37.4215
27.2 37.5032
27.3 37.4746
27.3 37.3169
27.3 37.0082
27.3 36.5480
27.3 35.9473
27.3 35.2242
27.3 34.4032
27.3 33.5161
27.3 32.5954
27.3 31.6699
27.3 30.7636
27.3 29.8998
27.3 29.1086
27.3 28.4245
27.3 27.8826
27.3 27.5149
27.3 27.3414
27.3 27.3673
27.3 27.5807
27.3 27.9571
27.4 28.4686
27.4 29.0843
27.4 29.7741
27.4 30.5064
27.4 31.2450
27.4 31.9533
27.4 32.5913
27.4 33.1183
27.4 33.4997
27.4 33.7085
27.4 33.7270
27.4 33.5545
27.4 33.2200
27.4 32.7888
27.4 32.3638
27.4 32.0637
27.4 31.9797
27.4 32.1352
27.4 32.4726
27.4 32.8746
27.5 33.2119
27.5 33.3861
27.5 33.3471
27.5 33.0849
27.5 32.6214
27.5 32.0051
27.5 31.3051
27.5 30.6126
27.5 30.0325
27.5 29.6787
27.5 29.6505
27.5 29.9946
27.5 30.6901
27.5 31.6545
27.5 32.7635
27.5 33.8916
27.5 34.9398
27.5 35.8456
27.5 36.5726
27.5 37.0991
27.6 37.4234
27.6 37.5466
27.6 37.4752
27.6 37.2243
27.6 36.8072
27.6 36.2474
27.6 35.5732
27.6 34.8113
27.6 33.9947
27.6 33.1563
27.6 32.3263
27.6 31.5275
27.6 30.7758
27.6 30.0829
27.6 29.4597
27.6 28.9210
27.6 28.4888
27.6 28.1879
27.6 28.0428
27.6 28.0720
27.7 28.2814
27.7 28.6620
27.7 29.1917
27.7 29.8350
27.7 30.5450
27.7 31.2768
27.7 31.9903
27.7 32.6512
27.7 33.2306
27.7 33.7041
27.7 34.0538
27.7 34.2668
27.7 34.3374
27.7 34.2747
27.7 34.1020
27.7 33.8536
27.7 33.5699
27.7 33.2885
27.7 33.0345
27.7 32.8201
27.8 32.6362
27.8 32.4534
27.8 32.2367
27.8 31.9567
27.8 31.5917
27.8 31.1349
27.8 30.6084
27.8 30.0642
27.8 29.5833
27.8 29.2578
27.8 29.1605
27.8 29.3290
27.8 29.7519
27.8 30.3714
27.8 31.1127
27.8 31.9063
27.8 32.6945
27.8 33.4289
27.8 34.0733
27.8 34.6056
27.9 35.0111
27.9 35.2856
27.9 35.4273
27.9 35.4354
27.9 35.3145
27.9 35.0686
27.9 34.7055
27.9 34.2403
27.9 33.6973
27.9 33.1138
27.9 32.5446
27.9 32.0438
27.9 31.6543
27.9 31.4026
27.9 31.2813
27.9 31.2497
27.9 31.2341
27.9 31.1449
27.9 30.9034
27.9 30.4578
28.0 29.8019
28.0 28.9789
28.0 28.0841
28.0 27.2604
28.0 26.6675
28.0 26.4403
28.0 26.6482
28.0 27.2759
28.0 28.2276
28.0 29.3619
28.0 30.5377
28.0 31.6399
28.0 32.5840
28.0 33.3127
28.0 33.7903
28.0 33.9936
28.0 33.9120
28.0 33.5553
28.0 32.9619
28.0 32.1899
28.1 31.3194
28.1 30.4555
28.1 29.7039
28.1 29.1556
28.1 28.8537
28.1 28.7865
28.1 28.9097
28.1 29.1607
28.1 29.4789
28.1 29.8167
28.1 30.1428
28.1 30.4406
28.1 30.6885
28.1 30.8608
28.1 30.9457
28.1 30.9461
28.1 30.8896
28.1 30.8093
28.1 30.7321
28.1 30.6887
28.2 30.7007
28.2 30.7748
28.2 30.9043
28.2 31.0764
28.2 31.2692
28.2 31.4605
28.2 31.6422
28.2 31.8196
28.2 32.0080
28.2 32.2254
28.2 32.4860
28.2 32.7903
28.2 33.1206
28.2 33.4432
28.2 33.7156
28.2 33.8923
28.2 33.9347
28.2 33.8191
28.2 33.5382
28.2 33.1065
28.3 32.5521
28.3 31.9133
28.3 31.2370
28.3 30.5719
28.3 29.9645
28.3 29.4537
28.3 29.0556
28.3 28.7612
28.3 28.5498
28.3 28.3934
28.3 28.2675
28.3 28.1600
28.3 28.0751
28.3 28.0322
28.3 28.0586
28.3 28.1754
28.3 28.3952
28.3 28.7250
28.3 29.1613
28.3 29.6911
28.4 30.2944
28.4 30.9453
28.4 31.6145
28.4 32.2730
28.4 32.8953
28.4 33.4551
28.4 33.9339
28.4 34.3253
28.4 34.6267
28.4 34.8402
28.4 34.9737
28.4 35.0339
28.4 35.0235
28.4 34.9466
28.4 34.8103
28.4 34.6219
28.4 34.3884
28.4 34.1179
28.4 33.8089
28.4 33.4592
28.5 33.0669
28.5 32.6328
28.5 32.1760
28.5 31.7420
28.5 31.3927
28.5 31.1989
28.5 31.2229
28.5 31.4957
28.5 32.0004
28.5 32.6683
28.5 33.4043
28.5 34.1090
28.5 34.6927
28.5 35.0880
28.5 35.2542
28.5 35.1765
28.5 34.8702
28.5 34.3750
28.5 33.7522
28.5 33.0862
28.6 32.4664
28.6 31.9784
28.6 31.6888
28.6 31.6343
28.6 31.8160
28.6 32.2039
28.6 32.7572
28.6 33.4256
28.6 34.1579
28.6 34.9050
28.6 35.6168
28.6 36.2509
28.6 36.7669
28.6 37.1274
28.6 37.3083
28.6 37.3024
28.6 37.1215
28.6 36.7975
28.6 36.3817
28.6 35.9263
28.7 35.4709
28.7 35.0379
28.7 34.6398
28.7 34.2904
28.7 34.0127
28.7 33.8432
28.7 33.8207
28.7 33.9644
28.7 34.2578
28.7 34.6548
28.7 35.0909
28.7 35.5012
28.7 35.8356
28.7 36.0599
28.7 36.1579
28.7 36.1302
28.7 35.9859
28.7 35.7445
28.7 35.4397
28.7 35.1100
28.8 34.7939
28.8 34.5347
28.8 34.3470
28.8 34.2096
28.8 34.0718
28.8 33.8538
28.8 33.4764
28.8 32.8822
28.8 32.0666
28.8 31.0798
28.8 30.0210
28.8 29.0207
28.8 28.2031
28.8 27.6496
28.8 27.3848
28.8 27.3869
28.8 27.6145
28.8 28.0320
28.8 28.6163
28.8 29.3601
28.9 30.2468
28.9 31.2432
28.9 32.3056
28.9 33.3738
28.9 34.3863
28.9 35.2817
28.9 36.0093
28.9 36.5377
28.9 36.8531
28.9 36.9628
28.9 36.8857
28.9 36.6508
28.9 36.2963
28.9 35.8639
28.9 35.3953
28.9 34.9272
28.9 34.4909
28.9 34.1115
28.9 33.8052
28.9 33.5778
29.0 33.4227
29.0 33.3229
29.0 33.2569
29.0 33.1999
29.0 33.1231
29.0 33.0013
29.0 32.8191
29.0 32.5650
29.0 32.2266
29.0 31.7925
29.0 31.2637
29.0 30.6771
29.0 30.1269
29.0 29.7570
29.0 29.7095
29.0 30.0474
29.0 30.7046
29.0 31.5115
29.0 32.2755
29.0 32.8554
29.1 33.1913
29.1 33.2940
29.1 33.2195
29.1 33.0434
29.1 32.8362
29.1 32.6502
29.1 32.5151
29.1 32.4365
29.1 32.4014
29.1 32.3857
29.1 32.3643
29.1 32.3159
29.1 32.2210
29.1 32.0645
29.1 31.8402
29.1 31.5383
29.1 31.1503
29.1 30.6829
29.1 30.1498
29.1 29.5743
29.2 28.9922
29.2 28.4448
29.2 27.9812
29.2 27.6534
29.2 27.4969
29.2 27.5290
29.2 27.7507
29.2 28.1435
29.2 28.6722
29.2 29.2913
29.2 29.9518
29.2 30.6097
29.2 31.2281
29.2 31.7828
29.2 32.2506
29.2 32.6067
29.2 32.8326
29.2 32.9162
29.2 32.8598
29.2 32.6808
29.3 32.4195
29.3 32.1463
29.3 31.9439
29.3 31.8822
29.3 31.9959
29.3 32.2778
29.3 32.6891
29.3 33.1813
29.3 33.7202
29.3 34.2756
29.3 34.8114
29.3 35.2915
29.3 35.6806
29.3 35.9555
29.3 36.1108
29.3 36.1575
29.3 36.1220
29.3 36.0384
29.3 35.9380
29.3 35.8453
29.4 35.7669
29.4 35.6925
29.4 35.6036
29.4 35.4767
29.4 35.2932
29.4 35.0439
29.4 34.7300
29.4 34.3576
29.4 33.9285
29.4 33.4357
29.4 32.8680
29.4 32.2205
29.4 31.5021
29.4 30.7507
29.4 30.0394
29.4 29.4660
29.4 29.1269
29.4 29.0807
29.4 29.3259
29.4 29.8066
29.5 30.4311
29.5 31.1022
29.5 31.7329
29.5 32.2566
29.5 32.6394
29.5 32.8706
29.5 32.9587
29.5 32.9220
29.5 32.7858
29.5 32.5878
29.5 32.3735
29.5 32.1937
29.5 32.0955
29.5 32.1113
29.5 32.2564
29.5 32.5253
29.5 32.8893
29.5 33.3044
29.5 33.7208
29.5 34.0933
29.6 34.3836
29.6 34.5621
29.6 34.6077
29.6 34.5043
29.6 34.2470
29.6 33.8469
29.6 33.3297
29.6 32.7338
29.6 32.1062
29.6 31.4990
29.6 30.9579
29.6 30.5188
29.6 30.2013
29.6 30.0081
29.6 29.9363
29.6 29.9740
29.6 30.1031
29.6 30.3096
29.6 30.5817
29.6 30.9053
29.7 31.2695
29.7 31.6676
29.7 32.0975
29.7 32.5567
29.7 33.0381
29.7 33.5290
29.7 34.0059
29.7 34.4357
29.7 34.7875
29.7 35.0402
29.7 35.1827
29.7 35.2133
29.7 35.1456
29.7 35.0035
29.7 34.8126
29.7 34.5999
29.7 34.3846
29.7 34.1785
29.7 33.9920
29.7 33.8329
29.8 33.7095
29.8 33.6356
29.8 33.6305
29.8 33.7126
29.8 33.8906
29.8 34.1666
29.8 34.5302
29.8 34.9569
29.8 35.4094
29.8 35.8408
29.8 36.2042
29.8 36.4603
29.8 36.5817
29.8 36.5521
29.8 36.3745
29.8 36.0776
29.8 35.7104
29.8 35.3390
29.8 35.0268
29.8 34.8232
29.9 34.7585
29.9 34.8348
29.9 35.0387
29.9 35.3383
29.9 35.6884
29.9 36.0411
29.9 36.3498
29.9 36.5785
29.9 36.6996
29.9 36.6886
29.9 36.5320
29.9 36.2290
29.9 35.7899
29.9 35.2343
29.9 34.5919
29.9 33.9020
29.9 33.2079
29.9 32.5590
29.9 31.9995
29.9 31.5617
30.0 31.2612
30.0 31.0944
30.0 31.0408
30.0 31.0678
30.0 31.1407
30.0 31.2264
30.0 31.2932
30.0 31.3145
30.0 31.2711
