0.0 45.0000
0.005 45.0008
0.01 45.0019
0.015 45.0032
0.02 45.0047
0.025 45.0064
0.03 45.0083
0.035 45.0104
0.04 45.0127
0.045 45.0152
0.05 45.0179
0.055 45.0209
0.06 45.0241
0.065 45.0275
0.07 45.0311
0.075 45.0350
0.08 45.0392
0.085 45.0436
0.09 45.0482
0.095 45.0532
0.1 45.0584
0.105 45.0640
0.11 45.0698
0.115 45.0759
0.12 45.0824
0.125 45.0892
0.13 45.0964
0.135 45.1040
0.14 45.1119
0.145 45.1202
0.15 45.1290
0.155 45.1381
0.16 45.1478
0.165 45.1579
0.17 45.1685
0.175 45.1797
0.18 45.1914
0.185 45.2037
0.19 45.2165
0.195 45.2301
0.2 45.2443
0.205 45.2592
0.21 45.2749
0.215 45.2914
0.22 45.3087
0.225 45.3270
0.23 45.3461
0.235 45.3663
0.24 45.3876
0.245 45.4100
0.25 45.4336
0.255 45.4585
0.26 45.4848
0.265 45.5126
0.27 45.5420
0.275 45.5730
0.28 45.6059
0.285 45.6407
0.29 45.6776
0.295 45.7167
0.3 45.7583
0.305 45.8024
0.31 45.8493
0.315 45.8993
0.32 45.9524
0.325 46.0091
0.33 46.0696
0.335 46.1342
0.34 46.2032
0.345 46.2769
0.35 46.3558
0.355 46.4402
0.36 46.5305
0.365 46.6272
0.37 46.7307
0.375 46.8415
0.38 46.9598
0.385 47.0861
0.39 47.2206
0.395 47.3631
0.4 47.5136
0.405 47.6712
0.41 47.8344
0.415 48.0010
0.42 48.1669
0.425 48.3261
0.43 48.4696
0.435 48.5840
0.44 48.6503
0.445 48.6421
0.45 48.5247
0.455 48.2552
0.46 47.7883
0.465 47.0886
0.47 46.1559
0.475 45.0568
0.48 43.9455
0.485 43.0380
0.49 42.5263
0.495 42.4813
0.5 42.8313
0.505 43.4386
0.51 44.1929
0.515 45.0425
0.52 45.9638
0.525 46.9219
0.53 47.8599
0.535 48.7150
0.54 49.4392
0.545 50.0093
0.55 50.4242
0.555 50.6975
0.56 50.8497
0.565 50.9028
0.57 50.8782
0.575 50.7962
0.58 50.6760
0.585 50.5366
0.59 50.3963
0.595 50.2719
0.6 50.1765
0.605 50.1179
0.61 50.0969
0.615 50.1071
0.62 50.1364
0.625 50.1697
0.63 50.1922
0.635 50.1934
0.64 50.1691
0.645 50.1237
0.65 50.0693
0.655 50.0246
0.66 50.0108
0.665 50.0471
0.67 50.1458
0.675 50.3092
0.68 50.5297
0.685 50.7917
0.69 51.0765
0.695 51.3656
0.7 51.6441
0.705 51.9017
0.71 52.1330
0.715 52.3362
0.72 52.5121
0.725 52.6628
0.73 52.7909
0.735 52.8989
0.74 52.9886
0.745 53.0607
0.75 53.1150
0.755 53.1498
0.76 53.1624
0.765 53.1486
0.77 53.1033
0.775 53.0200
0.78 52.8920
0.785 52.7125
0.79 52.4757
0.795 52.1788
0.8 51.8235
0.805 51.4184
0.81 50.9814
0.815 50.5399
0.82 50.1298
0.825 49.7907
0.83 49.5581
0.835 49.4552
0.84 49.4872
0.845 49.6404
0.85 49.8871
0.855 50.1941
0.86 50.5303
0.865 50.8717
0.87 51.2026
0.875 51.5147
0.88 51.8038
0.885 52.0683
0.89 52.3071
0.895 52.5192
0.9 52.7035
0.905 52.8596
0.91 52.9876
0.915 53.0885
0.92 53.1642
0.925 53.2170
0.93 53.2500
0.935 53.2662
0.94 53.2688
0.945 53.2607
0.95 53.2448
0.955 53.2233
0.96 53.1986
0.965 53.1723
0.97 53.1461
0.975 53.1212
0.98 53.0986
0.985 53.0793
0.99 53.0638
0.995 53.0527
1.0 53.0464
1.01 53.0453
1.01 53.0494
1.02 53.0591
1.02 53.0744
1.03 53.0953
1.03 53.1219
1.03 53.1541
1.04 53.1918
1.04 53.2351
1.05 53.2837
1.05 53.3374
1.06 53.3963
1.06 53.4599
1.07 53.5281
1.07 53.6006
1.08 53.6772
1.08 53.7575
1.09 53.8412
1.09 53.9278
1.1 54.0170
1.1 54.1083
1.11 54.2010
1.11 54.2945
1.12 54.3880
1.12 54.4801
1.13 54.5695
1.13 54.6538
1.14 54.7302
1.14 54.7946
1.15 54.8413
1.15 54.8626
1.16 54.8484
1.16 54.7860
1.17 54.6599
1.17 54.4538
1.18 54.1528
1.18 53.7501
1.19 53.2550
1.19 52.7034
1.2 52.1632
1.2 51.7282
1.21 51.4935
1.21 51.5199
1.22 51.8062
1.22 52.2903
1.23 52.8760
1.23 53.4693
1.24 54.0025
1.24 54.4401
1.25 54.7735
1.25 55.0103
1.26 55.1660
1.26 55.2582
1.27 55.3028
1.27 55.3135
1.28 55.3010
1.28 55.2731
1.29 55.2358
1.29 55.1931
1.3 55.1478
1.3 55.1019
1.31 55.0570
1.31 55.0145
1.32 54.9757
1.32 54.9421
1.33 54.9154
1.33 54.8970
1.34 54.8883
1.34 54.8905
1.35 54.9040
1.35 54.9286
1.36 54.9636
1.36 55.0075
1.37 55.0582
1.37 55.1131
1.38 55.1696
1.38 55.2249
1.39 55.2764
1.39 55.3214
1.4 55.3577
1.4 55.3836
1.41 55.3972
1.41 55.3974
1.42 55.3833
1.42 55.3543
1.43 55.3105
1.43 55.2523
1.44 55.1811
1.44 55.0991
1.45 55.0091
1.45 54.9151
1.46 54.8220
1.46 54.7348
1.47 54.6589
1.47 54.5988
1.48 54.5581
1.48 54.5381
1.49 54.5380
1.49 54.5544
1.5 54.5813
1.5 54.6109
1.51 54.6340
1.51 54.6413
1.52 54.6239
1.52 54.5755
1.53 54.4929
1.53 54.3779
1.54 54.2382
1.54 54.0873
1.55 53.9439
1.55 53.8282
1.56 53.7584
1.56 53.7460
1.57 53.7923
1.57 53.8889
1.58 54.0191
1.58 54.1628
1.59 54.3012
1.59 54.4195
1.6 54.5092
1.6 54.5681
1.61 54.5991
1.61 54.6089
1.62 54.6061
1.62 54.5995
1.63 54.5971
1.63 54.6046
1.64 54.6253
1.64 54.6599
1.65 54.7068
1.65 54.7630
1.66 54.8246
1.66 54.8877
1.67 54.9487
1.67 55.0050
1.68 55.0546
1.68 55.0965
1.69 55.1305
1.69 55.1568
1.7 55.1761
1.7 55.1890
1.71 55.1966
1.71 55.1996
1.72 55.1988
1.72 55.1947
1.73 55.1877
1.73 55.1779
1.74 55.1650
1.74 55.1486
1.75 55.1280
1.75 55.1021
1.76 55.0695
1.76 55.0283
1.77 54.9768
1.77 54.9125
1.78 54.8331
1.78 54.7364
1.79 54.6206
1.79 54.4846
1.8 54.3288
1.8 54.1558
1.81 53.9708
1.81 53.7821
1.82 53.6014
1.82 53.4423
1.83 53.3193
1.83 53.2454
1.84 53.2291
1.84 53.2733
1.85 53.3738
1.85 53.5209
1.86 53.7008
1.86 53.8983
1.87 54.0990
1.87 54.2905
1.88 54.4634
1.88 54.6108
1.89 54.7281
1.89 54.8120
1.9 54.8605
1.9 54.8719
1.91 54.8447
1.91 54.7781
1.92 54.6720
1.92 54.5276
1.93 54.3483
1.93 54.1400
1.94 53.9115
1.94 53.6743
1.95 53.4407
1.95 53.2224
1.96 53.0280
1.96 52.8619
1.97 52.7239
1.97 52.6113
1.98 52.5213
1.98 52.4538
1.99 52.4125
1.99 52.4039
2.0 52.4349
2.0 52.5089
2.01 52.6237
2.01 52.7700
2.02 52.9339
2.02 53.0990
2.03 53.2499
2.03 53.3746
2.04 53.4656
2.04 53.5202
2.05 53.5397
2.05 53.5287
2.06 53.4935
2.06 53.4422
2.07 53.3827
2.07 53.3230
2.08 53.2702
2.08 53.2300
2.09 53.2066
2.09 53.2023
2.1 53.2179
2.1 53.2524
2.11 53.3035
2.11 53.3681
2.12 53.4425
2.12 53.5231
2.13 53.6063
2.13 53.6892
2.14 53.7691
2.14 53.8444
2.15 53.9137
2.15 53.9763
2.16 54.0321
2.16 54.0810
2.17 54.1234
2.17 54.1597
2.18 54.1903
2.18 54.2156
2.19 54.2361
2.19 54.2520
2.2 54.2635
2.2 54.2705
2.21 54.2730
2.21 54.2706
2.22 54.2631
2.22 54.2501
2.23 54.2313
2.23 54.2064
2.24 54.1755
2.24 54.1388
2.25 54.0966
2.25 54.0498
2.26 53.9996
2.26 53.9473
2.27 53.8941
2.27 53.8413
2.28 53.7899
2.28 53.7401
2.29 53.6918
2.29 53.6445
2.3 53.5973
2.3 53.5496
2.31 53.5009
2.31 53.4510
2.32 53.3999
2.32 53.3466
2.33 53.2883
2.33 53.2195
2.34 53.1318
2.34 53.0143
2.35 52.8561
2.35 52.6502
2.36 52.3985
2.36 52.1159
2.37 51.8328
2.37 51.5916
2.38 51.4374
2.38 51.4048
2.39 51.5064
2.39 51.7292
2.4 52.0408
2.4 52.4008
2.41 52.7719
2.41 53.1270
2.42 53.4498
2.42 53.7333
2.43 53.9760
2.43 54.1795
2.44 54.3465
2.44 54.4798
2.45 54.5823
2.45 54.6561
2.46 54.7037
2.46 54.7268
2.47 54.7273
2.47 54.7064
2.48 54.6653
2.48 54.6049
2.49 54.5256
2.49 54.4278
2.5 54.3121
2.5 54.1792
2.51 54.0308
2.51 53.8693
2.52 53.6987
2.52 53.5246
2.53 53.3540
2.53 53.1953
2.54 53.0571
2.54 52.9473
2.55 52.8717
2.55 52.8333
2.56 52.8311
2.56 52.8608
2.57 52.9153
2.57 52.9858
2.58 53.0634
2.58 53.1397
2.59 53.2080
2.59 53.2633
2.6 53.3027
2.6 53.3248
2.61 53.3298
2.61 53.3189
2.62 53.2944
2.62 53.2591
2.63 53.2161
2.63 53.1690
2.64 53.1212
2.64 53.0763
2.65 53.0374
2.65 53.0072
2.66 52.9875
2.66 52.9797
2.67 52.9841
2.67 53.0004
2.68 53.0276
2.68 53.0643
2.69 53.1086
2.69 53.1587
2.7 53.2129
2.7 53.2696
2.71 53.3275
2.71 53.3857
2.72 53.4434
2.72 53.5004
2.73 53.5565
2.73 53.6116
2.74 53.6661
2.74 53.7201
2.75 53.7740
2.75 53.8279
2.76 53.8821
2.76 53.9367
2.77 53.9919
2.77 54.0477
2.78 54.1039
2.78 54.1604
2.79 54.2169
2.79 54.2731
2.8 54.3286
2.8 54.3831
2.81 54.4363
2.81 54.4881
2.82 54.5384
2.82 54.5877
2.83 54.6366
2.83 54.6864
2.84 54.7385
2.84 54.7948
2.85 54.8575
2.85 54.9284
2.86 55.0089
2.86 55.0991
2.87 55.1978
2.87 55.3011
2.88 55.4029
2.88 55.4939
2.89 55.5621
2.89 55.5930
2.9 55.5701
2.9 55.4771
2.91 55.3003
2.91 55.0323
2.92 54.6776
2.92 54.2583
2.93 53.8168
2.93 53.4143
2.94 53.1199
2.94 52.9935
2.95 53.0675
2.95 53.3385
2.96 53.7712
2.96 54.3122
2.97 54.9058
2.97 55.5049
2.98 56.0754
2.98 56.5960
2.99 57.0558
2.99 57.4512
3.0 57.7838
3.0 58.0580
3.01 58.2795
3.01 58.4545
3.02 58.5888
3.02 58.6876
3.03 58.7551
3.03 58.7945
3.04 58.8081
3.04 58.7974
3.05 58.7634
3.05 58.7065
3.06 58.6271
3.06 58.5256
3.07 58.4032
3.07 58.2613
3.08 58.1027
3.08 57.9309
3.09 57.7502
3.09 57.5649
3.1 57.3789
3.1 57.1942
3.11 57.0099
3.11 56.8215
3.12 56.6211
3.12 56.3976
3.13 56.1392
3.13 55.8360
3.14 55.4842
3.14 55.0904
3.15 54.6761
3.15 54.2794
3.16 53.9517
3.16 53.7474
3.17 53.7080
3.17 53.8470
3.18 54.1431
3.18 54.5457
3.19 54.9898
3.19 55.4122
3.2 55.7628
3.2 56.0101
3.21 56.1425
3.21 56.1676
3.22 56.1110
3.22 56.0135
3.23 55.9256
3.23 55.8975
3.24 55.9665
3.24 56.1470
3.25 56.4274
3.25 56.7759
3.26 57.1515
3.26 57.5162
3.27 57.8414
3.27 58.1107
3.28 58.3181
3.28 58.4653
3.29 58.5585
3.29 58.6056
3.3 58.6152
3.3 58.5952
3.31 58.5528
3.31 58.4940
3.32 58.4238
3.32 58.3465
3.33 58.2651
3.33 58.1820
3.34 58.0989
3.34 58.0163
3.35 57.9343
3.35 57.8520
3.36 57.7682
3.36 57.6811
3.37 57.5890
3.37 57.4904
3.38 57.3841
3.38 57.2695
3.39 57.1469
3.39 57.0172
3.4 56.8818
3.4 56.7427
3.41 56.6020
3.41 56.4615
3.42 56.3228
3.42 56.1871
3.43 56.0548
3.43 55.9263
3.44 55.8018
3.44 55.6818
3.45 55.5679
3.45 55.4626
3.46 55.3702
3.46 55.2956
3.47 55.2441
3.47 55.2202
3.48 55.2257
3.48 55.2598
3.49 55.3180
3.49 55.3928
3.5 55.4746
3.5 55.5527
3.51 55.6168
3.51 55.6578
3.52 55.6689
3.52 55.6462
3.53 55.5895
3.53 55.5026
3.54 55.3927
3.54 55.2703
3.55 55.1470
3.55 55.0336
3.56 54.9381
3.56 54.8636
3.57 54.8079
3.57 54.7633
3.58 54.7187
3.58 54.6609
3.59 54.5769
3.59 54.4557
3.6 54.2905
3.6 54.0805
3.61 53.8332
3.61 53.5658
3.62 53.3047
3.62 53.0827
3.63 52.9319
3.63 52.8753
3.64 52.9196
3.64 53.0533
3.65 53.2500
3.65 53.4762
3.66 53.6996
3.66 53.8948
3.67 54.0457
3.67 54.1446
3.68 54.1904
3.68 54.1864
3.69 54.1380
3.69 54.0516
3.7 53.9335
3.7 53.7899
3.71 53.6266
3.71 53.4494
3.72 53.2639
3.72 53.0761
3.73 52.8918
3.73 52.7174
3.74 52.5587
3.74 52.4211
3.75 52.3087
3.75 52.2243
3.76 52.1687
3.76 52.1407
3.77 52.1378
3.77 52.1559
3.78 52.1904
3.78 52.2366
3.79 52.2901
3.79 52.3471
3.8 52.4047
3.8 52.4609
3.81 52.5144
3.81 52.5644
3.82 52.6110
3.82 52.6541
3.83 52.6941
3.83 52.7314
3.84 52.7662
3.84 52.7986
3.85 52.8286
3.85 52.8558
3.86 52.8793
3.86 52.8979
3.87 52.9102
3.87 52.9137
3.88 52.9058
3.88 52.8833
3.89 52.8422
3.89 52.7786
3.9 52.6883
3.9 52.5680
3.91 52.4161
3.91 52.2334
3.92 52.0252
3.92 51.8017
3.93 51.5790
3.93 51.3775
3.94 51.2195
3.94 51.1245
3.95 51.1052
3.95 51.1637
3.96 51.2910
3.96 51.4703
3.97 51.6802
3.97 51.9002
3.98 52.1132
3.98 52.3076
3.99 52.4768
3.99 52.6186
4.0 52.7334
4.0 52.8234
4.01 52.8915
4.01 52.9408
4.02 52.9738
4.02 52.9926
4.03 52.9986
4.03 52.9929
4.04 52.9760
4.04 52.9481
4.05 52.9095
4.05 52.8603
4.06 52.8010
4.06 52.7327
4.07 52.6569
4.07 52.5759
4.08 52.4930
4.08 52.4123
4.09 52.3381
4.09 52.2753
4.1 52.2283
4.1 52.2005
4.11 52.1940
4.11 52.2096
4.12 52.2458
4.12 52.3001
4.13 52.3687
4.13 52.4472
4.14 52.5312
4.14 52.6169
4.15 52.7009
4.15 52.7809
4.16 52.8554
4.16 52.9238
4.17 52.9859
4.17 53.0423
4.18 53.0937
4.18 53.1413
4.19 53.1861
4.19 53.2293
4.2 53.2721
4.2 53.3153
4.21 53.3597
4.21 53.4059
4.22 53.4540
4.22 53.5038
4.23 53.5547
4.23 53.6057
4.24 53.6549
4.24 53.7002
4.25 53.7386
4.25 53.7667
4.26 53.7809
4.26 53.7770
4.27 53.7518
4.27 53.7028
4.28 53.6297
4.28 53.5353
4.29 53.4268
4.29 53.3158
4.3 53.2182
4.3 53.1523
4.31 53.1354
4.31 53.1800
4.32 53.2901
4.32 53.4600
4.33 53.6751
4.33 53.9150
4.34 54.1573
4.34 54.3814
4.35 54.5709
4.35 54.7145
4.36 54.8060
4.36 54.8438
4.37 54.8302
4.37 54.7716
4.38 54.6772
4.38 54.5594
4.39 54.4331
4.39 54.3144
4.4 54.2187
4.4 54.1596
4.41 54.1458
4.41 54.1807
4.42 54.2620
4.42 54.3825
4.43 54.5317
4.43 54.6978
4.44 54.8692
4.44 55.0358
4.45 55.1894
4.45 55.3244
4.46 55.4370
4.46 55.5258
4.47 55.5911
4.47 55.6346
4.48 55.6592
4.48 55.6683
4.49 55.6661
4.49 55.6565
4.5 55.6431
4.5 55.6289
4.51 55.6159
4.51 55.6052
4.52 55.5968
4.52 55.5896
4.53 55.5812
4.53 55.5681
4.54 55.5460
4.54 55.5092
4.55 55.4510
4.55 55.3640
4.56 55.2400
4.56 55.0708
4.57 54.8498
4.57 54.5738
4.58 54.2464
4.58 53.8813
4.59 53.5046
4.59 53.1550
4.6 52.8788
4.6 52.7190
4.61 52.7030
4.61 52.8336
4.62 53.0879
4.62 53.4252
4.63 53.7999
4.63 54.1719
4.64 54.5134
4.64 54.8093
4.65 55.0549
4.65 55.2527
4.66 55.4092
4.66 55.5323
4.67 55.6298
4.67 55.7092
4.68 55.7766
4.68 55.8371
4.69 55.8948
4.69 55.9531
4.7 56.0143
4.7 56.0806
4.71 56.1533
4.71 56.2335
4.72 56.3222
4.72 56.4199
4.73 56.5270
4.73 56.6437
4.74 56.7700
4.74 56.9059
4.75 57.0510
4.75 57.2049
4.76 57.3670
4.76 57.5362
4.77 57.7113
4.77 57.8906
4.78 58.0718
4.78 58.2523
4.79 58.4285
4.79 58.5959
4.8 58.7492
4.8 58.8817
4.81 58.9850
4.81 59.0495
4.82 59.0636
4.82 59.0139
4.83 58.8854
4.83 58.6621
4.84 58.3283
4.84 57.8702
4.85 57.2793
4.85 56.5570
4.86 55.7194
4.86 54.8034
4.87 53.8703
4.87 53.0037
4.88 52.2996
4.88 51.8472
4.89 51.7064
4.89 51.8897
4.9 52.3609
4.9 53.0480
4.91 53.8649
4.91 54.7310
4.92 55.5830
4.92 56.3770
4.93 57.0877
4.93 57.7036
4.94 58.2231
4.94 58.6507
4.95 58.9948
4.95 59.2653
4.96 59.4725
4.96 59.6261
4.97 59.7352
4.97 59.8076
4.98 59.8500
4.98 59.8681
4.99 59.8664
4.99 59.8488
5.0 59.8179
5.0 59.7761
5.01 59.7245
5.01 59.6640
5.02 59.5942
5.02 59.5145
5.03 59.4229
5.03 59.3166
5.04 59.1916
5.04 59.0423
5.05 58.8616
5.05 58.6406
5.06 58.3689
5.06 58.0357
5.07 57.6313
5.07 57.1510
5.08 56.5998
5.08 55.9994
5.09 55.3919
5.09 54.8395
5.1 54.4127
5.1 54.1704
5.11 54.1378
5.11 54.2965
5.12 54.5922
5.12 54.9550
5.13 55.3218
5.13 55.6486
5.14 55.9132
5.14 56.1109
5.15 56.2481
5.15 56.3358
5.16 56.3864
5.16 56.4107
5.17 56.4171
5.17 56.4116
5.18 56.3979
5.18 56.3779
5.19 56.3525
5.19 56.3216
5.2 56.2852
5.2 56.2429
5.21 56.1948
5.21 56.1408
5.22 56.0814
5.22 56.0170
5.23 55.9483
5.23 55.8760
5.24 55.8010
5.24 55.7241
5.25 55.6462
5.25 55.5680
5.26 55.4903
5.26 55.4137
5.27 55.3389
5.27 55.2664
5.28 55.1967
5.28 55.1301
5.29 55.0671
5.29 55.0078
5.3 54.9526
5.3 54.9016
5.31 54.8549
5.31 54.8127
5.32 54.7749
5.32 54.7418
5.33 54.7133
5.33 54.6894
5.34 54.6702
5.34 54.6558
5.35 54.6461
5.35 54.6413
5.36 54.6413
5.36 54.6463
5.37 54.6564
5.37 54.6717
5.38 54.6922
5.38 54.7182
5.39 54.7498
5.39 54.7871
5.4 54.8303
5.4 54.8795
5.41 54.9348
5.41 54.9963
5.42 55.0639
5.42 55.1375
5.43 55.2169
5.43 55.3015
5.44 55.3905
5.44 55.4828
5.45 55.5766
5.45 55.6695
5.46 55.7581
5.46 55.8380
5.47 55.9031
5.47 55.9460
5.48 55.9572
5.48 55.9261
5.49 55.8412
5.49 55.6923
5.5 55.4734
5.5 55.1879
5.51 54.8535
5.51 54.5064
5.52 54.1997
5.52 53.9944
5.53 53.9409
5.53 54.0614
5.54 54.3402
5.54 54.7298
5.55 55.1679
5.55 55.5970
5.56 55.9759
5.56 56.2838
5.57 56.5169
5.57 56.6836
5.58 56.7985
5.58 56.8786
5.59 56.9397
5.59 56.9948
5.6 57.0526
5.6 57.1171
5.61 57.1876
5.61 57.2598
5.62 57.3268
5.62 57.3802
5.63 57.4112
5.63 57.4122
5.64 57.3770
5.64 57.3020
5.65 57.1871
5.65 57.0367
5.66 56.8603
5.66 56.6728
5.67 56.4939
5.67 56.3460
5.68 56.2498
5.68 56.2207
5.69 56.2648
5.69 56.3770
5.7 56.5431
5.7 56.7427
5.71 56.9540
5.71 57.1578
5.72 57.3395
5.72 57.4904
5.73 57.6069
5.73 57.6900
5.74 57.7437
5.74 57.7743
5.75 57.7892
5.75 57.7961
5.76 57.8024
5.76 57.8143
5.77 57.8368
5.77 57.8728
5.78 57.9232
5.78 57.9869
5.79 58.0613
5.79 58.1422
5.8 58.2251
5.8 58.3048
5.81 58.3765
5.81 58.4359
5.82 58.4796
5.82 58.5048
5.83 58.5099
5.83 58.4939
5.84 58.4571
5.84 58.4007
5.85 58.3268
5.85 58.2389
5.86 58.1412
5.86 58.0393
5.87 57.9394
5.87 57.8480
5.88 57.7714
5.88 57.7151
5.89 57.6829
5.89 57.6766
5.9 57.6955
5.9 57.7369
5.91 57.7962
5.91 57.8677
5.92 57.9449
5.92 58.0213
5.93 58.0908
5.93 58.1477
5.94 58.1868
5.94 58.2032
5.95 58.1920
5.95 58.1486
5.96 58.0684
5.96 57.9470
5.97 57.7809
5.97 57.5682
5.98 57.3102
5.98 57.0125
5.99 56.6861
5.99 56.3485
6.0 56.0223
6.0 55.7324
6.01 55.5022
6.01 55.3481
6.02 55.2774
6.02 55.2870
6.03 55.3661
6.03 55.5003
6.04 55.6751
6.04 55.8783
6.05 56.1002
6.05 56.3334
6.06 56.5716
6.06 56.8087
6.07 57.0389
6.07 57.2568
6.08 57.4577
6.08 57.6381
6.09 57.7958
6.09 57.9299
6.1 58.0405
6.1 58.1289
6.11 58.1969
6.11 58.2467
6.12 58.2808
6.12 58.3019
6.13 58.3124
6.13 58.3146
6.14 58.3108
6.14 58.3030
6.15 58.2928
6.15 58.2817
6.16 58.2710
6.16 58.2617
6.17 58.2547
6.17 58.2506
6.18 58.2497
6.18 58.2522
6.19 58.2583
6.19 58.2676
6.2 58.2798
6.2 58.2943
6.21 58.3101
6.21 58.3261
6.22 58.3407
6.22 58.3523
6.23 58.3585
6.23 58.3570
6.24 58.3449
6.24 58.3194
6.25 58.2776
6.25 58.2172
6.26 58.1365
6.26 58.0357
6.27 57.9172
6.27 57.7861
6.28 57.6510
6.28 57.5234
6.29 57.4165
6.29 57.3434
6.3 57.3143
6.3 57.3343
6.31 57.4018
6.31 57.5088
6.32 57.6428
6.32 57.7890
6.33 57.9338
6.33 58.0666
6.34 58.1814
6.34 58.2765
6.35 58.3549
6.35 58.4222
6.36 58.4854
6.36 58.5516
6.37 58.6264
6.37 58.7127
6.38 58.8106
6.38 58.9173
6.39 59.0274
6.39 59.1341
6.4 59.2292
6.4 59.3041
6.41 59.3494
6.41 59.3551
6.42 59.3094
6.42 59.1989
6.43 59.0080
6.43 58.7208
6.44 58.3244
6.44 57.8161
6.45 57.2139
6.45 56.5680
6.46 55.9655
6.46 55.5176
6.47 55.3260
6.47 55.4401
6.48 55.8335
6.48 56.4159
6.49 57.0731
6.49 57.7058
6.5 58.2499
6.5 58.6763
6.51 58.9806
6.51 59.1718
6.52 59.2629
6.52 59.2673
6.53 59.1958
6.53 59.0575
6.54 58.8609
6.54 58.6155
6.55 58.3339
6.55 58.0327
6.56 57.7325
6.56 57.4557
6.57 57.2224
6.57 57.0462
6.58 56.9304
6.58 56.8677
6.59 56.8427
6.59 56.8369
6.6 56.8338
6.6 56.8225
6.61 56.7991
6.61 56.7664
6.62 56.7315
6.62 56.7035
6.63 56.6911
6.63 56.7007
6.64 56.7352
6.64 56.7940
6.65 56.8727
6.65 56.9645
6.66 57.0609
6.66 57.1528
6.67 57.2313
6.67 57.2880
6.68 57.3157
6.68 57.3079
6.69 57.2593
6.69 57.1650
6.7 57.0215
6.7 56.8269
6.71 56.5822
6.71 56.2929
6.72 55.9706
6.72 55.6344
6.73 55.3108
6.73 55.0307
6.74 54.8243
6.74 54.7141
6.75 54.7088
6.75 54.8014
6.76 54.9709
6.76 55.1891
6.77 55.4266
6.77 55.6592
6.78 55.8697
6.78 56.0484
6.79 56.1920
6.79 56.3011
6.8 56.3789
6.8 56.4296
6.81 56.4574
6.81 56.4663
6.82 56.4594
6.82 56.4388
6.83 56.4062
6.83 56.3623
6.84 56.3075
6.84 56.2414
6.85 56.1639
6.85 56.0745
6.86 55.9734
6.86 55.8611
6.87 55.7389
6.87 55.6093
6.88 55.4759
6.88 55.3431
6.89 55.2162
6.89 55.1003
6.9 55.0001
6.9 54.9189
6.91 54.8582
6.91 54.8171
6.92 54.7930
6.92 54.7815
6.93 54.7777
6.93 54.7768
6.94 54.7747
6.94 54.7687
6.95 54.7575
6.95 54.7417
6.96 54.7229
6.96 54.7040
6.97 54.6884
6.97 54.6797
6.98 54.6811
6.98 54.6952
6.99 54.7237
6.99 54.7671
7.0 54.8252
7.0 54.8963
7.01 54.9783
7.01 55.0687
7.02 55.1645
7.02 55.2629
7.03 55.3612
7.03 55.4572
7.04 55.5489
7.04 55.6347
7.05 55.7137
7.05 55.7851
7.06 55.8484
7.06 55.9035
7.07 55.9503
7.07 55.9888
7.08 56.0191
7.08 56.0410
7.09 56.0545
7.09 56.0591
7.1 56.0544
7.1 56.0397
7.11 56.0140
7.11 55.9762
7.12 55.9251
7.12 55.8594
7.13 55.7778
7.13 55.6795
7.14 55.5642
7.14 55.4322
7.15 55.2852
7.15 55.1261
7.16 54.9594
7.16 54.7910
7.17 54.6280
7.17 54.4777
7.18 54.3474
7.18 54.2424
7.19 54.1662
7.19 54.1193
7.2 54.0992
7.2 54.1014
7.21 54.1194
7.21 54.1464
7.22 54.1756
7.22 54.2006
7.23 54.2165
7.23 54.2193
7.24 54.2063
7.24 54.1760
7.25 54.1282
7.25 54.0637
7.26 53.9847
7.26 53.8946
7.27 53.7980
7.27 53.7002
7.28 53.6071
7.28 53.5243
7.29 53.4564
7.29 53.4069
7.3 53.3774
7.3 53.3675
7.31 53.3756
7.31 53.3985
7.32 53.4327
7.32 53.4742
7.33 53.5195
7.33 53.5655
7.34 53.6097
7.34 53.6501
7.35 53.6852
7.35 53.7140
7.36 53.7360
7.36 53.7507
7.37 53.7582
7.37 53.7585
7.38 53.7520
7.38 53.7392
7.39 53.7206
7.39 53.6968
7.4 53.6685
7.4 53.6365
7.41 53.6015
7.41 53.5642
7.42 53.5251
7.42 53.4851
7.43 53.4445
7.43 53.4040
7.44 53.3640
7.44 53.3250
7.45 53.2872
7.45 53.2510
7.46 53.2167
7.46 53.1846
7.47 53.1547
7.47 53.1273
7.48 53.1025
7.48 53.0805
7.49 53.0613
7.49 53.0449
7.5 53.0314
7.5 53.0208
7.51 53.0132
7.51 53.0085
7.52 53.0068
7.52 53.0078
7.53 53.0117
7.53 53.0183
7.54 53.0274
7.54 53.0390
7.55 53.0529
7.55 53.0688
7.56 53.0866
7.56 53.1059
7.57 53.1263
7.57 53.1476
7.58 53.1692
7.58 53.1905
7.59 53.2110
7.59 53.2299
7.6 53.2465
7.6 53.2600
7.61 53.2695
7.61 53.2742
7.62 53.2734
7.62 53.2665
7.63 53.2531
7.63 53.2334
7.64 53.2078
7.64 53.1776
7.65 53.1447
7.65 53.1119
7.66 53.0826
7.66 53.0608
7.67 53.0506
7.67 53.0561
7.68 53.0803
7.68 53.1254
7.69 53.1921
7.69 53.2792
7.7 53.3844
7.7 53.5041
7.71 53.6339
7.71 53.7692
7.72 53.9055
7.72 54.0390
7.73 54.1662
7.73 54.2844
7.74 54.3918
7.74 54.4868
7.75 54.5684
7.75 54.6357
7.76 54.6881
7.76 54.7250
7.77 54.7458
7.77 54.7499
7.78 54.7366
7.78 54.7054
7.79 54.6559
7.79 54.5879
7.8 54.5015
7.8 54.3976
7.81 54.2776
7.81 54.1439
7.82 53.9999
7.82 53.8498
7.83 53.6992
7.83 53.5540
7.84 53.4212
7.84 53.3074
7.85 53.2190
7.85 53.1614
7.86 53.1386
7.86 53.1523
7.87 53.2021
7.87 53.2851
7.88 53.3961
7.88 53.5279
7.89 53.6724
7.89 53.8209
7.9 53.9654
7.9 54.0987
7.91 54.2155
7.91 54.3123
7.92 54.3875
7.92 54.4415
7.93 54.4763
7.93 54.4950
7.94 54.5018
7.94 54.5013
7.95 54.4980
7.95 54.4961
7.96 54.4988
7.96 54.5087
7.97 54.5272
7.97 54.5545
7.98 54.5903
7.98 54.6333
7.99 54.6821
7.99 54.7349
8.0 54.7895
8.0 54.8438
8.01 54.8949
8.01 54.9395
8.02 54.9729
8.02 54.9890
8.03 54.9797
8.03 54.9344
8.04 54.8403
8.04 54.6826
8.05 54.4465
8.05 54.1206
8.06 53.7036
8.06 53.2123
8.07 52.6897
8.07 52.2071
8.08 51.8525
8.08 51.7058
8.09 51.8067
8.09 52.1374
8.1 52.6300
8.1 53.1944
8.11 53.7472
8.11 54.2300
8.12 54.6109
8.12 54.8784
8.13 55.0322
8.13 55.0756
8.14 55.0109
8.14 54.8378
8.15 54.5540
8.15 54.1589
8.16 53.6606
8.16 53.0837
8.17 52.4776
8.17 51.9172
8.18 51.4911
8.18 51.2758
8.19 51.3065
8.19 51.5622
8.2 51.9754
8.2 52.4597
8.21 52.9382
8.21 53.3590
8.22 53.6971
8.22 53.9481
8.23 54.1201
8.23 54.2263
8.24 54.2813
8.24 54.2983
8.25 54.2883
8.25 54.2602
8.26 54.2206
8.26 54.1745
8.27 54.1257
8.27 54.0767
8.28 54.0293
8.28 53.9847
8.29 53.9438
8.29 53.9070
8.3 53.8745
8.3 53.8463
8.31 53.8225
8.31 53.8028
8.32 53.7869
8.32 53.7744
8.33 53.7650
8.33 53.7583
8.34 53.7535
8.34 53.7504
8.35 53.7481
8.35 53.7461
8.36 53.7438
8.36 53.7405
8.37 53.7356
8.37 53.7282
8.38 53.7175
8.38 53.7022
8.39 53.6805
8.39 53.6494
8.4 53.6040
8.4 53.5363
8.41 53.4340
8.41 53.2784
8.42 53.0433
8.42 52.6946
8.43 52.1941
8.43 51.5110
8.44 50.6438
8.44 49.6543
8.45 48.6942
8.45 47.9910
8.46 47.7637
8.46 48.1022
8.47 48.9087
8.47 49.9579
8.48 51.0175
8.48 51.9325
8.49 52.6391
8.49 53.1375
8.5 53.4587
8.5 53.6422
8.51 53.7244
8.51 53.7350
8.52 53.6966
8.52 53.6259
8.53 53.5356
8.53 53.4348
8.54 53.3307
8.54 53.2290
8.55 53.1341
8.55 53.0493
8.56 52.9773
8.56 52.9198
8.57 52.8775
8.57 52.8502
8.58 52.8371
8.58 52.8366
8.59 52.8467
8.59 52.8650
8.6 52.8893
8.6 52.9173
8.61 52.9472
8.61 52.9773
8.62 53.0064
8.62 53.0336
8.63 53.0585
8.63 53.0806
8.64 53.1001
8.64 53.1170
8.65 53.1315
8.65 53.1438
8.66 53.1544
8.66 53.1634
8.67 53.1710
8.67 53.1774
8.68 53.1826
8.68 53.1866
8.69 53.1894
8.69 53.1905
8.7 53.1898
8.7 53.1867
8.71 53.1806
8.71 53.1709
8.72 53.1566
8.72 53.1370
8.73 53.1112
8.73 53.0781
8.74 53.0371
8.74 52.9875
8.75 52.9290
8.75 52.8618
8.76 52.7866
8.76 52.7050
8.77 52.6193
8.77 52.5329
8.78 52.4499
8.78 52.3747
8.79 52.3124
8.79 52.2674
8.8 52.2434
8.8 52.2428
8.81 52.2664
8.81 52.3135
8.82 52.3818
8.82 52.4680
8.83 52.5680
8.83 52.6778
8.84 52.7933
8.84 52.9113
8.85 53.0289
8.85 53.1440
8.86 53.2553
8.86 53.3619
8.87 53.4633
8.87 53.5595
8.88 53.6505
8.88 53.7368
8.89 53.8186
8.89 53.8965
8.9 53.9709
8.9 54.0424
8.91 54.1113
8.91 54.1782
8.92 54.2434
8.92 54.3074
8.93 54.3704
8.93 54.4327
8.94 54.4946
8.94 54.5562
8.95 54.6178
8.96 54.6793
8.96 54.7408
8.97 54.8023
8.97 54.8639
8.98 54.9254
8.98 54.9867
8.99 55.0476
8.99 55.1082
9.0 55.1680
9.0 55.2270
9.01 55.2851
9.01 55.3419
9.02 55.3974
9.02 55.4516
9.03 55.5044
9.03 55.5561
9.04 55.6071
9.04 55.6578
9.05 55.7091
9.05 55.7622
9.06 55.8182
9.06 55.8788
9.07 55.9456
9.07 56.0202
9.08 56.1041
9.08 56.1982
9.09 56.3029
9.09 56.4176
9.1 56.5404
9.1 56.6685
9.11 56.7972
9.11 56.9207
9.12 57.0318
9.12 57.1217
9.13 57.1802
9.13 57.1951
9.14 57.1523
9.14 57.0349
9.15 56.8245
9.15 56.5030
9.16 56.0588
9.16 55.4966
9.17 54.8505
9.17 54.1920
9.18 53.6242
9.18 53.2510
9.19 53.1353
9.19 53.2716
9.2 53.5967
9.2 54.0297
9.21 54.5101
9.21 55.0098
9.22 55.5221
9.22 56.0425
9.23 56.5584
9.23 57.0487
9.24 57.4902
9.24 57.8643
9.25 58.1590
9.25 58.3689
9.26 58.4921
9.26 58.5279
9.27 58.4738
9.27 58.3248
9.28 58.0731
9.28 57.7098
9.29 57.2293
9.29 56.6367
9.3 55.9580
9.3 55.2498
9.31 54.6005
9.31 54.1138
9.32 53.8751
9.32 53.9144
9.33 54.1915
9.33 54.6137
9.34 55.0736
9.34 55.4835
9.35 55.7913
9.35 55.9793
9.36 56.0556
9.36 56.0439
9.37 55.9753
9.37 55.8826
9.38 55.7958
9.38 55.7382
9.39 55.7238
9.39 55.7572
9.4 55.8336
9.4 55.9423
9.41 56.0695
9.41 56.2017
9.42 56.3277
9.42 56.4394
9.43 56.5324
9.43 56.6051
9.44 56.6579
9.44 56.6927
9.45 56.7120
9.45 56.7186
9.46 56.7154
9.46 56.7047
9.47 56.6890
9.47 56.6701
9.48 56.6495
9.48 56.6285
9.49 56.6082
9.49 56.5894
9.5 56.5728
9.5 56.5587
9.51 56.5475
9.51 56.5394
9.52 56.5346
9.52 56.5331
9.53 56.5347
9.53 56.5394
9.54 56.5468
9.54 56.5566
9.55 56.5685
9.55 56.5820
9.56 56.5966
9.56 56.6118
9.57 56.6272
9.57 56.6423
9.58 56.6568
9.58 56.6704
9.59 56.6829
9.59 56.6941
9.6 56.7040
9.6 56.7125
9.61 56.7191
9.61 56.7234
9.62 56.7240
9.62 56.7187
9.63 56.7043
9.63 56.6760
9.64 56.6275
9.64 56.5508
9.65 56.4365
9.65 56.2750
9.66 56.0574
9.66 55.7780
9.67 55.4372
9.67 55.0440
9.68 54.6178
9.68 54.1873
9.69 53.7865
9.69 53.4472
9.7 53.1925
9.7 53.0341
9.71 52.9742
9.71 53.0113
9.72 53.1435
9.72 53.3678
9.73 53.6755
9.73 54.0484
9.74 54.4589
9.74 54.8751
9.75 55.2667
9.75 55.6107
9.76 55.8932
9.76 56.1092
9.77 56.2603
9.77 56.3524
9.78 56.3934
9.78 56.3916
9.79 56.3550
9.79 56.2905
9.8 56.2041
9.8 56.1009
9.81 55.9849
9.81 55.8595
9.82 55.7277
9.82 55.5919
9.83 55.4542
9.83 55.3166
9.84 55.1807
9.84 55.0480
9.85 54.9198
9.85 54.7974
9.86 54.6821
9.86 54.5749
9.87 54.4773
9.87 54.3905
9.88 54.3158
9.88 54.2542
9.89 54.2064
9.89 54.1725
9.9 54.1518
9.9 54.1429
9.91 54.1434
9.91 54.1503
9.92 54.1604
9.92 54.1701
9.93 54.1760
9.93 54.1753
9.94 54.1654
9.94 54.1445
9.95 54.1113
9.95 54.0651
9.96 54.0054
9.96 53.9321
9.97 53.8450
9.97 53.7439
9.98 53.6285
9.98 53.4984
9.99 53.3530
9.99 53.1921
10.0 53.0160
