0.0 -0.6208563562498188
0.005 -0.5407482740595744
0.01 -0.5432634893007051
0.015 -0.5458966791196909
0.02 -0.5486500709835276
0.025 -0.5515260561925257
0.03 -0.5545271987441548
0.035 -0.5576562448315211
0.04 -0.5609161330220297
0.045 -0.5643100051656013
0.05 -0.5678412180859532
0.055 -0.5715133561130016
0.06 -0.5753302445193975
0.065 -0.5792959639296337
0.07 -0.5834148657760605
0.075 -0.5876915888826543
0.08 -0.5921310772644425
0.085 -0.5967385992382491
0.09 -0.6015197679489034
0.095 -0.6064805634243599
0.1 -0.6116273562833076
0.105 -0.6169669332300394
0.11 -0.6225065244835339
0.115 -0.6282538333010661
0.12 -0.6342170677713758
0.125 -0.6404049750684692
0.13 -0.6468268783747753
0.135 -0.6534927167017223
0.14 -0.6604130878570273
0.145 -0.6675992948312357
0.15 -0.6750633959015784
0.155 -0.6828182587792384
0.16 -0.6908776191567411
0.165 -0.699256144045883
0.17 -0.7079695003334425
0.175 -0.7170344290222683
0.18 -0.7264688256695291
0.185 -0.7362918275821585
0.19 -0.7465239083822413
0.195 -0.757186980612582
0.2 -0.7683045071151727
0.205 -0.7799016219832134
0.21 -0.7920052619607654
0.215 -0.8046443092434106
0.22 -0.8178497467182969
0.225 -0.8316548267728107
0.23 -0.8460952548972549
0.235 -0.8612093894078642
0.24 -0.877038458721006
0.245 -0.8936267977158877
0.25 -0.9110221048287264
0.255 -0.9292757216226297
0.26 -0.9484429366687217
0.265 -0.9685833156481372
0.27 -0.9897610596306179
0.275 -1.0120453934895082
0.28 -1.035510986354976
0.285 -1.0602384058604224
0.29 -1.0863146076643126
0.295 -1.1138334612810386
0.3 -1.1428963125611138
0.305 -1.1736125821300278
0.31 -1.2061003975988092
0.315 -1.240487255223631
0.32 -1.2769107036782834
0.325 -1.3155190383845148
0.33 -1.3564719889706036
0.335 -1.399941374276274
0.34 -1.446111688031573
0.345 -1.495180562713181
0.35 -1.5473590374592525
0.355 -1.6028715259764317
0.36 -1.6619553388389972
0.365 -1.7248595568763223
0.37 -1.791842972011634
0.375 -1.863170699835783
0.38 -1.939108911494408
0.385 -2.019916912949657
0.39 -2.1058354917334716
0.395 -2.1970700190557335
0.4 -2.2937661887962197
0.405 -2.3959754266247297
0.41 -2.503605822357357
0.415 -2.616352813559355
0.42 -2.733601649685106
0.425 -2.8542907798030925
0.43 -2.976721716863206
0.435 -3.098296915977257
0.44 -3.2151637707522096
0.445 -3.321742616955379
0.45 -3.4101256555451003
0.455 -3.4693645050071806
0.46 -3.4847405631299795
0.465 -3.4372749141804437
0.47 -3.3040379412117318
0.475 -3.060298624380782
0.48 -2.6851062932099485
0.485 -2.172006034613486
0.49 -1.544975300191271
0.495 -0.874602335558561
0.5 -0.28146475041670915
0.505 0.08972049812179174
0.51 0.12679102896199426
0.515 -0.19246149524642828
0.52 -0.7866536310469782
0.525 -1.5130449007468258
0.53 -2.2310019565125536
0.535 -2.8448474743124357
0.54 -3.3133733212625027
0.545 -3.6381231586830216
0.55 -3.8461195980794107
0.555 -3.9753192034868428
0.56 -4.064459219537904
0.565 -4.146357318060883
0.57 -4.243746494908396
0.575 -4.367413512256211
0.58 -4.516669931866669
0.585 -4.681840566068233
0.59 -4.84791743968584
0.595 -4.998284562241199
0.6 -5.1176514674291465
0.605 -5.193846218475247
0.61 -5.218595985499348
0.615 -5.187671527012222
0.62 -5.100779288592717
0.625 -4.961445522421224
0.63 -4.776957106572114
0.635 -4.5582786324487286
0.64 -4.319795550856821
0.645 -4.078742392138599
0.65 -3.8542410436415793
0.655 -3.6659406040221416
0.66 -3.5322833958102056
0.665 -3.468453282295707
0.67 -3.484184267550056
0.675 -3.581854993134334
0.68 -3.755521787450776
0.685 -3.991479063544736
0.69 -4.270459211128428
0.695 -4.570918948337466
0.7 -4.872432792278196
0.705 -5.158281077615691
0.71 -5.416770086212648
0.715 -5.518311998709173
0.72 -5.718161216518536
0.725 -5.882436340764225
0.73 -6.014400214577182
0.735 -6.118425942607032
0.74 -6.199258437620022
0.745 -6.2615213690865446
0.75 -6.309424861285985
0.755 -6.346619721911839
0.76 -6.376148986554645
0.765 -6.400458199396985
0.77 -6.421437643975541
0.775 -6.440478703149745
0.78 -6.4585335917629205
0.785 -6.476173286378689
0.79 -6.493641191151322
0.795 -6.5109026603087194
0.8 -6.52769189387307
0.805 -6.54355871197081
0.81 -6.557918371404343
0.815 -6.570107880631692
0.82 -6.579452345690483
0.825 -6.585344009092858
0.83 -6.587335309643359
0.835 -6.585244629318319
0.84 -6.579269040939583
0.845 -6.570093365504807
0.85 -6.558978239551684
0.855 -6.547804771707071
0.86 -6.539050996608408
0.865 -6.535678241514948
0.87 -6.540917201544195
0.875 -6.55796294392292
0.88 -6.58961238919523
0.885 -6.637900212795733
0.89 -6.703800202310639
0.895 -6.787052296956374
0.9 -6.886150029862026
0.905 -6.998485959274007
0.91 -7.1206159191916205
0.915 -7.248579642488434
0.92 -7.3782101766424075
0.925 -7.505377796490194
0.93 -7.626137919548082
0.935 -7.736778297012669
0.94 -7.8337820343154005
0.945 -7.913737862306137
0.95 -7.973238071223386
0.955 -8.008810756693522
0.96 -8.016939278070582
0.965 -7.994228612884566
0.97 -7.937782598513795
0.975 -7.845848348197068
0.98 -7.718748166864501
0.985 -7.560033841443297
0.99 -7.377650351019426
0.995 -7.184700449487919
1.0 -6.999246304162652
1.005 -6.842621665037591
1.01 -6.736118344010019
1.015 -6.696645111298814
1.02 -6.732705313316715
1.025 -6.842261883376207
1.03 -7.013404510777784
1.035 -7.227524485446821
1.04 -7.463670297186015
1.045 -7.702522893742569
1.05 -7.9289621504701735
1.055 -8.132999484000415
1.06 -8.30944450893152
1.065 -8.456883713847867
1.07 -8.57647306021551
1.075 -8.670855626405077
1.08 -8.743336396945177
1.085 -8.797327923624486
1.09 -8.836022725976928
1.095 -8.86223123905377
1.1 -8.878328015607417
1.105 -8.886261749706906
1.11 -8.887598405012229
1.115 -8.883576659611771
1.12 -8.875163891047189
1.125 -8.863106570703941
1.13 -8.847972137332826
1.135 -8.830181791434407
1.14 -8.810034617581858
1.145 -8.787724143178592
1.15 -8.763348466358467
1.155 -8.736915116664594
1.16 -8.708341780354765
1.165 -8.677453914822438
1.17 -8.643980332921007
1.175 -8.607547882319682
1.18 -8.567676658317499
1.185 -8.523777545445233
1.19 -8.475154511020477
1.195 -8.421014604971676
1.2 -8.360489779012317
1.205 -8.275820831432895
1.21 -8.200611132594327
1.215 -8.116429319669875
1.22 -8.022724645527937
1.225 -7.9193115885357
1.23 -7.806533113476378
1.235 -7.6854274090314405
1.24 -7.557869324760224
1.245 -7.426646670950896
1.25 -7.295425748629355
1.255 -7.168566469784933
1.26 -7.05076948278759
1.265 -6.94657745305707
1.27 -6.85980060451323
1.275 -6.792976807629125
1.28 -6.746989039520067
1.285 -6.352548080205005
1.29 -6.361579781799977
1.295 -6.384161717003679
1.3 -6.415855658278739
1.305 -6.452125689012092
1.31 -6.488825525803858
1.315 -6.5225357239567385
1.32 -6.550732998899148
1.325 -6.57181230289222
1.33 -6.5850024182087665
1.335 -6.590220522646887
1.34 -6.587904595083717
1.345 -6.578851273214852
1.35 -6.564075209739613
1.355 -6.544696720360405
1.36 -6.521858167642036
1.365 -6.496665873189384
1.37 -6.470152870367556
1.375 -6.443257405767982
1.38 -6.416812805299007
1.385 -6.391544602157508
1.39 -6.36807207031936
1.395 -6.346911927564391
1.4 -6.328482272632871
1.405 -6.3131056058644885
1.41 -6.301010001728692
1.415 -6.292327640773337
1.42 -6.287090090078655
1.425 -6.285219791173777
1.43 -6.286517294135572
1.435 -6.29064385593388
1.44 -6.297099231508195
1.445 -6.305194834973337
1.45 -6.3140230389165675
1.455 -6.322424537249201
1.46 -6.328957401313595
1.465 -6.331874115963511
1.47 -6.329116706281569
1.475 -6.318345127283926
1.48 -6.297020128834539
1.485 -6.262567826537207
1.49 -5.683530145198246
1.495 -5.633398989835624
1.5 -5.3773448460307325
1.505 -5.423143497682278
1.51 -5.479998992609014
1.515 -5.540502462890101
1.52 -5.601739154037622
1.525 -5.665581859165315
1.53 -5.73710117647063
1.535 -5.821481982201388
1.54 -5.92031931744538
1.545 -6.028408577573658
1.55 -6.132016585976831
1.555 -6.209172073462334
1.56 -6.232032889383271
1.565 -6.17122034831499
1.57 -6.0022461423331155
1.575 -5.714378901203188
1.58 -5.321580523494361
1.585 -4.87250487245795
1.59 -4.452366014985881
1.595 -4.167607635328474
1.6 -4.1113180727783485
1.605 -4.32378480967641
1.61 -4.7737179156115035
1.615 -5.374092493069522
1.62 -6.0201859749427165
1.625 -6.624233567319171
1.63 -7.131212663714062
1.635 -7.517093011682184
1.64 -7.778769649937956
1.645 -7.923470224837123
1.65 -7.96117193811529
1.655 -7.900566572996431
1.66 -7.747971580257125
1.665 -7.508516802680567
1.67 -7.189148708455921
1.675 -6.80298515589208
1.68 -6.374047179916592
1.685 -5.940400158781401
1.69 -5.552841449514716
1.695 -5.266774644233821
1.7 -5.1279918647298395
1.705 -5.157806142377354
1.71 -5.34545284718555
1.715 -5.6524061188722206
1.72 -6.026039097350494
1.725 -6.415074464973315
1.73 -6.780176470564245
1.735 -7.097565770341187
1.74 -7.357364881941374
1.745 -7.559583364183783
1.75 -7.709971920527219
1.755 -7.816809811511408
1.76 -7.888833419821383
1.765 -7.934106345091137
1.77 -7.959530328256835
1.775 -7.970736037478461
1.78 -7.972170345439849
1.785 -7.967266914356706
1.79 -7.958637192219683
1.795 -7.94825062876922
1.8 -7.937591162524541
1.805 -7.927786580886222
1.81 -7.919711996873365
1.815 -7.914070304266143
1.82 -7.911452969608266
1.825 -7.9123836967079555
1.83 -7.917347907152186
1.835 -7.926809556933986
1.84 -7.941216957941365
1.845 -7.96099904754804
1.85 -7.923123615240382
1.855 -7.9577432886230355
1.86 -7.9986154217839225
1.865 -8.045931558207968
1.87 -8.099765903018412
1.875 -8.160056269843922
1.88 -8.226590486160152
1.885 -8.298999365533737
1.89 -8.376756450655622
1.895 -8.459183631394954
1.9 -8.545460826510025
1.905 -8.63463704345335
1.91 -8.725639690471008
1.915 -8.817278910404609
1.92 -8.908243564371666
1.925 -8.997086122528756
1.93 -9.082193687773067
1.935 -9.161742922315357
1.94 -9.233637341068796
1.945 -9.295426358766289
1.95 -9.344208148427184
1.955 -9.376523141763672
1.96 -9.388254732307246
1.965 -9.374570597265658
1.97 -9.329965562118051
1.975 -9.248506531886777
1.98 -9.12442798401092
1.985 -8.953264319480342
1.99 -8.733688072940787
1.995 -8.470070126571667
2.0 -8.175393823290047
2.005 -7.87351690654617
2.01 -7.5991122239816535
2.015 -7.393548955914112
2.02 -7.29626270447877
2.025 -7.333822532560744
2.03 -7.51134612588317
2.035 -7.810724200042824
2.04 -8.19663043756865
2.045 -8.627034714019866
2.05 -9.063229778488846
2.055 -9.475953972571626
2.06 -9.847037849518632
2.065 -10.167944615551528
2.07 -10.437006235711426
2.075 -10.656650307450045
2.08 -10.831224730121908
2.085 -10.965535652259295
2.09 -11.063979084418191
2.095 -11.130086109317817
2.1 -11.16632306207796
2.105 -11.174034015713438
2.11 -11.153456014880732
2.115 -11.103771655485845
2.12 -11.023191605199742
2.125 -10.909086963929594
2.13 -10.699322268295294
2.135 -10.641055854379438
2.14 -10.540576071246582
2.145 -10.394959970880675
2.15 -10.205000325791506
2.155 -9.977655933194038
2.16 -9.728486834324242
2.165 -9.482791499801246
2.17 -9.273667774387885
2.175 -9.135691339867574
2.18 -9.094945712668284
2.185 -9.15906006651345
2.19 -9.312442238834429
2.195 -9.520005343041815
2.2 -9.73819742209282
2.205 -9.92847766759115
2.21 -10.067981334200496
2.215 -10.154260110622593
2.22 -10.203454587606066
2.225 -10.24295097257959
2.23 -10.300848073559905
2.235 -10.395714620081325
2.24 -10.53041465239342
2.245 -10.692265442759313
2.25 -10.858870216538696
2.255 -11.006506502554679
2.26 -11.117499993338798
2.265 -11.184378683547218
2.27 -11.210409322304178
2.275 -11.207292069786309
2.28 -11.191187640020226
2.285 -11.178247825099868
2.29 -11.180709494090005
2.295 -11.20440986471071
2.3 -11.248182540684875
2.305 -11.30504059501927
2.31 -11.364552922623261
2.315 -11.415600561564723
2.32 -11.448811734000248
2.325 -11.458275518177082
2.33 -11.442423509976486
2.335 -11.40413019913178
2.34 -11.35012252431377
2.345 -11.28978879217036
2.35 -11.233518606720335
2.355 -11.190812069759236
2.36 -11.16852105958756
2.365 -11.169630025178197
2.37 -11.205470615377354
2.375 -11.245909265214582
2.38 -11.295972558101129
2.385 -11.347078972630687
2.39 -11.390946152952557
2.395 -11.420556468661456
2.4 -11.430646356540544
2.405 -11.417781953065065
2.41 -11.380162012305119
2.415 -11.317297872247078
2.42 -11.229689305512329
2.425 -11.118570289502621
2.43 -10.985757533880257
2.435 -10.833601818135064
2.44 -10.665019509283297
2.445 -10.483564378787316
2.45 -10.293487652889786
2.455 -10.099728535141626
2.46 -9.907782086379244
2.465 -9.723410029954694
2.47 -9.552198436960603
2.475 -9.399012969529792
2.48 -9.267449181797016
2.485 -9.159399610166956
2.49 -9.074846707807978
2.495 -9.011939278235825
2.5 -8.967336932542143
2.505 -8.936739710953752
2.51 -8.915483119097376
2.515 -8.899081835330268
2.52 -8.883639706595986
2.525 -8.866091837465698
2.53 -8.571209923190166
2.535 -8.531653316909496
2.54 -8.485466407762395
2.545 -8.432678899431787
2.55 -8.373741125992108
2.555 -8.309373808200125
2.56 -8.240443614474444
2.565 -8.1678675956576
2.57 -8.092544808308752
2.575 -8.015311321820276
2.58 -7.716849447851657
2.585 -7.643347983275525
2.59 -7.569757320786233
2.595 -7.496518213709591
2.6 -7.437798765815907
2.605 -7.366387682790047
2.61 -7.296143908856592
2.615 -7.227211487069428
2.62 -7.159688953047657
2.625 -7.093639435130775
2.63 -7.054452337642179
2.635 -6.993531247765291
2.64 -6.934053496495876
2.645 -6.876015860093225
2.65 -6.8194113768713365
2.655 -6.764232144620404
2.66 -6.71047147517055
2.665 -6.65812519419326
2.67 -6.607192430885705
2.675 -6.557675981464773
2.68 -6.509582356424669
2.685 -6.46292158294406
2.69 -6.4177068823582735
2.695 -6.373954267661509
2.7 -6.331682133714342
2.705 -6.290910883227449
2.71 -6.251662645263963
2.715 -6.213961124072393
2.72 -6.177831606997983
2.725 -6.143301143422446
2.73 -6.110398986501027
2.735 -6.079157102200757
2.74 -6.04961083757255
2.745 -6.021799495968445
2.75 -5.99576693224821
2.755 -5.9715618134008
2.76 -5.949237541934137
2.765 -5.9288517798020886
2.77 -5.910465590079789
2.775 -5.894142301840624
2.78 -5.942337671776521
2.785 -5.931251865223198
2.79 -5.922429021860112
2.795 -5.915928690046189
2.8 -5.911806229073578
2.805 -5.910111226867027
2.81 -5.910885378536423
2.815 -5.914159524367228
2.82 -5.9199494686512235
2.825 -5.928250168446796
2.83 -5.939027831022783
2.835 -5.94768341809024
2.84 -6.7587825310369825
2.845 -6.77681271711612
2.85 -6.796654276292207
2.855 -6.817887196223447
2.86 -6.839941865603422
2.865 -6.8620602961241275
2.87 -6.883252014262137
2.875 -6.902246076120028
2.88 -6.917442429462394
2.885 -6.92686840702043
2.89 -6.928150172237793
2.895 -6.918514221036527
2.9 -6.8948406093257955
2.905 -7.0705320648994485
2.91 -7.013456163714864
2.915 -6.9329423667447845
2.92 -6.8270665061042575
2.925 -6.6955040489762405
2.93 -6.540165395179056
2.935 -6.365595968376387
2.94 -6.178825803088486
2.945 -5.988353710915734
2.95 -5.802139043578164
2.955 -5.624888511754522
2.96 -5.455468081032364
2.965 -5.285684280293507
2.97 -5.101672836297791
2.975 -4.88856610716785
2.98 -4.638048920726818
2.985 -4.356979460898835
2.99 -4.073625782284171
2.995 -3.836956294040768
3.0 -3.7055572996344712
3.005 -3.7277526695791283
3.01 -3.921599413701343
3.015 -4.266276032544648
3.02 -4.710142330433272
3.025 -5.189838443930881
3.03 -5.649156391570617
3.035 -6.049750597693338
3.04 -6.372739854926145
3.045 -6.614674673213578
3.05 -6.7818191907054794
3.055 -6.885167281354617
3.06 -6.937020261763996
3.065 -6.9490329443020284
3.07 -6.931314644709752
3.075 -6.892171762112517
3.08 -6.8381873124903505
3.085 -6.774446281464688
3.09 -6.704800467837183
3.095 -6.632120587622978
3.1 -6.558514263708366
3.105 -6.485504755878114
3.11 -6.414172922191967
3.115 -6.345267590222426
3.12 -6.279290154191863
3.125 -6.216558855785716
3.13 -6.157257392560909
3.135 -6.101471345464554
3.14 -6.049215486971436
3.145 -6.000454075996125
3.15 -5.955116075084748
3.155 -5.913106233872269
3.16 -5.874313491374839
3.165 -5.838617038048657
3.17 -5.805890797354483
3.175 -5.776006708604992
3.18 -5.748837125035928
3.185 -5.724256573701226
3.19 -5.702142984743696
3.195 -5.6823786384092
3.2 -5.664850799133903
3.205 -5.649452187369781
3.21 -5.636081305601833
3.215 -5.624642697042882
3.22 -5.615047162252843
3.225 -5.607211975933078
3.23 -4.900126493396868
3.235 -4.891822349760879
3.24 -4.885158058650142
3.245 -4.880076571365106
3.25 -4.876525846362797
3.255 -4.87445875604555
3.26 -4.873833059631669
3.265 -4.874611245326021
3.27 -4.876760564792779
3.275 -4.8802530555197325
3.28 -4.885065595037821
3.285 -4.891179981341144
3.29 -4.898583016179301
3.295 -4.907266577195133
3.3 -4.5483239720987445
3.305 -4.548428978984794
3.31 -4.550018930800324
3.315 -4.010110658654287
3.32 -4.001692493659095
3.325 -3.9944435600132966
3.33 -3.98837549871427
3.335 -3.6323562857803444
3.34 -3.6437542146660493
3.345 -3.6561801424843163
3.35 -3.66964629184702
3.355 -3.684164199791271
3.36 -3.699745688474217
3.365 -3.7164037405231736
3.37 -3.6693999906459216
3.375 -3.6894273515915845
3.38 -3.7105670703503453
3.385 -3.7328415808911393
3.39 -3.7562757434251317
3.395 -3.7808966644594686
3.4 -3.806733473524791
3.405 -3.833817029843397
3.41 -3.862179602939307
3.415 -3.891854533767624
3.42 -3.922875889989606
3.425 -3.9552779806285034
3.43 -3.989094942685447
3.435 -4.02436028750213
3.44 -4.06110627162297
3.445 -4.099363366372015
3.45 -4.139159634539546
3.455 -4.180520091012748
3.46 -4.223466040709718
3.465 -4.268014426682396
3.47 -4.314177211169175
3.475 -4.361960863471283
3.48 -4.411365969030035
3.485 -4.462387066972393
3.49 -4.515012810210094
3.495 -4.5692265748720144
3.5 -4.625007654739174
3.505 -4.682333265063985
3.51 -4.741181568795296
3.515 -4.8015359433970906
3.52 -4.863390751307751
3.525 -4.9267588817412475
3.53 -4.991681238114411
3.535 -5.058238218810353
3.54 -5.126563228672982
3.545 -5.196857612658315
3.55 -5.269406344342284
3.555 -5.344593081897817
3.56 -5.422912479654985
3.565 -5.504976941795328
3.57 -5.5915139897864385
3.575 -5.683349608169511
3.58 -5.781371871386104
3.585 -5.88646860378638
3.59 -5.99943138404058
3.595 -6.120817543514984
3.6 -6.250759234047037
3.605 -6.3887051891193485
3.61 -6.53307404746545
3.615 -6.680788574405409
3.62 -6.8266470791402565
3.625 -6.962475508666759
3.63 -7.076001628158029
3.635 -7.149428057219772
3.64 -7.157813211582978
3.645 -7.067717422695373
3.65 -6.837331130360755
3.655 -6.42067380173244
3.66 -5.780238279198009
3.665 -4.912879929405919
3.67 -3.887829821388463
3.675 -2.9141958068517075
3.68 -2.1697133998426974
3.685 -1.9241195259321329
3.69 -2.2454679021088673
3.695 -2.98950354893397
3.7 -3.8922395767447835
3.705 -4.712507523259665
3.71 -5.313127281715647
3.715 -5.662737012614387
3.72 -5.800671508870239
3.725 -5.8006744908502235
3.73 -5.761838084866792
3.735 -5.721452073441806
3.74 -5.746138322167782
3.745 -5.8574319353004825
3.75 -6.050574784934584
3.755 -6.302592878239701
3.76 -6.583033743950273
3.765 -6.863179836531261
3.77 -7.121377893510722
3.775 -7.344472014543272
3.78 -7.526700164561086
3.785 -7.6675771576148595
3.79 -7.769797870479496
3.795 -7.8376227347208705
3.8 -7.875820686311771
3.805 -7.889066623683163
3.81 -7.881647857647549
3.815 -7.857355525746215
3.82 -7.819473885612742
3.825 -7.770814677801707
3.83 -7.713767779987068
3.835 -7.650353914874412
3.84 -7.582273571813589
3.845 -7.510950193154334
3.85 -7.437567777688587
3.855 -7.363103387091349
3.86 -7.288355363581038
3.865 -7.213967884634391
3.87 -7.140452447588073
3.875 -7.068206705395323
3.88 -6.99753088738788
3.885 -6.928642296987887
3.89 -6.861688102961176
3.895 -6.796756490718759
3.9 -6.733886543190799
3.905 -6.673076881628724
3.91 -6.6142933556790195
3.915 -6.55747580952477
3.92 -6.502544075008883
3.925 -6.449403339710801
3.93 -6.397948823058665
3.935 -6.348069915173863
3.94 -6.299653800061395
3.945 -6.252588576190032
3.95 -6.2067659033534195
3.955 -6.16208316036792
3.96 -6.118445189502096
3.965 -6.075765485459498
3.97 -6.033967136320653
3.975 -5.992983229961582
3.98 -5.95275697219433
3.985 -5.913241534507393
3.99 -5.874399693972606
3.995 -5.83620338406158
4.0 -5.79863323163771
4.005 -5.761678162662485
4.01 -5.725335130679155
4.015 -5.689608995949714
4.02 -5.654512528877164
4.025 -5.620066582721542
4.03 -5.586300180600819
4.035 -5.553250402430326
4.04 -5.520962026745849
4.045 -5.489486531684508
4.05 -5.45888052064213
4.055 -5.42920335144699
4.06 -5.400513981925808
4.065 -5.3728671148297655
4.07 -5.3463088330982345
4.075 -5.320872011895574
4.08 -5.296571877955355
4.085 -5.2468405513012755
4.09 -5.227641231734989
4.095 -5.209322600253986
4.1 -5.191811697537039
4.105 -5.1750103346079515
4.11 -5.158798349182506
4.115 -5.143038174446699
4.12 -5.127580542310354
4.125 -5.112270883299102
4.13 -5.096955979133452
4.135 -5.081490430626372
4.14 -5.145983535135855
4.145 -5.126959146761971
4.15 -5.107498196315764
4.155 -5.08753493355245
4.16 -5.067030465266783
4.165 -5.045973101201579
4.17 -5.024377647860648
4.175 -5.002283900376166
4.18 -4.979754459692127
4.185 -5.006770345958773
4.19 -4.98390868370251
4.195 -4.960928901267882
4.2 -4.937956842640788
4.205 -4.9151266168391645
4.21 -4.89257784867208
4.215 -4.870453163825911
4.22 -4.84889591422658
4.225 -4.8280481682255845
4.23 -4.808048919639642
4.235 -4.789032509766587
4.24 -4.771127201743878
4.245 -4.754453946772063
4.25 -4.73912516535011
4.255 -4.725243577889458
4.26 -4.712901004479556
4.265 -4.702177082428944
4.27 -4.69313782684403
4.275 -4.685833982944667
4.28 -4.680299072399628
4.285 -4.676547099470062
4.29 -4.674569806359187
4.295 -4.6743334258698
4.3 -4.675774832487005
4.305 -4.678797025021251
4.31 -4.683263868499047
4.315 -4.413095772271369
4.32 -4.419009819429233
4.325 -4.425643085145369
4.33 -4.432635154963341
4.335 -4.4395498377457265
4.34 -4.445867260822492
4.345 -4.4509772492285515
4.35 -4.454175107384991
4.355 -4.4546617418182395
4.36 -4.451550562755956
4.365 -4.443884352500731
4.37 -4.4306659787064415
4.375 -4.410907324417326
4.38 -4.383700721082499
4.385 -4.3483160981606055
4.39 -4.3043243384561505
4.395 -4.251742367963212
4.4 -4.1911879333401245
4.405 -4.1240222130130775
4.41 -4.052447970800212
4.415 -3.9795234851857733
4.42 -3.909052765520224
4.425 -3.8453259359456826
4.43 -3.7927125245250948
4.435 -3.755151142223064
4.44 -3.7356201891468106
4.445 -3.7356989358202806
4.45 -3.7553218318041246
4.455 -3.792787641363266
4.46 -3.8450208697190247
4.465 -3.908020507264678
4.47 -3.9773913205740916
4.475 -4.048849521087164
4.48 -4.118620239872092
4.485 -4.183686591358032
4.49 -4.24188997341904
4.495 -4.291909054897445
4.5 -4.333157426374285
4.505 -4.365639312067489
4.51 -4.389794956055126
4.515 -4.406356836166618
4.52 -4.416228108886599
4.525 -4.4203873978737365
4.53 -4.419819196325011
4.535 -4.415466358646724
4.54 -4.408200707824743
4.545 -4.398807097917666
4.55 -4.387977226099538
4.555 -4.3763101336595644
4.56 -3.696190466847605
4.565 -3.6808417116644554
4.57 -3.665963711192047
4.575 -3.6518505251354605
4.58 -3.6387402116951137
4.585 -3.626822590443505
4.59 -3.616246307120347
4.595 -3.6071251403051323
4.6 -3.5995435287549187
4.605 -3.593561384572592
4.61 -3.5892182275991296
4.615 -3.58653672872539
4.62 -4.45448288570029
4.625 -4.471756899084975
4.63 -4.489912558434671
4.635 -4.508850893533243
4.64 -4.528469974053164
4.645 -4.548668117054642
4.65 -4.5693470719783535
4.655 -4.590415316141886
4.66 -4.6117912307912015
4.665 -4.633406178459676
4.67 -4.655207551864554
4.675 -4.67716135604314
4.68 -4.6992543121862616
4.685 -4.721495330262665
4.69 -4.743916142017961
4.695 -4.766570858873964
4.7 -4.789534342252695
4.705 -4.812899280712605
4.71 -4.836771922695421
4.715 -5.38055358031304
4.72 -5.4130252295137495
4.725 -5.446532422440022
4.73 -6.207160427177752
4.735 -6.264538345056214
4.74 -6.32356911360151
4.745 -6.384184025246996
4.75 -6.446259717284945
4.755 -6.509616212986915
4.76 -6.574016805260947
4.765 -6.63916976345249
4.77 -6.690124714117921
4.775 -6.75564087242999
4.78 -6.820744714283725
4.785 -6.884972570118351
4.79 -6.947834826710468
4.795 -7.008823778772705
4.8 -7.06742157020595
4.805 -7.123108168950982
4.81 -7.175369422852739
4.815 -6.256209931640687
4.82 -6.303563816759334
4.825 -6.347217512699923
4.83 -6.386802564350253
4.835 -6.421985149056055
4.84 -6.452482153531624
4.845 -6.478079535248284
4.85 -6.498652749887797
4.855 -6.514188881635511
4.86 -6.524809890524483
4.865 -6.530796068537235
4.87 -6.532608413166815
4.875 -6.530908007432596
4.88 -6.526569826462154
4.885 -6.520687420287398
4.89 -6.514564533956654
4.895 -6.509688983386208
4.9 -6.507684799352478
4.905 -6.510240286368057
4.91 -6.519012869111795
4.915 -6.535515910297389
4.92 -6.56099790431667
4.925 -6.596328727329224
4.93 -6.64190979293645
4.935 -6.697623839390654
4.94 -6.762834508930967
4.945 -6.836438424457114
4.95 -6.916963154630601
4.955 -7.00269698969321
4.96 -7.091831936296931
4.965 -7.182601198986286
4.97 -7.273395650844084
4.975 -7.362849400699805
4.98 -7.4498909883521485
4.985 -7.533761867875221
4.99 -7.614007744894184
4.995 -7.690449933458516
5.0 -7.763144441990079
5.005 -7.832335446236066
5.01 -7.898408311552465
5.015 -7.961845808772302
5.02 -8.023189502864392
5.025 -8.083007365447338
5.03 -8.14186774005806
5.035 -8.200319078901655
5.04 -8.258874714679024
5.045 -8.318001693110464
5.05 -8.378112867619517
5.055 -8.439561171049537
5.06 -8.502635396531968
5.065 -8.567556666748473
5.07 -7.9478147366293035
5.075 -8.038846386576374
5.08 -8.131753374478702
5.085 -8.226391499053989
5.09 -8.322531561106572
5.095 -8.41985005716359
5.1 -8.517918436059407
5.105 -8.616191131978692
5.11 -8.713992610537469
5.115 -8.810503709144854
5.12 -8.90474730538208
5.125 -8.99557310879168
5.13 -9.081640431852618
5.135 -9.161397730923424
5.14 -9.23305735134187
5.145 -9.294565304801845
5.15 -9.34356970412806
5.155 -9.377398779503125
5.16 -9.39307052917616
5.165 -9.38736921130959
5.17 -9.35703364800391
5.175 -9.299098906408766
5.18 -9.211403440325372
5.185 -9.09320933589198
5.19 -8.945788737314928
5.195 -8.77274337540059
5.2 -8.579817196715517
5.205 -8.374115730950855
5.21 -8.16297312295467
5.215 -7.953067268376973
5.22 -7.750481647904145
5.225 -7.561978162079168
5.23 -7.396828882398959
5.235 -7.267700521399399
5.24 -7.189075010762484
5.245 -7.172952467021906
5.25 -6.957902307071826
5.255 -7.07902329036532
5.26 -7.242288042101537
5.265 -7.424509788703929
5.27 -7.602969172492067
5.275 -7.760465182493083
5.28 -7.887531103672309
5.285 -7.2450661534381515
5.29 -7.3034609686808025
5.295 -7.336159273222947
5.3 -7.34784426631787
5.305 -7.342134103952783
5.31 -7.321465125238132
5.315 -7.287624782325161
5.32 -7.242512050897355
5.325 -7.188761999303582
5.33 -7.920904461325251
5.335 -7.870555412113706
5.34 -7.824479053854443
5.345 -6.931852053548988
5.35 -6.854090456873544
5.355 -6.802453394762307
5.36 -6.7753579450034565
5.365 -6.769171437155167
5.37 -6.778760347702999
5.375 -6.798165843256716
5.38 -6.8212738745731505
5.385 -6.842374585049297
5.39 -6.856551592741552
5.395 -6.85989452536635
5.4 -6.849565815964531
5.405 -6.823771195204799
5.41 -6.781683891507529
5.415 -6.723361535444721
5.42 -6.6496783468717275
5.425 -6.562276804846031
5.43 -6.463529177119245
5.435 -6.356485787095619
5.44 -6.244782057141406
5.445 -6.132478128377514
5.45 -6.023816670855228
5.455 -5.922904017183595
5.46 -5.833345760381978
5.465 -5.757890818164907
5.47 -5.698149809732719
5.475 -5.654446992133026
5.48 -5.625839945282931
5.485 -5.610302432975334
5.49 -5.6050329390452065
5.495 -5.606824280098282
5.5 -5.612427050220882
5.505 -5.618852254181001
5.51 -5.623581654679643
5.515 -5.624678736916882
5.52 -5.620812103698151
5.525 -5.6112136010534615
5.53 -5.595596203343309
5.535 -5.574053801965918
5.54 -5.546959629386928
5.545 -5.5148739394823485
5.55 -5.47846646799458
5.555 -5.438455324098543
5.56 -5.395561569240977
5.565 -5.350477461333189
5.57 -5.303845741282407
5.575 -5.256247513496178
5.58 -5.2081964166347365
5.585 -5.160137258550748
5.59 -5.112447663399911
5.595 -5.065441649842434
5.6 -5.019374362507242
5.605 -4.9744474119425925
5.61 -4.930814475773538
5.615 -4.88858690428515
5.62 -4.847839196471549
5.625 -4.808614166317169
5.63 -4.7709279182104884
5.635 -4.734774434828199
5.64 -4.700129800668563
5.645 -4.6669560685938105
5.65 -4.635204717409025
5.655 -4.604819736383872
5.66 -4.575740314693971
5.665 -4.547903153994086
5.67 -4.730419711756751
5.675 -4.701770478785468
5.68 -4.674213903516019
5.685 -4.64769256906346
5.69 -4.685246014015269
5.695 -4.671547097605472
5.7 -4.659010891672513
5.705 -4.6476241357892585
5.71 -4.637379561425826
5.715 -4.6282758115383915
5.72 -4.620317307740082
5.725 -4.61351404485294
5.73 -4.607881354803207
5.735 -4.603439650505316
5.74 -4.600214167813805
5.745 -4.598234669341848
5.75 -4.59753522243585
5.755 -4.598153925877638
5.76 -4.600132642017813
5.765 -4.603516730691102
5.77 -4.289832456760514
5.775 -4.2980641862933595
5.78 -4.30780332580272
5.785 -4.319105671307882
5.79 -4.332028310951253
5.795 -4.346628782608817
5.8 -4.362963941018733
5.805 -4.381088469625479
5.81 -4.40105290609729
5.815 -4.422901015019647
5.82 -4.446666324714379
5.825 -4.472367553652057
5.83 -4.500002571894195
5.835 -4.529540546783066
5.84 -4.56091158567988
5.845 -4.593993245881119
5.85 -4.628592993450838
5.855 -4.664425495376623
5.86 -4.701083296340444
5.865 -4.737999357748225
5.87 -4.774399529036466
5.875 -4.809243047559163
5.88 -4.841149355148057
5.885 -4.868310419812591
5.89 -4.88838968427744
5.895 -4.8984129452158625
5.9 -4.894663786382879
5.905 -4.872608774215918
5.91 -4.826897932187506
5.915 -4.751515265747156
5.92 -4.640191086913939
5.925 -4.487222498506453
5.93 -4.2888539700984065
5.935 -4.045294750695204
5.94 -3.763221322684012
5.945 -3.458179958115997
5.95 -3.1557393523296158
5.955 -2.889887335683769
5.96 -2.697603644830149
5.965 -2.6101824099141986
5.97 -2.644175508524698
5.975 -2.796074852523182
5.98 -3.0435017818692605
5.985 -4.296600024074371
5.99 -4.6259204835017345
5.995 -4.944438861144977
6.0 -5.230331681903093
6.005 -5.471829136927488
6.01 -5.66548662169204
6.015 -5.8136543610638824
6.02 -5.922092769043549
6.025 -5.998140951051715
6.03 -6.049486645045345
6.035 -6.083422416230897
6.04 -6.106437322539733
6.045 -6.124017329361481
6.05 -6.1405681257032745
6.055 -6.159409867427156
6.06 -6.182817528997426
6.065 -6.212092739030278
6.07 -6.24765687855509
6.075 -6.289152756690441
6.08 -6.335538710791506
6.085 -6.385155355782808
6.09 -6.435743656366544
6.095 -6.484393123494038
6.1 -6.527401013799791
6.105 -6.5600275069916965
6.11 -6.576140253149224
6.115 -6.56776016394338
6.12 -6.524559919934724
6.125 -6.433447444209388
6.13 -6.278516059310201
6.135 -6.041887350620659
6.14 -5.706295132423311
6.145 -5.260499448060333
6.15 -4.7083040823893665
6.155 -4.080208833692275
6.16 -3.442857253758927
6.165 -2.896824463265942
6.17 -2.5535993153908825
6.175 -2.49453670587268
6.18 -2.73351438136958
6.185 -3.2101178433780295
6.19 -2.272642234181926
6.195 -2.888447359284724
6.2 -3.4486196201453696
6.205 -3.9111441160928506
6.21 -4.264676318661603
6.215 -4.5168352091890185
6.22 -4.6839731309388375
6.225 -4.7845083531387065
6.23 -4.835445251408839
6.235 -4.851004737656326
6.24 -4.84240912731529
6.245 -4.818190971907346
6.25 -4.784674470259481
6.255 -4.746460151677066
6.26 -4.7068446849800125
6.265 -4.668158539619777
6.27 -4.632026270634491
6.275 -4.599561958200099
6.28 -4.571513410963509
6.285 -4.548367200373309
6.29 -4.53042429382693
6.295 -4.517853794523639
6.3 -4.510730383668099
6.305 -4.509059502574112
6.31 -4.512793152251866
6.315 -4.521838202007994
6.32 -4.536058579653192
6.325 -4.555271780014153
6.33 -4.579240016819978
6.335 -4.607655710575044
6.34 -4.640120569787157
6.345 -4.676117133213841
6.35 -4.714970953496625
6.355 -4.755801546427365
6.36 -4.7974598598932285
6.365 -4.838450671768208
6.37 -4.876839710944874
6.375 -4.910148298633167
6.38 -4.935243313958481
6.385 -4.948239001120269
6.39 -4.944441501640253
6.395 -4.918388282660723
6.4 -4.864064142308713
6.405 -4.775409843007841
6.41 -4.647263180143805
6.415 -4.4768546200258035
6.42 -4.265865534774653
6.425 -4.022780876063718
6.43 -3.764814843007579
6.435 -3.5181904532008828
6.44 -3.31542059499986
6.445 -3.1889923263216002
6.45 -3.162661933967441
6.455 -3.2435508289812707
6.46 -3.4187297355605106
6.465 -3.6580414153110348
6.47 -3.921699373041628
6.475 -4.169131199875675
6.48 -6.007034846212023
6.485 -6.164640626740869
6.49 -6.229798044559748
6.495 -6.199743304290045
6.5 -6.08346850135067
6.505 -5.902007031888106
6.51 -5.687686241117855
6.515 -5.480755939785618
6.52 -5.3224017187015065
6.525 -5.245145885285791
6.53 -5.264072279173849
6.535 -5.373135589294513
6.54 -5.548690902017228
6.545 -5.758531264178763
6.55 -5.972102412219455
6.555 -6.167870929205486
6.56 -6.336112768777688
6.565 -6.477647346462187
6.57 -6.6001408530287735
6.575 -6.713672366256715
6.58 -6.826847582886929
6.585 -6.944236130072164
6.59 -7.065406655742716
6.595 -7.185386581091551
6.6 -7.2960551681460775
6.605 -7.38787758069909
6.61 -7.451504350170985
6.615 -7.488896351019064
6.62 -7.475747269843172
6.625 -7.418119342115336
6.63 -7.31691353362239
6.635 -6.48997321188671
6.64 -6.32094693967865
6.645 -6.138778636503385
6.65 -5.962872916113332
6.655 -5.814976120250997
6.66 -5.715879913081104
6.665 -5.681460186425105
6.67 -5.719278555676986
6.675 -5.827039881216171
6.68 -5.993547748070455
6.685 -6.201750111346241
6.69 -6.432664140244449
6.695 -6.66885465113882
6.7 -6.896635065319592
6.705 -7.10683893276605
6.71 -7.294493870299677
6.715 -7.4578949551346065
6.72 -7.597506731213841
6.725 -7.714961970000181
6.73 -7.812276111906186
6.735 -7.891297452726169
6.74 -7.953365412138082
6.745 -7.999137904122963
6.75 -8.028557305645375
6.755 -8.04094134280698
6.76 -8.03520279784402
6.765 -8.01021421068999
6.77 -7.9653339524897735
6.775 -7.901089276320341
6.78 -7.819960579223183
6.785 -8.384215024779849
6.79 -8.293717333067443
6.795 -8.210502343508455
6.8 -8.147753994309538
6.805 -8.118452684871666
6.81 -8.132515945213145
6.815 -8.340866024806687
6.82 -8.462385487640761
6.825 -8.613956521698162
6.83 -8.905992029203878
6.835 -9.02187072749676
6.84 -9.082000907740994
6.845 -9.058024322884211
6.85 -8.924897810765428
6.855 -8.663494713225154
6.86 -8.263788488109636
6.865 -7.72894542798948
6.87 -7.07998504168776
6.875 -6.3595942356043045
6.88 -5.6325562653801
6.885 -4.979914258505933
6.89 -4.485493524537884
6.895 -3.977551347262753
6.9 -3.979524644433099
6.905 -4.232977413607106
6.91 -4.689957860695063
6.915 -5.278755784759165
6.92 -5.923226066629555
6.925 -6.558995726197997
6.93 -7.1423740315524125
6.935 -7.651636432184618
6.94 -8.08283357767115
6.945 -8.44301153597548
6.95 -8.743346058597051
6.955 -8.99384938466829
6.96 -9.200383721731612
6.965 -9.363891859165019
6.97 -9.481181002842503
6.975 -9.546386380429714
6.98 -9.552367207708533
6.985 -9.491609941941343
6.99 -9.356561200979824
6.995 -9.139573027013666
7.0 -8.83282742494062
7.005 -8.428768728152027
7.01 -7.921758695989466
7.015 -7.311794284400072
7.02 -6.61085289145531
7.025 -5.851144689140312
7.03 -5.091809985980801
7.035 -4.417409140533501
7.04 -3.9216697900054833
7.045 -3.6777773310943696
7.05 -3.7094823219520525
7.055 -3.982293746357388
7.06 -4.421259410953215
7.065 -4.942190043599046
7.07 -5.476820433927964
7.075 -5.982324475074319
7.08 -5.537307731031892
7.085 -5.931918394980805
7.09 -6.268997231691868
7.095 -6.5510073367741
7.1 -6.780863082148626
7.105 -6.961624292972183
7.11 -7.096700849486869
7.115 -7.190032612694658
7.12 -7.2460781151487526
7.125 -7.269642240981902
7.13 -7.265633254829645
7.135 -7.238827847775613
7.14 -7.193688623470584
7.145 -7.134248129635569
7.15 -7.064054459334535
7.155 -6.986164490550243
7.16 -6.90316944407555
7.165 -6.8172392450085075
7.17 -6.7301753146182435
7.175 -6.64346459533029
7.18 -6.558330282329603
7.185 -6.4757766738592055
7.19 -6.396627020178923
7.195 -6.321554156136848
7.2 -6.251104387407827
7.205 -6.185715345624544
7.21 -6.125728912839573
7.215 -6.071400296651859
7.22 -6.022904435268494
7.225 -5.980340841646816
7.23 -5.943737697555853
7.235 -5.913056214415742
7.24 -5.888195686792021
7.245 -5.868999588665617
7.25 -5.85526275850485
7.255 -5.846739673966597
7.26 -5.725873820770962
7.265 -5.728017125027653
7.27 -5.737181858428878
7.275 -5.750270441668495
7.28 -5.766968742235018
7.285 -5.78697000642419
7.29 -5.809979015699921
7.295 -5.835714649292455
7.3 -5.863910919516238
7.305 -5.894316670437438
7.31 -5.926694167633565
7.315 -5.960816911422483
7.32 -5.996466996338036
7.325 -6.0334323866928985
7.33 -6.071504476673458
7.335 -6.110476302524586
7.34 -6.1501417839389525
7.345 -6.190296300325565
7.35 -6.2307388485107635
7.355 -6.271276151281593
7.36 -6.311728660602825
7.365 -6.3519383873187225
7.37 -6.391778168271502
7.375 -6.431161678559813
7.38 -6.470053019290901
7.385 -6.508474173334336
7.39 -6.546508208507962
7.395 -6.58429574887022
7.4 -6.622021968332968
7.405 -6.659891763474366
7.41 -6.698091520302082
7.415 -6.736737565474859
7.42 -6.775813551286155
7.425 -6.815102073068487
7.43 -6.8541191824710594
7.435 -6.892063855474028
7.44 -6.92779747633951
7.445 -6.959870468358552
7.45 -6.9866137449223995
7.455 -7.0063108253595985
7.46 -7.017460928948619
7.465 -7.019131955989411
7.47 -7.011382978308558
7.475 -6.9957065899876545
7.48 -6.975404568586687
7.485 -6.955774868942259
7.49 -6.9439718439745395
7.495 -6.948429731768131
7.5 -6.977828525369058
7.505 -7.039726937696876
7.51 -7.139140853347577
7.515 -7.27743197430159
7.52 -7.451823203491425
7.525 -7.655669089765492
7.53 -7.879361244579863
7.535 -8.11154831349932
7.54 -8.340294812127452
7.545 -8.553884090045543
7.55 -8.741124606077381
7.555 -8.891174404600271
7.56 -8.99300910056634
7.565 -9.034731655213788
7.57 -9.002999922431135
7.575 -8.882987067366056
7.58 -8.659534454705051
7.585 -8.320472769604441
7.59 -7.863234856791875
7.595 -7.30521393828912
7.6 -6.695805572184658
7.605 -6.1233038066295915
7.61 -5.705599576454644
7.615 -5.557454427693407
7.62 -5.744185045816752
7.625 -6.250209555315697
7.63 -6.986479431266462
7.635 -7.830926022016334
7.64 -8.672649475052989
7.645 -9.436436872968224
7.65 -10.084961464014004
7.655 -10.608708634902147
7.66 -11.013711354741572
7.665 -11.312118532653976
7.67 -11.516532693237496
7.675 -11.637292590197271
7.68 -11.681599564746524
7.685 -11.653667229463702
7.69 -11.555414982820034
7.695 -11.38747381267793
7.7 -11.150411590750494
7.705 -10.84613858598094
7.71 -10.479442684015476
7.715 -10.059536453850525
7.72 -9.60138383113304
7.725 -9.126429756473176
7.73 -8.662248115591877
7.735 -8.240664654771543
7.74 -7.8942253516021434
7.745 -7.651472767686276
7.75 -7.532132526577859
7.755 -7.54360310964427
7.76 -7.679813471631411
7.765 -7.92269649622087
7.77 -8.245670890104575
7.775 -8.618034519068217
7.78 -9.009156488329404
7.785 -9.391677380580063
7.79 -9.743375899472355
7.795 -10.047765663848347
7.8 -10.293736736255605
7.805 -10.47464420505554
7.81 -10.587211881674172
7.815 -10.630535647454762
7.82 -10.605389236256318
7.825 -10.513974037006458
7.83 -10.360196318141622
7.835 -10.150471523036874
7.84 -9.894903739527507
7.845 -9.60845936273886
7.85 -9.3114943502914
7.855 -9.028860993177782
7.86 -8.78704998089818
7.865 -8.609565503396563
7.87 -8.511782294372932
7.875 -8.497251112820086
7.88 -8.55711311832373
7.885 -8.672928883188652
7.89 -8.82166281404328
7.895 -8.980825523399282
7.9 -9.132164613286376
7.905 -9.263309586970403
7.91 -9.367675991405317
7.915 -9.443342034135252
7.92 -9.491582465400423
7.925 -9.515508987201715
7.93 -9.51902057962552
7.935 -9.506097264612402
7.94 -9.480384998770091
7.945 -9.444991609909355
7.95 -9.402418369795129
7.955 -9.354567946823154
7.96 -9.30278721918628
7.965 -9.247918155577189
7.97 -9.190341230872486
7.975 -9.130003220548062
7.98 -9.066426281706017
7.985 -8.998698769030181
7.99 -8.925451024358324
7.995 -8.844822789623928
8.0 -8.754433482336468
8.005 -8.651373446087586
8.01 -8.532244255734845
8.015 -8.393288768138222
8.02 -8.23066648367058
8.025 -8.040940184966153
8.03 -7.821835792423937
8.035 -7.573299579120585
8.04 -7.298781489686707
8.045 -7.006504757675242
8.05 -6.710262832559207
8.055 -6.429113165561025
8.06 -6.185404685740086
8.065 -6.001034609180503
8.07 -5.892685588909063
8.075 -5.8676019724642305
8.08 -5.921614557708414
8.085 -6.0402920378321046
8.09 -6.202702552199973
8.095 -6.386210669884842
8.1 -6.570614124194017
8.105 -6.740628419485841
8.11 -6.886607019859842
8.115 -7.0039829816722134
8.12 -7.092075988852484
8.125 -7.152782232081308
8.13 -7.189444600481536
8.135 -7.20601351627039
8.14 -7.206493953142887
8.145 -7.1946230931390165
8.15 -7.173712063720299
8.155 -7.146593469855215
8.16 -7.139714093386976
8.165 -7.107137568112155
8.17 -7.074212199285733
8.175 -7.0421808916634925
8.18 -7.01201934813058
8.185 -6.984480522823365
8.19 -6.9601317723422715
8.195 -6.939385080303052
8.2 -6.922521903081633
8.205 -6.909713993413736
8.21 -6.901041784669762
8.215 -6.92544813125387
8.22 -6.92733671638862
8.225 -6.933214026305037
8.23 -6.942960525041067
8.235 -6.956442373254017
8.24 -6.9735228264540385
8.245 -6.994071275649643
8.25 -7.01796976627751
8.255 -7.045117066449872
8.26 -7.075430754930319
8.265 -7.108847512616174
8.27 -7.145322168116987
8.275 -7.184825656090076
8.28 -7.227342249477637
8.285 -7.272866337982605
8.29 -6.8356804795987545
8.295 -6.889174984527663
8.3 -6.945451594411724
8.305 -7.004501514365649
8.31 -7.12672826511317
8.315 -7.191426777193772
8.32 -7.258666634392049
8.325 -7.328328343370409
8.33 -7.400238317126439
8.335 -7.474153493107446
8.34 -7.549742574121964
8.345 -7.77891440911192
8.35 -7.858876142318385
8.355 -7.938812683065212
8.36 -8.01775975134239
8.365 -8.094490951584415
8.37 -8.167461122058233
8.375 -8.234742103650783
8.38 -8.293953210586958
8.385 -8.342191797243407
8.39 -8.375974571425685
8.395 -8.391208041640096
8.4 -8.383219431921209
8.405 -8.346894853795945
8.41 -8.276991202042371
8.415 -8.168704553165805
8.42 -8.018579049182334
8.425 -7.825801448133067
8.43 -7.5938152272538115
8.435 -7.3319769667510934
8.44 -7.056685985011847
8.445 -6.791167215111597
8.45 -6.563126566441461
8.455 -6.400088749236077
8.46 -6.323353112019767
8.465 -6.342606720958779
8.47 -6.453429839123363
8.475 -6.638779447005868
8.48 -6.873674169916563
8.485 -7.13099234235425
8.49 -7.386295753446869
8.495 -7.620588702369736
8.5 -7.821051799096337
8.505 -7.9804342406024675
8.51 -8.095878660705209
8.515 -8.167730848465826
8.52 -8.198604479361927
8.525 -8.192759187241503
8.53 -8.155732532654309
8.535 -8.094117754398257
8.54 -8.015371526475134
8.545 -7.92755211450644
8.55 -7.838922888573103
8.555 -7.757407112552837
8.56 -7.689942002221792
8.565 -7.641837133934954
8.57 -7.616273199842678
8.575 -7.614064010055001
8.58 -7.6188153791939435
8.585 -7.658856421857658
8.59 -7.712815195587767
8.595 -7.775504797599193
8.6 -7.841790738094203
8.605 -7.907073865170361
8.61 -7.967587233469659
8.615 -8.020516186863782
8.62 -8.063980248586434
8.625 -8.096926197933174
8.63 -8.118976964353294
8.635 -8.130270572955416
8.64 -8.131310750162863
8.645 -8.122840208545215
8.65 -8.105740077229713
8.655 -8.080954326320633
8.66 -8.049435818521951
8.665 -8.012109785226212
8.67 -7.969850684950869
8.675 -7.923468924300453
8.68 -7.873704586775305
8.685 -7.8212259464278455
8.69 -7.766631102878982
8.695 -7.7104515778447915
8.7 -7.653156912544805
8.705 -7.595159729886713
8.71 -7.536820761879118
8.715 -7.4784537426387265
8.72 -7.420329790288784
8.725 -7.362681350361161
8.73 -7.3057055745558435
8.735 -7.249567202763975
8.74 -7.194400981718347
8.745 -7.140313695083068
8.75 -7.08738587855056
8.755 -7.035673363673323
8.76 -6.985208685888187
8.765 -6.936002464186091
8.77 -6.888044870011636
8.775 -6.841307078386684
8.78 -6.795743287277152
8.785 -6.751292511066408
8.79 -6.707880613083123
8.795 -6.665422621304731
8.8 -6.6238250809665375
8.805 -6.582988472400052
8.81 -6.542809550022686
8.815 -6.503183865446443
8.82 -6.464007907415819
8.825 -6.425181117072799
8.83 -7.522983481009975
8.835 -7.482762613823499
8.84 -7.4412799219039645
8.845 -7.398647036705331
8.85 -7.35497441626742
8.855 -7.310370023864572
8.86 -7.2649385046980255
8.865 -7.218780806017265
8.87 -7.171994021001918
8.875 -7.124671455036386
8.88 -7.076902726063477
8.885 -7.028773925173066
8.89 -6.980367818552149
8.895 -6.931763996405424
8.9 -6.883039008071502
8.905 -6.834266488132296
8.91 -6.785517269238781
8.915 -6.736859374500612
8.92 -6.688358075589967
8.925 -6.640075861490208
8.93 -6.592072507682053
8.935 -6.54440503794323
8.94 -6.497127704442145
8.945 -6.450291963810118
8.95 -6.403946460847317
8.955 -6.358137000978165
8.96 -6.312906545921502
8.965 -6.268295204150233
8.97 -6.224340230446935
8.975 -6.1810760319219105
8.98 -6.138534164709991
8.985 -6.096743359511694
8.99 -6.055729535401073
8.995 -6.015515840924294
9.0 -5.976122677948105
9.005 -5.937567739269739
9.01 -5.899866078739259
9.015 -5.8630300770842805
9.02 -5.82706953834371
9.025 -5.791991753774947
9.03 -5.757801577445149
9.035 -5.724501580009898
9.04 -5.67841082953656
9.045 -5.646891903271322
9.05 -5.616260231744734
9.055 -5.58651020580717
9.06 -5.55763458118702
9.065 -5.52962462253046
9.07 -5.502470264629074
9.075 -5.4761602759792325
9.08 -5.450682421335941
9.085 -5.426023607777217
9.09 -5.402170057966614
9.095 -5.3791074474306955
9.1 -5.356821050680196
9.105 -5.599535636538872
9.11 -5.603549630591796
9.115 -5.607621988582765
9.12 -5.611572912957954
9.125 -5.615208593235427
9.13 -5.618322663400261
9.135 -5.620698597408374
9.14 -5.622113250565241
9.145 -5.622341771634586
9.15 -5.621164102235585
9.155 -5.6183732199947976
9.16 -5.613785208529961
9.165 -5.607251144827202
9.17 -5.598670429114864
9.175 -5.588005224426299
9.18 -5.575295072401165
9.185 -5.560670535612781
9.19 -5.540919814343069
9.195 -5.52332400051985
9.2 -5.504840180879753
9.205 -5.486022078197974
9.21 -5.4675090250518545
9.215 -5.449999385887536
9.22 -5.434214787565515
9.225 -5.420857224942064
9.23 -5.410562509915154
9.235 -5.40385463378298
9.24 -5.40110613836818
9.245 -5.402509316687226
9.25 -5.408061948387241
9.255 -5.4175694581764695
9.26 -5.5021683430453425
9.265 -5.4995368259255555
9.27 -5.524131368219084
9.275 -5.574732521340495
9.28 -5.647977738357676
9.285 -5.738842684994844
9.29 -5.841343990121302
9.295 -5.949299139010938
9.3 -6.0569914089053345
9.305 -6.159641207199639
9.31 -6.253652048953273
9.315 -6.401472936329293
9.32 -5.482042211588433
9.325 -5.5462889977354815
9.33 -5.600874430829154
9.335 -5.646536393300067
9.34 -5.684292785667856
9.345 -5.715302678452746
9.35 -5.74076354223551
9.355 -5.76184036214341
9.36 -5.779620489469279
9.365 -5.795087906015455
9.37 -5.809111177195427
9.375 -5.822440544464653
9.38 -5.835710468316915
9.385 -5.849445168781122
9.39 -5.023456480966123
9.395 -5.065873274709487
9.4 -5.109944052757779
9.405 -5.155570737997211
9.41 -5.202616793069913
9.415 -5.25089965980048
9.42 -5.300182208093445
9.425 -5.350163238500191
9.43 -5.400467219817737
9.435 -5.4506335644564565
9.44 -5.500106149786418
9.445 -5.5482241706631035
9.45 -5.594215744363595
9.455 -7.446548313654304
9.46 -7.5173472488300055
9.465 -7.581349004036121
9.47 -7.6369621528218135
9.475 -7.68251794319108
9.48 -7.71635034657676
9.485 -7.736912751055828
9.49 -7.742934194324473
9.495 -7.733611980790427
9.5 -7.7088272942067295
9.505 -7.669357196898865
9.51 -7.617042116896744
9.515 -7.554858430095922
9.52 -7.486848211764116
9.525 -7.417878901948354
9.53 -7.35324819722556
9.535 -7.298198895015165
9.54 -7.257451227881074
9.545 -7.100085082141097
9.55 -7.10265803149384
9.555 -7.128020571529632
9.56 -7.177204060451262
9.565 -7.250468697985014
9.57 -7.34725002968847
9.575 -7.4659768464071625
9.58 -7.603858815264018
9.585 -7.756787820780888
9.59 -7.919465025703733
9.595 -8.085779019493184
9.6 -8.249361445231585
9.605 -8.404188114881837
9.61 -8.545092000425669
9.615 -8.668099493243208
9.62 -8.770563332706505
9.625 -8.99185069186798
9.63 -9.04735898075084
9.635 -9.081442273853959
9.64 -9.09539184207059
9.645 -9.090945616568087
9.65 -9.070130499283877
9.655 -9.03515818945445
9.66 -8.988366377630053
9.665 -8.932185422147935
9.67 -8.869100185843253
9.675 -8.80156996880864
9.68 -8.73186938864761
9.685 -8.661826740803532
9.69 -8.59246226430457
9.695 -8.523575660008701
9.7 -8.453376272360977
9.705 -8.37828835123891
9.71 -8.293072929808885
9.715 -8.191377867820405
9.72 -8.066758823124355
9.725 -7.914115698589753
9.73 -7.731375497058654
9.735 -7.521138215946414
9.74 -7.291897259258945
9.745 -7.058393838022865
9.75 -6.8407095072250765
9.755 -6.661905531544281
9.76 -6.544397076973175
9.765 -6.505729212704735
9.77 -6.5548110094725365
9.775 -6.689751435404975
9.78 -6.898040261712786
9.785 -7.159060018906336
9.79 -7.448108423784422
9.795 -7.740679546654611
9.8 -8.015873744370635
9.805 -8.258333884990055
9.81 -8.458703440317551
9.815 -8.613000352775048
9.82 -8.72142189453859
9.825 -8.78701573973899
9.83 -8.814491741585858
9.835 -8.809296676527795
9.84 -8.776969210197324
9.845 -8.722736981930586
9.85 -8.651298027409894
9.855 -8.56673023537595
9.86 -8.472482077274108
9.865 -8.371410579148485
9.87 -8.265842887481305
9.875 -8.157646491186101
9.88 -8.048299207027245
9.885 -7.938954130594654
9.89 -7.830497353867037
9.895 -7.723597869473938
9.9 -7.618749812507852
9.905 -7.516307890120532
9.91 -7.4165167586540655
9.915 -7.319535280134667
9.92 -7.225456559934441
9.925 -7.1343244360340305
9.93 -7.046147097009311
9.935 -6.9609083554091775
9.94 -6.878576989022107
9.945 -6.799114408233863
9.95 -6.722481141377172
9.955 -6.6486419035519635
9.96 -6.577569658243509
9.965 -6.509248590022342
9.97 -5.426921074611862
9.975 -5.380795752604026
9.98 -5.337829532968336
9.985 -5.298030782470076
9.99 -5.261417148618723
9.995 -5.228012446354149
