0.00 -19.721137390428662
0.01 -19.718440168881351
0.02 -19.715726355669847
0.03 -19.713015565703117
0.04 -19.710327125002088
0.05 -19.707679954374417
0.06 -19.705092459468908
0.07 -19.702582427386648
0.08 -19.700166929962904
0.09 -19.697862233779716
0.10 -19.695683716923149
0.11 -19.693645792461613
0.12 -19.691761838591631
0.13 -19.690044135374773
0.14 -19.688503807973518
0.15 -19.687150776284103
0.16 -19.685993710860128
0.17 -19.685039995021928
0.18 -19.684295693051702
0.19 -19.683765524383876
0.20 -19.683452843712409
0.21 -19.683359626951898
0.22 -19.683486463006350
0.23 -19.683832551318062
0.24 -19.684395705188319
0.25 -19.685172360881268
0.26 -19.686157592541605
0.27 -19.687345132974986
0.28 -19.688727400356914
0.29 -19.690295530950532
0.30 -19.692039417925731
0.31 -19.693947756380595
0.32 -19.696008094670983
0.33 -19.698206892154133
0.34 -19.700529583447430
0.35 -19.702960649292542
0.36 -19.705483694098501
0.37 -19.708081530213260
0.38 -19.710736268942341
0.39 -19.713429418294165
0.40 -19.716141987384617
0.41 -19.718854597377796
0.42 -19.721547598775697
0.43 -19.724201194796404
0.44 -19.726795570498847
0.45 -19.729311027221840
0.46 -19.731728121807052
0.47 -19.734027809970094
0.48 -19.736191593071858
0.49 -19.738201667425272
0.50 -19.740041075151584
0.51 -19.741693855477436
0.52 -19.743145195241013
0.53 -19.744381577255378
0.54 -19.745390925061564
0.55 -19.746162742497166
0.56 -19.746688246410045
0.57 -19.746960490766092
0.58 -19.746974480337041
0.59 -19.746727272113894
0.60 -19.746218062576450
0.61 -19.745448258963798
0.62 -19.744421532737434
0.63 -19.743143853510986
0.64 -19.741623501841019
0.65 -19.739871059433515
0.66 -19.737899375521842
0.67 -19.735723508414463
0.68 -19.733360641493114
0.69 -19.730829973263425
0.70 -19.728152581415866
0.71 -19.725351261242061
0.72 -19.722450339163345
0.73 -19.719475462558378
0.74 -19.716453367516930
0.75 -19.713411626587384
0.76 -19.710378379017733
0.77 -19.707382046401509
0.78 -19.704451037021677
0.79 -19.701613442525542
0.80 -19.698896730851420
0.81 -19.696327439553752
0.82 -19.693930873828432
0.83 -19.691730813617177
0.84 -19.689749234162889
0.85 -19.688006044294021
0.86 -19.686518846533335
0.87 -19.685302722856218
0.88 -19.684370049570081
0.89 -19.683730344354547
0.90 -19.683390148001312
0.91 -19.683352942833000
0.92 -19.683619109174526
0.93 -19.684185920612173
0.94 -19.685047578120237
0.95 -19.686195282477474
0.96 -19.687617343751942
0.97 -19.689299326017903
0.98 -19.691224224896548
0.99 -19.693372674996301
1.00 -19.695723183879334
1.01 -19.698252388807685
1.02 -19.700935332231662
1.03 -19.703745751779472
1.04 -19.706656380391383
1.05 -19.709639252214448
1.06 -19.712666009930672
1.07 -19.715708209328593
1.08 -19.718737617137414
1.09 -19.721726498416714
1.10 -19.724647890122689
1.11 -19.727475857844254
1.12 -19.730185733107771
1.13 -19.732754329076965
1.14 -19.735160132914025
1.15 -19.737383473508658
1.16 -19.739406663715215
1.17 -19.741214116654426
1.18 -19.742792436030143
1.19 -19.744130480775013
1.20 -19.745219404669140
1.21 -19.746052671867595
1.22 -19.746626049525027
1.23 -19.746937578916661
1.24 -19.746987526625162
1.25 -19.746778317492655
1.26 -19.746314451128754
1.27 -19.745602403820573
1.28 -19.744650517712756
1.29 -19.743468879117390
1.30 -19.742069187779169
1.31 -19.740464618863477
1.32 -19.738669679358296
1.33 -19.736700060488580
1.34 -19.734572487636900
1.35 -19.732304569150841
1.36 -19.729914645298329
1.37 -19.727421638509586
1.38 -19.724844905921319
1.39 -19.722204095117441
1.40 -19.719519003842180
1.41 -19.716809444348353
1.42 -19.714095112936480
1.43 -19.711395465140217
1.44 -19.708729596921764
1.45 -19.706116132156801
1.46 -19.703573116613608
1.47 -19.701117918564425
1.48 -19.698767136109534
1.49 -19.696536511245448
1.50 -19.694440850667540
1.51 -19.692493953264652
1.52 -19.690708544237559
1.53 -19.689096215754677
1.54 -19.687667374046136
1.55 -19.686431192831229
1.56 -19.685395572973050
1.57 -19.684567108257848
1.58 -19.683951057204467
1.59 -19.683551320820207
1.60 -19.683370426233775
1.61 -19.683409516152139
1.62 -19.683668344106167
1.63 -19.684145275469081
1.64 -19.684837294251210
1.65 -19.685740015694027
1.66 -19.686847704705357
1.67 -19.688153300194905
1.68 -19.689648445385011
1.69 -19.691323524184650
1.70 -19.693167703724654
1.71 -19.695168983158606
1.72 -19.697314248835806
1.73 -19.699589335950009
1.74 -19.701979096759224
1.75 -19.704467475457566
1.76 -19.707037589759132
1.77 -19.709671819225786
1.78 -19.712351900334923
1.79 -19.715059028239544
1.80 -19.717773965120859
1.81 -19.720477154972688
1.82 -19.723148844587620
1.83 -19.725769210436439
1.84 -19.728318491045563
1.85 -19.730777124382211
1.86 -19.733125889654321
1.87 -19.735346052822802
1.88 -19.737419515008455
1.89 -19.739328962856259
1.90 -19.741058019797475
1.91 -19.742591397026665
1.92 -19.743915042889263
1.93 -19.745016289257546
1.94 -19.745883993362124
1.95 -19.746508673445391
1.96 -19.746882636516045
1.97 -19.747000096413306
1.98 -19.746857280339672
1.99 -19.746452521995426
2.00 -19.745786339450220
2.01 -19.744861495920738
2.02 -19.743683041691074
2.03 -19.742258335517597
2.04 -19.740597044004137
2.05 -19.738711117618116
2.06 -19.736614742244317
2.07 -19.734324265439575
2.08 -19.731858096857817
2.09 -19.729236582657485
2.10 -19.726481854078568
2.11 -19.723617650779286
2.12 -19.720669119946116
2.13 -19.717662592628010
2.14 -19.714625339187258
2.15 -19.711585306196056
2.16 -19.708570837529198
2.17 -19.705610382797982
2.18 -19.702732196628581
2.19 -19.699964032597624
2.20 -19.697332835889672
2.21 -19.694864438925521
2.22 -19.692583264319079
2.23 -19.690512039547940
2.24 -19.688671527663693
2.25 -19.687080278220762
2.26 -19.685754402367035
2.27 -19.684707375718645
2.28 -19.683949872239516
2.29 -19.683489631872114
2.30 -19.683331364128069
2.31 -19.683476689258555
2.32 -19.683924117997105
2.33 -19.684669070217208
2.34 -19.685703932188435
2.35 -19.687018151463743
2.36 -19.688598367802502
2.37 -19.690428577943084
2.38 -19.692490331499151
2.39 -19.694762954776682
2.40 -19.697223798904453
2.41 -19.699848508346470
2.42 -19.702611305625791
2.43 -19.705485287938675
2.44 -19.708442731275603
2.45 -19.711455397689402
2.46 -19.714494841456705
2.47 -19.717532710060269
2.48 -19.720541036168758
2.49 -19.723492517098396
2.50 -19.726360778596611
2.51 -19.729120620181487
2.52 -19.731748239690997
2.53 -19.734221435131975
2.54 -19.736519782360315
2.55 -19.738624787561118
2.56 -19.740520013921685
2.57 -19.742191182293908
2.58 -19.743626246018888
2.59 -19.744815440430422
2.60 -19.745751307861628
2.61 -19.746428699247140
2.62 -19.746844753640904
2.63 -19.746998857156086
2.64 -19.746892582979385
2.65 -19.746529614218456
2.66 -19.745915651410698
2.67 -19.745058306556338
2.68 -19.743966985542439
2.69 -19.742652760799796
2.70 -19.741128235985954
2.71 -19.739407404417985
2.72 -19.737505502892027
2.73 -19.735438862426530
2.74 -19.733224757355686
2.75 -19.730881254082384
2.76 -19.728427060678349
2.77 -19.725881378396231
2.78 -19.723263756035884
2.79 -19.720593947987496
2.80 -19.717891776658771
2.81 -19.715176999883706
2.82 -19.712469183807553
2.83 -19.709787581647202
2.84 -19.707151018639141
2.85 -19.704577783408393
2.86 -19.702085525922016
2.87 -19.699691162129643
2.88 -19.697410785340928
2.89 -19.695259584345681
2.90 -19.693251768246377
2.91 -19.691400497944322
2.92 -19.689717824199370
2.93 -19.688214632168545
2.94 -19.686900592320310
2.95 -19.685784117618159
2.96 -19.684872326869108
2.97 -19.684171014138851
2.98 -19.683684624145155
2.99 -19.683416233554148
3.00 -19.683367538119661
3.01 -19.683538845623112
3.02 -19.683929074590239
3.03 -19.684535758780367
3.04 -19.685355057463561
3.05 -19.686381771519983
3.06 -19.687609365414030
3.07 -19.689029995112090
3.08 -19.690634542027048
3.09 -19.692412653083974
3.10 -19.694352787009269
3.11 -19.696442266949578
3.12 -19.698667339525720
3.13 -19.701013240421101
3.14 -19.703464266591947
3.15 -19.706003855168682
3.16 -19.708614669092295
3.17 -19.711278689497043
3.18 -19.713977314810290
3.19 -19.716691466491440
3.20 -19.719401701274624
3.21 -19.722088329713827
3.22 -19.724731540754181
3.23 -19.727311531969928
3.24 -19.729808645017496
3.25 -19.732203505752661
3.26 -19.734477168353614
3.27 -19.736611262679009
3.28 -19.738588143971747
3.29 -19.740391043897894
3.30 -19.742004221787063
3.31 -19.743413114817947
3.32 -19.744604485773156
3.33 -19.745566566873688
3.34 -19.746289198098150
3.35 -19.746763958298878
3.36 -19.746984287349395
3.37 -19.746945597499277
3.38 -19.746645372076625
3.39 -19.746083249669169
3.40 -19.745261091935525
3.41 -19.744183033252025
3.42 -19.742855510490333
3.43 -19.741287271349403
3.44 -19.739489359833847
3.45 -19.737475077680202
3.46 -19.735259920783310
3.47 -19.732861489965579
3.48 -19.730299375760293
3.49 -19.727595017242997
3.50 -19.724771535337428
3.51 -19.721853541438644
3.52 -19.718866922628816
3.53 -19.715838605202038
3.54 -19.712796298654304
3.55 -19.709768222723650
3.56 -19.706782820471876
3.57 -19.703868460773478
3.58 -19.701053133907500
3.59 -19.698364144224072
3.60 -19.695827804069754
3.61 -19.693469133295455
3.62 -19.691311568731333
3.63 -19.689376687988709
3.64 -19.687683951837236
3.65 -19.686250469204953
3.66 -19.685090788561517
3.67 -19.684216719074726
3.68 -19.683637184484020
3.69 -19.683358112121020
3.70 -19.683382358937060
3.71 -19.683709675784286
3.72 -19.684336710553829
3.73 -19.685257050117464
3.74 -19.686461300363188
3.75 -19.687937202976038
3.76 -19.689669787008256
3.77 -19.691641552721233
3.78 -19.693832684678362
3.79 -19.696221290633613
3.80 -19.698783662403478
3.81 -19.701494554636721
3.82 -19.704327477210317
3.83 -19.707254996882295
3.84 -19.710249043822355
3.85 -19.713281218714659
3.86 -19.716323096279464
3.87 -19.719346521283281
3.88 -19.722323893392833
3.89 -19.725228437565939
3.90 -19.728034457052352
3.91 -19.730717566488408
3.92 -19.733254903000358
3.93 -19.735625313671754
3.94 -19.737809518170327
3.95 -19.739790245760151
3.96 -19.741552346337592
3.97 -19.743082875517366
3.98 -19.744371154152493
3.99 -19.745408802994234
4.00 -19.746189753482277
4.01 -19.746710235899460
4.02 -19.746968746327990
4.03 -19.746965994006178
4.04 -19.746704830806500
4.05 -19.746190164639803
4.06 -19.745428858638739
4.07 -19.744429617989091
4.08 -19.743202866263875
4.09 -19.741760613075702
4.10 -19.740116314800893
4.11 -19.738284730048875
4.12 -19.736281771454927
4.13 -19.734124355268008
4.14 -19.731830250090251
4.15 -19.729417926004700
4.16 -19.726906405205060
4.17 -19.724315115118436
4.18 -19.721663744890868
4.19 -19.718972105988382
4.20 -19.716259997554065
4.21 -19.713547077055907
4.22 -19.710852736661788
4.23 -19.708195985687443
4.24 -19.705595339381137
4.25 -19.703068714235560
4.26 -19.700633329952606
4.27 -19.698305618130934
4.28 -19.696101137698690
4.29 -19.694034497074515
4.30 -19.692119283008573
4.31 -19.690367996031181
4.32 -19.688791992419468
4.33 -19.687401432581499
4.34 -19.686205235752187
4.35 -19.685211040895219
4.36 -19.684425173709865
4.37 -19.683852619649855
4.38 -19.683497002873494
4.39 -19.683360571058707
4.40 -19.683444186033363
4.41 -19.683747320189656
4.42 -19.684268058670305
4.43 -19.685003107334257
4.44 -19.685947806528635
4.45 -19.687096150712417
4.46 -19.688440813994482
4.47 -19.689973181663657
4.48 -19.691683387801184
4.49 -19.693560359075107
4.50 -19.695591864821903
4.51 -19.697764573521503
4.52 -19.700064115768271
4.53 -19.702475153830758
4.54 -19.704981457877601
4.55 -19.707565988924369
4.56 -19.710210988526690
4.57 -19.712898075207480
4.58 -19.715608347560824
4.59 -19.718322493921001
4.60 -19.721020908422698
4.61 -19.723683813207149
4.62 -19.726291386448832
4.63 -19.728823895788917
4.64 -19.731261836664977
4.65 -19.733586074922393
4.66 -19.735777992982054
4.67 -19.737819638722897
4.68 -19.739693876117361
4.69 -19.741384536535193
4.70 -19.742876569508052
4.71 -19.744156191626182
4.72 -19.745211032121997
4.73 -19.746030273586435
4.74 -19.746604786165605
4.75 -19.746927253501138
4.76 -19.746992288610972
4.77 -19.746796537862238
4.78 -19.746338771167402
4.79 -19.745619956543312
4.80 -19.744643317212841
4.81 -19.743414369504041
4.82 -19.741940939914485
4.83 -19.740233159860743
4.84 -19.738303436825944
4.85 -19.736166400852877
4.86 -19.733838825604785
4.87 -19.731339523529623
4.88 -19.728689215013389
4.89 -19.725910371789169
4.90 -19.723027035276107
4.91 -19.720064610949866
4.92 -19.717049640284426
4.93 -19.714009552246953
4.94 -19.710972396761573
4.95 -19.707966562974740
4.96 -19.705020485543251
4.97 -19.702162342514832
4.98 -19.699419748670117
4.99 -19.696819448433704
5.00 -19.694387012631445
5.01 -19.692146543464244
5.02 -19.690120392078303
5.03 -19.688328893035465
5.04 -19.686790119821691
5.05 -19.685519665278949
5.06 -19.684530450507655
5.07 -19.683832565370142
5.08 -19.683433143237398
5.09 -19.683336272072427
5.10 -19.683542943345778
5.11 -19.684051039645730
5.12 -19.684855361192476
5.13 -19.685947690807016
5.14 -19.687316896238215
5.15 -19.688949068129368
5.16 -19.690827691324518
5.17 -19.692933846686696
5.18 -19.695246440137137
5.19 -19.697742455235964
5.20 -19.700397225317431
5.21 -19.703184720971503
5.22 -19.706077848531162
5.23 -19.709048755179669
5.24 -19.712069136333270
5.25 -19.715110541076243
5.26 -19.718144671621069
5.27 -19.721143673028241
5.28 -19.724080409738441
5.29 -19.726928725834316
5.30 -19.729663686348712
5.31 -19.732261797360813
5.32 -19.734701203059206
5.33 -19.736961858392537
5.34 -19.739025676363603
5.35 -19.740876649443386
5.36 -19.742500944980055
5.37 -19.743886974848035
5.38 -19.745025439919292
5.39 -19.745909350238282
5.40 -19.746534022042638
5.41 -19.746897052990494
5.42 -19.746998277133812
5.43 -19.746839701314535
5.44 -19.746425424759394
5.45 -19.745761543711211
5.46 -19.744856042962883
5.47 -19.743718676157787
5.48 -19.742360836690548
5.49 -19.740795420988913
5.50 -19.739036685884095
5.51 -19.737100101687297
5.52 -19.735002202487703
5.53 -19.732760435075303
5.54 -19.730393007773340
5.55 -19.727918740343394
5.56 -19.725356916002845
5.57 -19.722727136472496
5.58 -19.720049180853348
5.59 -19.717342869016889
5.60 -19.714627930085214
5.61 -19.711923876475463
5.62 -19.709249883889676
5.63 -19.706624677545431
5.64 -19.704066424865992
5.65 -19.701592634780361
5.66 -19.699220063724439
5.67 -19.696964628383554
5.68 -19.694841325174188
5.69 -19.692864156428300
5.70 -19.691046063216547
5.71 -19.689398864726893
5.72 -19.687933204101753
5.73 -19.686658500629328
5.74 -19.685582908182852
5.75 -19.684713279804235
5.76 -19.684055138335538
5.77 -19.683612653012361
5.78 -19.683388621946655
5.79 -19.683384460442525
5.80 -19.683600195106276
5.81 -19.684034463730814
5.82 -19.684684520954153
5.83 -19.685546249711159
5.84 -19.686614178516830
5.85 -19.687881504636952
5.86 -19.689340123218120
5.87 -19.690980662462863
5.88 -19.692792524946078
5.89 -19.694763935176297
5.90 -19.696881993508203
5.91 -19.699132736511004
5.92 -19.701501203890071
5.93 -19.703971512046156
5.94 -19.706526934336878
5.95 -19.709149988078352
5.96 -19.711822528290838
5.97 -19.714525848149879
5.98 -19.717240786054116
5.99 -19.719947839161676
6.00 -19.722627283179477
6.01 -19.725259298112928
6.02 -19.727824099598639
6.03 -19.730302075349019
6.04 -19.732673926136631
6.05 -19.734920810637799
6.06 -19.737024493340922
6.07 -19.738967494605877
6.08 -19.740733241839237
6.09 -19.742306220626471
6.10 -19.743672124540524
6.11 -19.744818002227159
6.12 -19.745732400255456
6.13 -19.746405500118545
6.14 -19.746829247679734
6.15 -19.746997473284999
6.16 -19.746906000708616
6.17 -19.746552743068111
6.18 -19.745937783841114
6.19 -19.745063441143849
6.20 -19.743934313491707
6.21 -19.742557305360105
6.22 -19.740941630999838
6.23 -19.739098795138108
6.24 -19.737042549414173
6.25 -19.734788823657375
6.26 -19.732355631413881
6.27 -19.729762949463996
6.28 -19.727032571441395
6.29 -19.724187936063025
6.30 -19.721253930899120
6.31 -19.718256673047335
6.32 -19.715223268516937
6.33 -19.712181552567142
6.34 -19.709159813668968
6.35 -19.706186504160691
6.36 -19.703289941033283
6.37 -19.700498000602003
6.38 -19.697837811084362
6.39 -19.695335447302931
6.40 -19.693015631855644
6.41 -19.690901447140011
6.42 -19.689014062575787
6.43 -19.687372481240910
6.44 -19.685993309917102
6.45 -19.684890556237026
6.46 -19.684075456238681
6.47 -19.683556335171893
6.48 -19.683338503875781
6.49 -19.683424192466124
6.50 -19.683812522450950
6.51 -19.684499517745596
6.52 -19.685478154400297
6.53 -19.686738448199527
6.54 -19.688267578658646
6.55 -19.690050047344020
6.56 -19.692067867892291
6.57 -19.694300784614100
6.58 -19.696726516148331
6.59 -19.699321020292381
6.60 -19.702058775878090
6.61 -19.704913077394803
6.62 -19.707856337981347
6.63 -19.710860396416042
6.64 -19.713896823823845
6.65 -19.716937225986914
6.66 -19.719953537381418
6.67 -19.722918303360224
6.68 -19.725804947248520
6.69 -19.728588019506294
6.70 -19.731243426527499
6.71 -19.733748637079476
6.72 -19.736082864827413
6.73 -19.738227225827291
6.74 -19.740164870298486
6.75 -19.741881088395008
6.76 -19.743363390076791
6.77 -19.744601559532892
6.78 -19.745587684923411
6.79 -19.746316164482998
6.80 -19.746783690264664
6.81 -19.746989210996819
6.82 -19.746933875680426
6.83 -19.746620959667126
6.84 -19.746055775035590
6.85 -19.745245567124964
6.86 -19.744199399093517
6.87 -19.742928026351315
6.88 -19.741443762671643
6.89 -19.739760339719741
6.90 -19.737892761654237
6.91 -19.735857156358648
6.92 -19.733670624751888
6.93 -19.731351089510493
6.94 -19.728917144414371
6.95 -19.726387905404941
6.96 -19.723782864321951
6.97 -19.721121746164677
6.98 -19.718424370607121
6.99 -19.715710518385702
7.00 -19.712999803073735
7.01 -19.710311548660059
7.02 -19.707664673260311
7.03 -19.705077579209156
7.04 -19.702568049710049
7.05 -19.700153152156272
7.06 -19.697849148182847
7.07 -19.695671410463103
7.08 -19.693634346226037
7.09 -19.691751327440794
7.10 -19.690034627591757
7.11 -19.688495364952047
7.12 -19.687143452253313
7.13 -19.685987552645802
7.14 -19.685035041843420
7.15 -19.684291976354139
7.16 -19.683763067705041
7.17 -19.683451662583956
7.18 -19.683359728834542
7.19 -19.683487847258839
7.20 -19.683835209199810
7.21 -19.684399619895700
7.22 -19.685177507617745
7.23 -19.686163938621856
7.24 -19.687352637963414
7.25 -19.688736016240959
7.26 -19.690305202349293
7.27 -19.692050082334443
7.28 -19.693959344451596
7.29 -19.696020530531786
7.30 -19.698220093763211
7.31 -19.700543462988268
7.32 -19.702975113606453
7.33 -19.705498645156563
7.34 -19.708096865627585
7.35 -19.710751882516675
7.36 -19.713445200613567
7.37 -19.716157826443684
7.38 -19.718870379246514
7.39 -19.721563208301628
7.40 -19.724216516341478
7.41 -19.726810488708477
7.42 -19.729325427823579
7.43 -19.731741892435394
7.44 -19.734040841013385
7.45 -19.736203778536609
7.46 -19.738212905812503
7.47 -19.740051270339059
7.48 -19.741702917600957
7.49 -19.743153041567307
7.50 -19.744388133038225
7.51 -19.745396124372419
7.52 -19.746166529020652
7.53 -19.746690574194485
7.54 -19.746961324918516
7.55 -19.746973797652053
7.56 -19.746725061625444
7.57 -19.746214326021665
7.58 -19.745443011148144
7.59 -19.744414801790828
7.60 -19.743135681025180
7.61 -19.741613942879269
7.62 -19.739860182404673
7.63 -19.737887261912292
7.64 -19.735710252372815
7.65 -19.733346349264441
7.66 -19.730814762471617
7.67 -19.728136580195105
7.68 -19.725334607220507
7.69 -19.722433178304719
7.70 -19.719457947869699
7.71 -19.716435657633095
7.72 -19.713393884246070
7.73 -19.710360769440285
7.74 -19.707364735598023
7.75 -19.704434190040558
7.76 -19.701597221669552
7.77 -19.698881293883826
7.78 -19.696312937919341
7.79 -19.693917450914721
7.80 -19.691718603081444
7.81 -19.689738358350350
7.82 -19.687996612771638
7.83 -19.686510954762390
7.84 -19.685296451025096
7.85 -19.684365461606223
7.86 -19.683727487131947
7.87 -19.683389050756766
7.88 -19.683353616800893
7.89 -19.683621547446329
7.90 -19.684190098223063
7.91 -19.685053452361288
7.92 -19.686202793428226
7.93 -19.687626415024333
7.94 -19.689309865699148
7.95 -19.691236126675349
7.96 -19.693385819453933
7.97 -19.695737439924777
7.98 -19.698267615233998
7.99 -19.700951379369393
8.00 -19.703762463221903
8.01 -19.706673594766116
8.02 -19.709656804975744
8.03 -19.712683735147728
8.04 -19.715725941445804
8.05 -19.718755192684199
8.06 -19.721743757646173
8.07 -19.724664678560405
8.08 -19.727492027730957
8.09 -19.730201144721836
8.10 -19.732768851925428
8.11 -19.735173646783213
8.12 -19.737395869368299
8.13 -19.739417844472115
8.14 -19.741223997754414
8.15 -19.742800945909028
8.16 -19.744137561161438
8.17 -19.745225010743923
8.18 -19.746056772285858
8.19 -19.746628626308649
8.20 -19.746938627225802
8.21 -19.746987054418376
8.22 -19.746776345085870
8.23 -19.746311010663710
8.24 -19.745597538653595
8.25 -19.744644281734750
8.26 -19.743461336015880
8.27 -19.742060410252805
8.28 -19.740454687799122
8.29 -19.738658682980393
8.30 -19.736688093489686
8.31 -19.734559650297850
8.32 -19.732290966458269
8.33 -19.729900386066468
8.34 -19.727406834512703
8.35 -19.724829671042301
8.36 -19.722188544517415
8.37 -19.719503253155352
8.38 -19.716793608905611
8.39 -19.714079307020693
8.40 -19.711379801275633
8.41 -19.708714185199330
8.42 -19.706101079596870
8.43 -19.703558526566940
8.44 -19.701103890152186
8.45 -19.698753763702587
8.46 -19.696523883982955
8.47 -19.694429052014769
8.48 -19.692483060609614
8.49 -19.690698628526064
8.50 -19.689087341163184
8.51 -19.687659597691919
8.52 -19.686424564519104
8.53 -19.685390134978142
8.54 -19.684562895143802
8.55 -19.683948095676527
8.56 -19.683549629612806
8.57 -19.683370016032189
8.58 -19.683410389548023
8.59 -19.683670495586750
8.60 -19.684148691440040
8.61 -19.684841953093269
8.62 -19.685745887853503
8.63 -19.686854752818906
8.64 -19.688161479248887
8.65 -19.689657702909980
8.66 -19.691333800485442
8.67 -19.693178932146743
8.68 -19.695181090391291
8.69 -19.697327155252893
8.70 -19.699602955988532
8.71 -19.701993339336749
8.72 -19.704482244428490
8.73 -19.707052784410255
8.74 -19.709687334811246
8.75 -19.712367628650330
8.76 -19.715074858234914
8.77 -19.717789783551588
8.78 -19.720492847087442
8.79 -19.723164294851564
8.80 -19.725784303287760
8.81 -19.728333111682719
8.82 -19.730791159578754
8.83 -19.733139228597508
8.84 -19.735358587971589
8.85 -19.737431142965715
8.86 -19.739339585249464
8.87 -19.741067544161222
8.88 -19.742599737679864
8.89 -19.743922121798985
8.90 -19.745022036880911
8.91 -19.745888349456980
8.92 -19.746511587840008
8.93 -19.746884069827544
8.94 -19.747000020704188
8.95 -19.746855679701667
8.96 -19.746449393049677
8.97 -19.745781691753077
8.98 -19.744855352264555
8.99 -19.743675438290087
9.00 -19.742249322069533
9.01 -19.740586683619231
9.02 -19.738699486608457
9.03 -19.736601929767762
9.04 -19.734310372994255
9.05 -19.731843237625096
9.06 -19.729220880693376
9.07 -19.726465443355796
9.08 -19.723600674084722
9.09 -19.720651727640735
9.10 -19.717644941279165
9.11 -19.714607590085532
9.12 -19.711567623771604
9.13 -19.708553387684752
9.14 -19.705593331178019
9.15 -19.702715706845954
9.16 -19.699948264440753
9.17 -19.697317943534653
9.18 -19.694850569178179
9.19 -19.692570554912727
9.20 -19.690500617522211
9.21 -19.688661507849329
9.22 -19.687071761854195
9.23 -19.685747475856857
9.24 -19.684702109583977
9.25 -19.683946320237752
9.26 -19.683487830330531
9.27 -19.683331331490514
9.28 -19.683478425854826
9.29 -19.683927606038939
9.30 -19.684674274020935
9.31 -19.685710798620523
9.32 -19.687026610601727
9.33 -19.688608333800232
9.34 -19.690439950085867
9.35 -19.692502995431461
9.36 -19.694776783882457
9.37 -19.697238655817983
9.38 -19.699864246570055
9.39 -19.702627771229388
9.40 -19.705502321316100
9.41 -19.708460168931584
9.42 -19.711473074032440
9.43 -19.714512590573275
9.44 -19.717550367447345
9.45 -19.720558440403220
9.46 -19.723509511423764
9.47 -19.726377212409840
9.48 -19.729136350404918
9.49 -19.731763132016994
9.50 -19.734235365130452
9.51 -19.736532636441872
9.52 -19.738636463791000
9.53 -19.740530422682280
9.54 -19.742200246795683
9.55 -19.743633902661859
9.56 -19.744821639020056
9.57 -19.745756011684875
9.58 -19.746431885015596
9.59 -19.746846411309487
9.60 -19.746998989626377
9.61 -19.746891205697683
9.62 -19.746526754679035
9.63 -19.745911348575046
9.64 -19.745052610199281
9.65 -19.743959955536027
9.66 -19.742644466345514
9.67 -19.741118754805576
9.68 -19.739396821912855
9.69 -19.737493911280072
9.70 -19.735426359865613
9.71 -19.733211447061272
9.72 -19.730867243446863
9.73 -19.728412460398520
9.74 -19.725866301614811
9.75 -19.723248317502218
9.76 -19.720578263241869
9.77 -19.717875961244150
9.78 -19.715161168588089
9.79 -19.712453449939510
9.80 -19.709772056346676
9.81 -19.707135810225115
9.82 -19.704562996764498
9.83 -19.702071261920953
9.84 -19.699677517096767
9.85 -19.697397850557170
9.86 -19.695247445589771
9.87 -19.693240505376025
9.88 -19.691390184516017
9.89 -19.689708527126239
9.90 -19.688206411415699
9.91 -19.686893500637055
9.92 -19.685778200306480
9.93 -19.684867621587795
9.94 -19.684167550742739
9.95 -19.683682424558992
9.96 -19.683415311680708
9.97 -19.683367899781786
9.98 -19.683540488539482
9.99 -19.683931988384831
10.00 -19.684539925025575
10.01 -19.685360449757173
10.02 -19.686388355596247
10.03 -19.687617099289163
10.04 -19.689038829264689
10.05 -19.690644419613921
10.06 -19.692423510191944
10.07 -19.694364552943611
10.08 -19.696454864559669
10.09 -19.698680685568519
10.10 -19.701027245963001
10.11 -19.703478837449499
10.12 -19.706018892388474
10.13 -19.708630069470175
10.14 -19.711294346136675
10.15 -19.713993117720669
10.16 -19.716707303222819
10.17 -19.719417457591845
10.18 -19.722103890305654
10.19 -19.724746789976830
10.20 -19.727326354622416
10.21 -19.729822927145882
10.22 -19.732217135479655
10.23 -19.734490036729412
10.24 -19.736623264548509
10.25 -19.738599178852589
10.26 -19.740401016863085
10.27 -19.742013044345221
10.28 -19.743420705783432
10.29 -19.744610772117831
10.30 -19.745571484551164
10.31 -19.746292692831055
10.32 -19.746765986318966
10.33 -19.746984816080065
10.34 -19.746944606169713
10.35 -19.746642852256656
10.36 -19.746079205713990
10.37 -19.745255541329605
10.38 -19.744176006841975
10.39 -19.742847052597131
10.40 -19.741277439751229
10.41 -19.739478225611901
10.42 -19.737462724921187
10.43 -19.735246446133925
10.44 -19.732847002036007
10.45 -19.730283994375942
10.46 -19.727578872545699
10.47 -19.724754766739842
10.48 -19.721836296438024
10.49 -19.718849355488860
10.50 -19.715820875514126
10.51 -19.712778569792032
10.52 -19.709750660206822
10.53 -19.706765590258694
10.54 -19.703851727501437
10.55 -19.701037059105506
10.56 -19.698348884519593
10.57 -19.695813509415888
10.58 -19.693455945243389
10.59 -19.691299618773808
10.60 -19.689366095999638
10.61 -19.687674824631767
10.62 -19.686242899242817
10.63 -19.685084852814601
10.64 -19.684212478077370
10.65 -19.683634681581797
10.66 -19.683357372930519
10.67 -19.683383391025760
10.68 -19.683712468575944
10.69 -19.684341235460987
10.70 -19.685263260898775
10.71 -19.686469133699578
10.72 -19.687946579256021
10.73 -19.689680611309260
10.74 -19.691653715970730
10.75 -19.693846064975872
10.76 -19.696235754712241
10.77 -19.698799067207908
10.78 -19.701510748993247
10.79 -19.704344303563502
10.80 -19.707272293072805
10.81 -19.710266644880456
10.82 -19.713298958644735
10.83 -19.716340809811818
10.84 -19.719364045571169
10.85 -19.722341069634368
10.86 -19.725245112532690
10.87 -19.728050484508707
10.88 -19.730732808488323
10.89 -19.733269231050581
10.90 -19.735638609753259
10.91 -19.737821675612178
10.92 -19.739801169962551
10.93 -19.741561955343112
10.94 -19.743091100431677
10.95 -19.744377939417735
10.96 -19.745414106520045
10.97 -19.746193546641038
10.98 -19.746712503393532
10.99 -19.746969485937925
11.00 -19.746965216229508
11.01 -19.746702558397534
11.02 -19.746186432061059
11.03 -19.745423711434945
11.04 -19.744423112094569
11.05 -19.743195067254135
11.06 -19.741751595373568
11.07 -19.740106160847258
11.08 -19.738273529447500
11.09 -19.736269620100259
11.10 -19.734111354464194
11.11 -19.731816505668981
11.12 -19.729403547448680
11.13 -19.726891504783300
11.14 -19.724299807038705
11.15 -19.721648144474099
11.16 -19.718956328869076
11.17 -19.716244158910083
11.18 -19.713531290870502
11.19 -19.710837115020123
11.20 -19.708180638109379
11.21 -19.705580372191633
11.22 -19.703054229973514
11.23 -19.700619426818793
11.24 -19.698292389475245
11.25 -19.696088671546693
11.26 -19.694022875693150
11.27 -19.692108582510603
11.28 -19.690358286017936
11.29 -19.688783335661302
11.30 -19.687393884735400
11.31 -19.686198845115840
11.32 -19.685205848197004
11.33 -19.684421211934144
11.34 -19.683849913897074
11.35 -19.683495570254703
11.36 -19.683360420624080
11.37 -19.683445318734552
11.38 -19.683749728875778
11.39 -19.684271728117672
11.40 -19.685008014309798
11.41 -19.685953919887321
11.42 -19.687103431529017
11.43 -19.688449215729968
11.44 -19.689982650366851
11.45 -19.691693862346131
11.46 -19.693571771434854
11.47 -19.695604140379203
11.48 -19.697777631417157
11.49 -19.700077869287608
11.50 -19.702489510828812
11.51 -19.704996321243332
11.52 -19.707581257084200
11.53 -19.710226555987386
11.54 -19.712913833138192
11.55 -19.715624184413770
11.56 -19.718338296090046
11.57 -19.721036560938508
11.58 -19.723699200467344
11.59 -19.726306392980952
11.60 -19.728838407043533
11.61 -19.731275739835652
11.62 -19.733599259788573
11.63 -19.735790352770394
11.64 -19.737831070981692
11.65 -19.739704283598122
11.66 -19.741393828074742
11.67 -19.742884660903638
11.68 -19.744163006495629
11.69 -19.745216502740021
11.70 -19.746034341687864
11.71 -19.746607403705518
11.72 -19.746928383361638
11.73 -19.746991905243902
11.74 -19.746794627856971
11.75 -19.746335333732802
11.76 -19.745615003893111
11.77 -19.744636874843966
11.78 -19.743406476358082
11.79 -19.741931648413114
11.80 -19.740222535806996
11.81 -19.738291559164548
11.82 -19.736153361284202
11.83 -19.733824728048802
11.84 -19.731324483438129
11.85 -19.728673358530934
11.86 -19.725893834765401
11.87 -19.723009962134753
11.88 -19.720047153421955
11.89 -19.717031956016143
11.90 -19.713991803294874
11.91 -19.710954747990680
11.92 -19.707949180376893
11.93 -19.705003534495937
11.94 -19.702145986001973
11.95 -19.699404145488259
11.96 -19.696804751408113
11.97 -19.694373366867406
11.98 -19.692134084659138
11.99 -19.690109244919906
12.00 -19.688319169711139
12.01 -19.686781918661982
12.02 -19.685513069557270
12.03 -19.684525527415655
12.04 -19.683829365185652
12.05 -19.683431698698758
12.06 -19.683336597969731
12.07 -19.683545036335914
12.08 -19.684054878294358
12.09 -19.684860906242179
12.10 -19.685954885667194
12.11 -19.687325667688324
12.12 -19.688959327223859
12.13 -19.690839334484405
12.14 -19.692946756959792
12.15 -19.695260488606650
12.16 -19.697757502554925
12.17 -19.700413123344966
12.18 -19.703201314486027
12.19 -19.706094976994827
12.20 -19.709066254528651
12.21 -19.712086840768759
12.22 -19.715128284832034
12.23 -19.718162290684994
12.24 -19.721161006796333
12.25 -19.724097302582813
12.26 -19.726945028567787
12.27 -19.729679257571956
12.28 -19.732276504679959
12.29 -19.734714924164642
12.30 -19.736974481992167
12.31 -19.739037102966293
12.32 -19.740886791990714
12.33 -19.742509729326770
12.34 -19.743894340093714
12.35 -19.745031338595417
12.36 -19.745913748356791
12.37 -19.746536899013190
12.38 -19.746898401415038
12.39 -19.746998102487790
12.40 -19.746838021524908
12.41 -19.746422269690019
12.42 -19.745756954566403
12.43 -19.744850071620093
12.44 -19.743711384440147
12.45 -19.742352295589928
12.46 -19.740785709849614
12.47 -19.739025891556896
12.48 -19.737088317662995
12.49 -19.734989528018730
12.50 -19.732746974293146
12.51 -19.730378868809023
12.52 -19.727904034457332
12.53 -19.725341756729854
12.54 -19.722711638786944
12.55 -19.720033460358717
12.56 -19.717327041163497
12.57 -19.714612109419072
12.58 -19.711908175920797
12.59 -19.709234414067087
12.60 -19.706609546127151
12.61 -19.704051735969291
12.62 -19.701578488399882
12.63 -19.699206555203720
12.64 -19.696951847925927
12.65 -19.694829357392909
12.66 -19.692853079935578
12.67 -19.691035950251091
12.68 -19.689389780819397
12.69 -19.687925207777763
12.70 -19.686651643148839
12.71 -19.685577233316042
12.72 -19.684708823642740
12.73 -19.684051929138743
12.74 -19.683610711088217
12.75 -19.683387959566687
12.76 -19.683385081790700
12.77 -19.683602096261602
12.78 -19.684037632683602
12.79 -19.684688937655952
12.80 -19.685551886158638
12.81 -19.686620998869763
12.82 -19.687889465370748
12.83 -19.689349173311374
12.84 -19.690990743620389
12.85 -19.692803571858104
12.86 -19.694775875814361
12.87 -19.696894749458419
12.88 -19.699146223345263
12.89 -19.701515331575724
12.90 -19.703986185394641
12.91 -19.706542053491539
12.92 -19.709165449041652
12.93 -19.711838223490812
12.94 -19.714541667045502
12.95 -19.717256615778862
12.96 -19.719963565204285
12.97 -19.722642790100362
12.98 -19.725274470294352
12.99 -19.727838822026161
13.00 -19.730316234421167
13.01 -19.732687410499178
13.02 -19.734933512038328
13.03 -19.737036307498670
13.04 -19.738978322091270
13.05 -19.740742988956587
13.06 -19.742314800292846
13.07 -19.743679457152830
13.08 -19.744824016509106
13.09 -19.745737034075095
13.10 -19.746408701266823
13.11 -19.746830974599817
13.12 -19.746997695741833
13.13 -19.746904700387898
13.14 -19.746549914093787
13.15 -19.745933433200562
13.16 -19.745057589010106
13.17 -19.743926993432705
13.18 -19.742548564425363
13.19 -19.740931529676175
13.20 -19.739087407166902
13.21 -19.737029961464234
13.22 -19.734775134849045
13.23 -19.732340952691835
13.24 -19.729747402818354
13.25 -19.727016288978799
13.26 -19.724171058932058
13.27 -19.721236608076556
13.28 -19.718239059994609
13.29 -19.715205525718595
13.30 -19.712163843965655
13.31 -19.709142305012630
13.32 -19.706169361283695
13.33 -19.703273328088958
13.34 -19.700482078271929
13.35 -19.697822734787533
13.36 -19.695321365429944
13.37 -19.693002684053468
13.38 -19.690889762672885
13.39 -19.689003758787290
13.40 -19.687363662141230
13.41 -19.685986064918001
13.42 -19.684884959054962
13.43 -19.684071563984105
13.44 -19.683554187639807
13.45 -19.683338123049431
13.46 -19.683425582242215
13.47 -19.683815668590956
13.48 -19.684504388054076
13.49 -19.685484699127088
13.50 -19.686746600659145
13.51 -19.688277256056413
13.52 -19.690061151795167
13.53 -19.692080287617262
13.54 -19.694314395290554
13.55 -19.696741182398171
13.56 -19.699336597280393
13.57 -19.702075110997484
13.58 -19.704930012014280
13.59 -19.707873709228142
13.60 -19.710878038969579
13.61 -19.713914571695469
13.62 -19.716954914262381
13.63 -19.719971003904266
13.64 -19.722935390336236
13.65 -19.725821502753377
13.66 -19.728603898881175
13.67 -19.731258493649580
13.68 -19.733762765497069
13.69 -19.736095938751902
13.70 -19.738239140976702
13.71 -19.740175534589781
13.72 -19.741890422484730
13.73 -19.743371327751642
13.74 -19.744608047953847
13.75 -19.745592684728706
13.76 -19.746319649756810
13.77 -19.746785648379507
13.78 -19.746989642338804
13.79 -19.746932793267195
13.80 -19.746618388668868
13.81 -19.746051752209947
13.82 -19.745240140176673
13.83 -19.744192625969639
13.84 -19.742919974482817
13.85 -19.741434508171558
13.86 -19.739749966547929
13.87 -19.737881360758060
13.88 -19.735844824798342
13.89 -19.733657464818776
13.90 -19.731337207845421
13.91 -19.728902651133104
13.92 -19.726372913236510
13.93 -19.723767487765187
13.94 -19.721106100667587
13.95 -19.718408571772958
13.96 -19.715694681209083
13.97 -19.712984041209488
13.98 -19.710295973726943
13.99 -19.707649394181331
14.00 -19.705062701589675
14.01 -19.702553675254496
14.02 -19.700139378124032
14.03 -19.697836066883465
14.04 -19.695659108790775
14.05 -19.693622905233187
14.06 -19.691740821950305
14.07 -19.690025125847406
14.08 -19.688486928306517
14.09 -19.687136134893244
14.10 -19.685981401353153
14.11 -19.685030095792666
14.12 -19.684288266944638
14.13 -19.683760618428135
14.14 -19.683450488924386
14.15 -19.683359838205835
14.16 -19.683489238972470
14.17 -19.683837874468018
14.18 -19.684403541868019
14.19 -19.685182661451282
14.20 -19.686170291585654
14.21 -19.687360149577156
14.22 -19.688744638448480
14.23 -19.690314879727392
14.24 -19.692060752337593
14.25 -19.693970937693127
14.26 -19.696032971102166
14.27 -19.698233299586054
14.28 -19.700557346214612
14.29 -19.702989581047795
14.30 -19.705513598757037
14.31 -19.708112202975457
14.32 -19.710767497395178
14.33 -19.713460983590796
14.34 -19.716173665501042
14.35 -19.718886160444789
14.36 -19.721578816483383
14.37 -19.724231835868032
14.38 -19.726825404229210
14.39 -19.729339825074753
14.40 -19.731755659065094
14.41 -19.734053867428536
14.42 -19.736215958767382
14.43 -19.738224138388713
14.44 -19.740061459172406
14.45 -19.741711972866337
14.46 -19.743160880575555
14.47 -19.744394681092178
14.48 -19.745401315597313
14.49 -19.746170307159439
14.50 -19.746692893358020
14.51 -19.746962150280240
14.52 -19.746973106076428
14.53 -19.746722842219260
14.54 -19.746210580597310
14.55 -19.745437754588149
14.56 -19.744408062303346
14.57 -19.743127500280632
14.58 -19.741604376019250
14.59 -19.739849297915221
14.60 -19.737875141354980
14.61 -19.735696989968599
14.62 -19.733332051326965
14.63 -19.730799546688747
14.64 -19.728120574759483
14.65 -19.725317949812396
14.66 -19.722416014932787
14.67 -19.719440431577990
14.68 -19.716417947084981
14.69 -19.713376142198474
14.70 -19.710343161124129
14.71 -19.707347427022928
14.72 -19.704417346244099
14.73 -19.701581004933207
14.74 -19.698865861939147
14.75 -19.696298442169113
14.76 -19.693904034694484
14.77 -19.691706399986998
14.78 -19.689727490656519
14.79 -19.687987189966805
14.80 -19.686503072221988
14.81 -19.685290188845354
14.82 -19.684360883617231
14.83 -19.683724640106323
14.84 -19.683387963827148
14.85 -19.683354301096045
14.86 -19.683623995951955
14.87 -19.684194285869719
14.88 -19.685059336337915
14.89 -19.686210313715971
14.90 -19.687635495141667
14.91 -19.689320413645884
14.92 -19.691248036059847
14.93 -19.693398970785108
14.94 -19.695751702048000
14.95 -19.698282846888084
14.96 -19.700967430840539
14.97 -19.703779178069279
14.98 -19.706690811593599
14.99 -19.709674359224351
15.00 -19.712701460883778
15.01 -19.715743673120958
15.02 -19.718772766844928
15.03 -19.721761014571914
15.04 -19.724681463811852
15.05 -19.727508193591991
15.06 -19.730216551521341
15.07 -19.732783369227477
15.08 -19.735187154436890
15.09 -19.737408258410913
15.10 -19.739429017881992
15.11 -19.741233871051993
15.12 -19.742809447606902
15.13 -19.744144633066373
15.14 -19.745230608115392
15.15 -19.746060863857366
15.16 -19.746631194179479
15.17 -19.746939666631842
15.18 -19.746986573391631
15.19 -19.746774364012857
15.20 -19.746307561753415
15.21 -19.745592665325809
15.22 -19.744638037939716
15.23 -19.743453785495984
15.24 -19.742051625756861
15.25 -19.740444750259297
15.26 -19.738647680661376
15.27 -19.736676121119181
15.28 -19.734546808186703
15.29 -19.732277359617960
15.30 -19.729886123331006
15.31 -19.727392027671101
15.32 -19.724814433987287
15.33 -19.722172992415182
15.34 -19.719487501640554
15.35 -19.716777773305157
15.36 -19.714063501609218
15.37 -19.711364138565109
15.38 -19.708698775264619
15.39 -19.706086029438602
15.40 -19.703543939512809
15.41 -19.701089865297121
15.42 -19.698740395388299
15.43 -19.696511261316758
15.44 -19.694417258427620
15.45 -19.692472173452973
15.46 -19.690688718707165
15.47 -19.689078472818139
15.48 -19.687651827896040
15.49 -19.686417943033891
15.50 -19.685384704034245
15.51 -19.684558689259415
15.52 -19.683945141510709
15.53 -19.683547945853231
15.54 -19.683369613317044
15.55 -19.683411270421683
15.56 -19.683672654489214
15.57 -19.684152114729990
15.58 -19.684846619104860
15.59 -19.685751766987103
15.60 -19.686861807666052
15.61 -19.688169664751875
15.62 -19.689666966556508
15.63 -19.691344082538954
15.64 -19.693190165912977
15.65 -19.695193202521693
15.66 -19.697340066085516
15.67 -19.699616579926968
15.68 -19.702007585267669
15.69 -19.704497016178181
15.70 -19.707067981240417
15.71 -19.709702851954138
15.72 -19.712383357883141
15.73 -19.715090688492946
15.74 -19.717805601579418
15.75 -19.720508538127042
15.76 -19.723179743365719
15.77 -19.725799393716773
15.78 -19.728347729231849
15.79 -19.730805191033177
15.80 -19.733152563161063
15.81 -19.735371118124853
15.82 -19.737442765338315
15.83 -19.739350201500756
15.84 -19.741077061862843
15.85 -19.742608071192841
15.86 -19.743929193137490
15.87 -19.745027776553979
15.88 -19.745892697279015
15.89 -19.746514493700179
15.90 -19.746885494407870
15.91 -19.746999936135722
15.92 -19.746854070147840
15.93 -19.746446255205996
15.94 -19.745777035252310
15.95 -19.744849199976922
15.96 -19.743667826508410
15.97 -19.742240300570096
15.98 -19.740576315590015
15.99 -19.738687848437650
16.00 -19.736589110686793
16.01 -19.734296474571440
16.02 -19.731828373107724
16.03 -19.729205174198210
16.04 -19.726449028910302
16.05 -19.723583694523665
16.06 -19.720634333365382
16.07 -19.717627288888806
16.08 -19.714589840893744
16.09 -19.711549942222032
16.10 -19.708535939683703
16.11 -19.705576282363282
16.12 -19.702699220813280
16.13 -19.699932500951014
16.14 -19.697303056725993
16.15 -19.694836705808395
16.16 -19.692557852657380
16.17 -19.690489203353987
16.18 -19.688651496523576
16.19 -19.687063254524290
16.20 -19.685740558841623
16.21 -19.684696853307113
16.22 -19.683942778356734
16.23 -19.683486039069432
16.24 -19.683331309187995
16.25 -19.683480172734811
16.26 -19.683931104207932
16.27 -19.684679487691987
16.28 -19.685717674560067
16.29 -19.687035078791730
16.30 -19.688618308304591
16.31 -19.690451330106622
16.32 -19.692515666537432
16.33 -19.694790619390410
16.34 -19.697253518304159
16.35 -19.699879989488405
16.36 -19.702644240611651
16.37 -19.705519357528193
16.38 -19.708477608460836
16.39 -19.711490751280344
16.40 -19.714530339629565
16.41 -19.717568023822196
16.42 -19.720575842696213
16.43 -19.723526502910094
16.44 -19.726393642526510
16.45 -19.729152076121927
16.46 -19.731778019081236
16.47 -19.734249289172421
16.48 -19.736545483937924
16.49 -19.738648132876442
16.50 -19.740540823812971
16.51 -19.742209303258125
16.52 -19.743641550933752
16.53 -19.744827828985407
16.54 -19.745760706709209
16.55 -19.746435061888413
16.56 -19.746848060062156
16.57 -19.746999113234907
16.58 -19.746889819680170
16.59 -19.746523886598396
16.60 -19.745907037457780
16.61 -19.745046905881249
16.62 -19.743952917945954
16.63 -19.742636164736954
16.64 -19.741109266947547
16.65 -19.739386233248986
16.66 -19.737482314065481
16.67 -19.735413852290208
16.68 -19.733198132367441
16.69 -19.730853229048783
16.70 -19.728397857009721
16.71 -19.725851222389803
16.72 -19.723232877197294
16.73 -19.720562577399583
16.74 -19.717860145405233
16.75 -19.715145337533979
16.76 -19.712437716968086
16.77 -19.709756532583299
16.78 -19.707120603970459
16.79 -19.704548212880443
16.80 -19.702057001255195
16.81 -19.699663875946637
16.82 -19.697384920172812
16.83 -19.695235311716544
16.84 -19.693229247835966
16.85 -19.691379876827821
16.86 -19.689699236163364
16.87 -19.688198197101904
16.88 -19.686886415678856
16.89 -19.685772289961818
16.90 -19.684862923470380
16.91 -19.684164094661487
16.92 -19.683680232392103
16.93 -19.683414397283965
16.94 -19.683368268930803
16.95 -19.683542138905676
16.96 -19.683934909545055
16.97 -19.684544098505462
16.98 -19.685365849108294
16.99 -19.686394946507384
17.00 -19.687624839732013
17.01 -19.689047669674490
17.02 -19.690654303105482
17.03 -19.692434372811661
17.04 -19.694376323958132
17.05 -19.696467466781748
17.06 -19.698694035720724
17.07 -19.701041255079790
17.08 -19.703493411318181
17.09 -19.706033932029296
17.10 -19.708645471655803
17.11 -19.711310003950942
17.12 -19.714008921156356
17.13 -19.716723139817784
17.14 -19.719433213102555
17.15 -19.722119449416748
17.16 -19.724762037044837
17.17 -19.727341174451261
17.18 -19.729837205791309
17.19 -19.732230761078956
17.20 -19.734502900352396
17.21 -19.736635261064770
17.22 -19.738610207809607
17.23 -19.740410983368857
17.24 -19.742021859948451
17.25 -19.743428289343623
17.26 -19.744617050656860
17.27 -19.745576394077382
17.28 -19.746296179126286
17.29 -19.746768005678309
17.30 -19.746985335994065
17.31 -19.746943605938061
17.32 -19.746640323522556
17.33 -19.746075152908301
17.34 -19.745249982014169
17.35 -19.744168971941782
17.36 -19.742838586511827
17.37 -19.741267600337160
17.38 -19.739467084027119
17.39 -19.737450365327092
17.40 -19.735232965248841
17.41 -19.732832508537861
17.42 -19.730268608153057
17.43 -19.727562723797146
17.44 -19.724737994929004
17.45 -19.721819049105552
17.46 -19.718831786933805
17.47 -19.715803145354517
17.48 -19.712760841418795
17.49 -19.709733099147336
17.50 -19.706748362468588
17.51 -19.703834997605277
17.52 -19.701020988608811
17.53 -19.698333630016016
17.54 -19.695799220814461
17.55 -19.693442764041365
17.56 -19.691287676400584
17.57 -19.689355512257013
17.58 -19.687665706254773
17.59 -19.686235338603982
17.60 -19.685078926792507
17.61 -19.684208247108092
17.62 -19.683632188908870
17.63 -19.683356644065970
17.64 -19.683384433431304
17.65 -19.683715271569707
17.66 -19.684345770351282
17.67 -19.685269481342782
17.68 -19.686476976280737
17.69 -19.687955964270522
17.70 -19.689691443748472
17.71 -19.691665886683335
17.72 -19.693859451990736
17.73 -19.696250224700695
17.74 -19.698814477062388
17.75 -19.701526947497726
17.76 -19.704361133130519
17.77 -19.707289591521427
17.78 -19.710284247229826
17.79 -19.713316698898424
17.80 -19.716358522709410
17.81 -19.719381568284888
17.82 -19.722358243390506
17.83 -19.725261784139587
17.84 -19.728066507775466
17.85 -19.730748045520787
17.86 -19.733283553413770
17.87 -19.735651899491938
17.88 -19.737833826123868
17.89 -19.739812086719667
17.90 -19.741571556463349
17.91 -19.743099317097837
17.92 -19.744384716150247
17.93 -19.745419401307203
17.94 -19.746197330933462
17.95 -19.746714761970722
17.96 -19.746970216655729
17.97 -19.746964429658373
17.98 -19.746700277361722
17.99 -19.746182691089615
18.00 -19.745418556135238
18.01 -19.744416598459381
18.02 -19.743187260912908
18.03 -19.741742570798330
18.04 -19.740096000523177
18.05 -19.738262323017565
18.06 -19.736257463493011
18.07 -19.734098349012751
18.08 -19.731802757228859
18.09 -19.729389165521329
18.10 -19.726876601651476
18.11 -19.724284496919026
18.12 -19.721632542691633
18.13 -19.718940551057855
18.14 -19.716228320243115
18.15 -19.713515505321968
18.16 -19.710821494662124
18.17 -19.708165292444942
18.18 -19.705565407525295
18.19 -19.703039748820441
18.20 -19.700605527352920
18.21 -19.698279165016746
18.22 -19.696076210088773
18.23 -19.694011259467967
18.24 -19.692097887593938
18.25 -19.690348581972174
18.26 -19.688774685216099
18.27 -19.687386343505491
18.28 -19.686192461355343
18.29 -19.685200662589608
18.30 -19.684417257418598
18.31 -19.683847215527514
18.32 -19.683494145095338
18.33 -19.683360277677934
18.34 -19.683446458905983
18.35 -19.683752144966729
18.36 -19.684275404857505
18.37 -19.685012928418985
18.38 -19.685960040175054
18.39 -19.687110719025139
18.40 -19.688457623851598
18.41 -19.689992125120241
18.42 -19.691704342564265
18.43 -19.693583189051395
18.44 -19.695616420739459
18.45 -19.697790693626619
18.46 -19.700091626598663
18.47 -19.702503871066153
18.48 -19.705011187268390
18.49 -19.707596527298932
18.50 -19.710242124877361
18.51 -19.712929591854870
18.52 -19.715640021395441
18.53 -19.718354097720560
18.54 -19.721052212242689
18.55 -19.723714585841332
18.56 -19.726321396955349
18.57 -19.728852915076672
18.58 -19.731289639133699
18.59 -19.733612440148576
18.60 -19.735802707441668
18.61 -19.737842497540314
18.62 -19.739714684828549
18.63 -19.741403112851852
18.64 -19.742892745067824
18.65 -19.744169813712798
18.66 -19.745221965337780
18.67 -19.746038401458478
18.68 -19.746610012665805
18.69 -19.746929504459377
18.70 -19.746991513000165
18.71 -19.746792708933416
18.72 -19.746331887413120
18.73 -19.745610042467796
18.74 -19.744630423888019
18.75 -19.743398574891735
18.76 -19.741922348936495
18.77 -19.740211904200613
18.78 -19.738279674448787
18.79 -19.736140315232404
18.80 -19.733810624650335
18.81 -19.731309438209724
18.82 -19.728657497676753
18.83 -19.725877294188514
18.84 -19.722992886305303
18.85 -19.720029694109616
18.86 -19.717014270897284
18.87 -19.713974054447185
18.88 -19.710937100290661
18.89 -19.707931799817917
18.90 -19.704986586446708
18.91 -19.702129633427191
18.92 -19.699388547154804
18.93 -19.696790060101250
18.94 -19.694359727642372
18.95 -19.692121633153651
18.96 -19.690098105753041
18.97 -19.688309454993242
18.98 -19.686773726639093
18.99 -19.685506483411793
19.00 -19.684520614242828
19.01 -19.683826175162618
19.02 -19.683430264460153
19.03 -19.683336934200213
19.04 -19.683547139586519
19.05 -19.684058727025793
19.06 -19.684866461094323
19.07 -19.685962089950209
19.08 -19.687334448087142
19.09 -19.688969594704258
19.10 -19.690850985385584
19.11 -19.692959674255583
19.12 -19.695274543314870
19.13 -19.697772555272479
19.14 -19.700429025884659
19.15 -19.703217911590112
19.16 -19.706112108099695
19.17 -19.709083755555177
19.18 -19.712104545913231
19.19 -19.715146028333546
19.20 -19.718179908546531
19.21 -19.721178338438516
19.22 -19.724114192411150
19.23 -19.726961327436751
19.24 -19.729694824131339
19.25 -19.732291206591707
19.26 -19.734728639180837
19.27 -19.736987098887422
19.28 -19.739048522320292
19.29 -19.740896926819097
19.30 -19.742518505560717
19.31 -19.743901696910729
19.32 -19.745037228605597
19.33 -19.745918137650573
19.34 -19.746539767077884
19.35 -19.746899740928693
19.36 -19.746997918999785
19.37 -19.746836333033407
19.38 -19.746419106126822
19.39 -19.745752357200068
19.40 -19.744844092388227
19.41 -19.743704085221662
19.42 -19.742343747427810
19.43 -19.740775992134409
19.44 -19.739015091180626
19.45 -19.737076528152631
19.46 -19.734976848657713
19.47 -19.732733509238841
19.48 -19.730364726213200
19.49 -19.727889325596138
19.50 -19.725326595148900
19.51 -19.722696139466589
19.52 -19.720017738903788
19.53 -19.717311213021187
19.54 -19.714596289127975
19.55 -19.711892476393654
19.56 -19.709218945909132
19.57 -19.706594416991592
19.58 -19.704037049950987
19.59 -19.701564345467826
19.60 -19.699193050672857
19.61 -19.696939071968252
19.62 -19.694817394587830
19.63 -19.692842008859181
19.64 -19.691025843103890
19.65 -19.689380703092066
19.66 -19.687917217954190
19.67 -19.686644792445950
19.68 -19.685571565459743
19.69 -19.684704374679406
19.70 -19.684048727281699
19.71 -19.683608776598764
19.72 -19.683387304669289
19.73 -19.683385710622073
19.74 -19.683604004853507
19.75 -19.684040808979269
19.76 -19.684693361560278
19.77 -19.685557529622212
19.78 -19.686627826007062
19.79 -19.687897432612885
19.80 -19.689358229593829
19.81 -19.691000830606288
19.82 -19.692814624197599
19.83 -19.694787821440752
19.84 -19.696907509921623
19.85 -19.699159714183260
19.86 -19.701529462724462
19.87 -19.704000861636874
19.88 -19.706557174944898
19.89 -19.709180911686079
19.90 -19.711853919735223
19.91 -19.714557486333408
19.92 -19.717272445232148
19.93 -19.719979290304156
19.94 -19.722658295403985
19.95 -19.725289640185220
19.96 -19.727853541495691
19.97 -19.730330389878564
19.98 -19.732700890605809
19.99 -19.734946208562391
20.00 -19.737048116185154
