0.0 30.0480
0.005 29.7268
0.01 28.6039
0.015 26.4644
0.02 23.4769
0.025 19.9060
0.03 16.1041
0.035 12.4830
0.04 9.4547
0.045 7.3473
0.05 6.3416
0.055 6.4381
0.06 7.4495
0.065 9.0683
0.07 10.9505
0.075 12.7783
0.08 14.3128
0.085 15.4190
0.09 16.0746
0.095 16.3194
0.1 16.2317
0.105 15.9368
0.11 15.5485
0.115 15.1741
0.12 14.9107
0.125 14.8218
0.13 14.9593
0.135 15.3405
0.14 15.9063
0.145 16.5763
0.15 17.2648
0.155 17.8679
0.16 18.3122
0.165 18.5186
0.17 18.4361
0.175 18.1244
0.18 17.6507
0.185 17.0698
0.19 16.4983
0.195 16.0451
0.2 15.7769
0.205 15.7462
0.21 15.9585
0.215 16.3758
0.22 16.9057
0.225 17.4452
0.23 17.9295
0.235 18.2790
0.24 18.4391
0.245 18.3948
0.25 18.1642
0.255 17.7806
0.26 17.2808
0.265 16.7080
0.27 16.0897
0.275 15.4682
0.28 14.8547
0.285 14.2578
0.29 13.7066
0.295 13.2327
0.3 12.8662
0.305 12.6322
0.31 12.5390
0.315 12.5672
0.32 12.6781
0.325 12.8465
0.33 13.0715
0.335 13.3633
0.34 13.7426
0.345 14.2413
0.35 14.8665
0.355 15.6072
0.36 16.4384
0.365 17.3163
0.37 18.1902
0.375 19.0097
0.38 19.7190
0.385 20.2664
0.39 20.6064
0.395 20.7275
0.4 20.5977
0.405 20.1785
0.41 19.4749
0.415 18.5233
0.42 17.3849
0.425 16.1548
0.43 14.9149
0.435 13.7239
0.44 12.6880
0.445 11.9063
0.45 11.4600
0.455 11.3957
0.46 11.7027
0.465 12.3460
0.47 13.2407
0.475 14.2669
0.48 15.3119
0.485 16.2753
0.49 17.0711
0.495 17.6574
0.5 18.0052
0.505 18.0953
0.51 17.9681
0.515 17.6913
0.52 17.3543
0.525 17.0331
0.53 16.7701
0.535 16.5755
0.54 16.4627
0.545 16.4277
0.55 16.4251
0.555 16.4193
0.56 16.3880
0.565 16.3142
0.57 16.1986
0.575 16.0412
0.58 15.8591
0.585 15.6679
0.59 15.4730
0.595 15.3052
0.6 15.2021
0.605 15.1800
0.61 15.2176
0.615 15.2816
0.62 15.3447
0.625 15.3731
0.63 15.3379
0.635 15.2498
0.64 15.1256
0.645 15.0048
0.65 14.9528
0.655 14.9911
0.66 15.1145
0.665 15.3159
0.67 15.5769
0.675 15.8642
0.68 16.1196
0.685 16.2801
0.69 16.3222
0.695 16.2486
0.7 16.0750
0.705 15.8460
0.71 15.6458
0.715 15.5040
0.72 15.4039
0.725 15.3812
0.73 15.4452
0.735 15.5704
0.74 15.7545
0.745 16.0053
0.75 16.3402
0.755 16.7463
0.76 17.1829
0.765 17.6250
0.77 18.0266
0.775 18.3057
0.78 18.3900
0.785 18.2554
0.79 17.8952
0.795 17.3026
0.8 16.5216
0.805 15.6565
0.81 14.8478
0.815 14.1957
0.82 13.7779
0.825 13.6258
0.83 13.6935
0.835 13.9181
0.84 14.2063
0.845 14.4865
0.85 14.7203
0.855 14.8999
0.86 15.0719
0.865 15.3063
0.87 15.6363
0.875 16.0778
0.88 16.6178
0.885 17.2186
0.89 17.8213
0.895 18.3470
0.9 18.7286
0.905 18.8864
0.91 18.7907
0.915 18.4490
0.92 17.9302
0.925 17.3398
0.93 16.7631
0.935 16.2414
0.94 15.7863
0.945 15.4188
0.95 15.1341
0.955 14.8901
0.96 14.6713
0.965 14.4896
0.97 14.3641
0.975 14.3165
0.98 14.3640
0.985 14.5049
0.99 14.7239
0.995 15.0064
1.0 15.3250
1.01 15.6574
1.01 15.9949
1.02 16.3482
1.02 16.7588
1.03 17.1839
1.03 17.5543
1.03 17.8668
1.04 18.0708
1.04 18.1017
1.05 17.9588
1.05 17.6754
1.06 17.2829
1.06 16.8277
1.07 16.3700
1.07 15.9853
1.08 15.7366
1.08 15.6638
1.09 15.7561
1.09 15.9512
1.1 16.1995
1.1 16.4356
1.11 16.5920
1.11 16.6328
1.12 16.5571
1.12 16.3855
1.13 16.1605
1.13 15.9239
1.14 15.7273
1.14 15.6016
1.15 15.5357
1.15 15.5159
1.16 15.5542
1.16 15.6572
1.17 15.7920
1.17 15.9040
1.18 15.9376
1.18 15.8514
1.19 15.6261
1.19 15.2841
1.2 14.8642
1.2 14.4300
1.21 14.0457
1.21 13.7704
1.22 13.6401
1.22 13.6565
1.23 13.8115
1.23 14.1029
1.24 14.5345
1.24 15.0758
1.25 15.7098
1.25 16.4419
1.26 17.2493
1.26 18.1035
1.27 18.9438
1.27 19.6747
1.28 20.2446
1.28 20.6158
1.29 20.7325
1.29 20.5835
1.3 20.2050
1.3 19.6254
1.31 18.8985
1.31 18.0986
1.32 17.2743
1.32 16.4554
1.33 15.6732
1.33 14.9374
1.34 14.2435
1.34 13.6072
1.35 13.0728
1.35 12.6823
1.36 12.4401
1.36 12.3736
1.37 12.5181
1.37 12.8966
1.38 13.4960
1.38 14.2743
1.39 15.1534
1.39 16.0126
1.4 16.7349
1.4 17.2324
1.41 17.4742
1.41 17.4767
1.42 17.2638
1.42 16.9064
1.43 16.4842
1.43 16.0622
1.44 15.7229
1.44 15.5171
1.45 15.4524
1.45 15.5105
1.46 15.6613
1.46 15.8679
1.47 16.1059
1.47 16.3389
1.48 16.5297
1.48 16.6490
1.49 16.7035
1.49 16.7144
1.5 16.7056
1.5 16.7210
1.51 16.7607
1.51 16.7939
1.52 16.8153
1.52 16.8245
1.53 16.8125
1.53 16.7605
1.54 16.6424
1.54 16.4808
1.55 16.2903
1.55 16.0678
1.56 15.8680
1.56 15.7433
1.57 15.6816
1.57 15.6642
1.58 15.6886
1.58 15.7255
1.59 15.7395
1.59 15.7290
1.6 15.7108
1.6 15.6824
1.61 15.6237
1.61 15.5334
1.62 15.4278
1.62 15.3259
1.63 15.2352
1.63 15.1686
1.64 15.1682
1.64 15.2543
1.65 15.4352
1.65 15.7260
1.66 16.1296
1.66 16.6283
1.67 17.1764
1.67 17.7110
1.68 18.1838
1.68 18.5538
1.69 18.7479
1.69 18.6856
1.7 18.3340
1.7 17.6918
1.71 16.7960
1.71 15.7252
1.72 14.5874
1.72 13.5188
1.73 12.6512
1.73 12.1141
1.74 12.0097
1.74 12.3515
1.75 13.0669
1.75 14.0259
1.76 15.0891
1.76 16.1293
1.77 17.0402
1.77 17.7848
1.78 18.3448
1.78 18.7056
1.79 18.8964
1.79 18.9482
1.8 18.8757
1.8 18.7213
1.81 18.5056
1.81 18.2341
1.82 17.9126
1.82 17.5310
1.83 17.0955
1.83 16.6032
1.84 16.0644
1.84 15.5121
1.85 15.0150
1.85 14.6488
1.86 14.4729
1.86 14.5149
1.87 14.7399
1.87 15.0656
1.88 15.3892
1.88 15.6346
1.89 15.7595
1.89 15.7379
1.9 15.5900
1.9 15.3749
1.91 15.1499
1.91 14.9811
1.92 14.9189
1.92 14.9894
1.93 15.1829
1.93 15.4763
1.94 15.8345
1.94 16.1918
1.95 16.4922
1.95 16.6891
1.96 16.7467
1.96 16.6638
1.97 16.4719
1.97 16.2211
1.98 15.9608
1.98 15.7157
1.99 15.4969
1.99 15.3183
2.0 15.1975
2.0 15.1812
2.01 15.2914
2.01 15.5139
2.02 15.8620
2.02 16.3126
2.03 16.8183
2.03 17.3517
2.04 17.8797
2.04 18.3591
2.05 18.7508
2.05 19.0266
2.06 19.1452
2.06 19.0795
2.07 18.8391
2.07 18.4159
2.08 17.8168
2.08 17.0637
2.09 16.1914
2.09 15.2418
2.1 14.2449
2.1 13.2735
2.11 12.4162
2.11 11.7762
2.12 11.4409
2.12 11.4861
2.13 11.9465
2.13 12.7804
2.14 13.9182
2.14 15.2414
2.15 16.6142
2.15 17.8984
2.16 18.9627
2.16 19.7124
2.17 20.0641
2.17 19.9980
2.18 19.5563
2.18 18.8082
2.19 17.8671
2.19 16.8609
2.2 15.9433
2.2 15.2591
2.21 14.8679
2.21 14.7567
2.22 14.8781
2.22 15.1400
2.23 15.4013
2.23 15.5658
2.24 15.5868
2.24 15.4489
2.25 15.1839
2.25 14.8682
2.26 14.5879
2.26 14.4256
2.27 14.4468
2.27 14.6668
2.28 15.0467
2.28 15.5401
2.29 16.0893
2.29 16.6234
2.3 17.0971
2.3 17.4799
2.31 17.7559
2.31 17.9100
2.32 17.9419
2.32 17.8593
2.33 17.6900
2.33 17.4619
2.34 17.1820
2.34 16.8492
2.35 16.4727
2.35 16.0882
2.36 15.6992
2.36 15.2979
2.37 14.8992
2.37 14.5478
2.38 14.3099
2.38 14.2254
2.39 14.3091
2.39 14.5623
2.4 14.9473
2.4 15.4256
2.41 15.9509
2.41 16.4853
2.42 17.0106
2.42 17.4719
2.43 17.7989
2.43 17.9857
2.44 18.0381
2.44 17.9530
2.45 17.7314
2.45 17.3396
2.46 16.7627
2.46 16.0160
2.47 15.1432
2.47 14.2126
2.48 13.3082
2.48 12.5577
2.49 12.0815
2.49 11.9629
2.5 12.2339
2.5 12.8704
2.51 13.8215
2.51 14.9930
2.52 16.2439
2.52 17.4657
2.53 18.5328
2.53 19.3272
2.54 19.8138
2.54 19.9819
2.55 19.8406
2.55 19.4117
2.56 18.7707
2.56 18.0339
2.57 17.2785
2.57 16.5844
2.58 16.0211
2.58 15.6222
2.59 15.3969
2.59 15.3109
2.6 15.3313
2.6 15.3825
2.61 15.3788
2.61 15.3053
2.62 15.1758
2.62 15.0463
2.63 14.9968
2.63 15.0839
2.64 15.3332
2.64 15.7627
2.65 16.3309
2.65 16.9258
2.66 17.4418
2.66 17.7974
2.67 17.9289
2.67 17.8069
2.68 17.4269
2.68 16.8031
2.69 16.0093
2.69 15.1563
2.7 14.3562
2.7 13.7062
2.71 13.2793
2.71 13.1172
2.72 13.2220
2.72 13.5647
2.73 14.0810
2.73 14.6918
2.74 15.2966
2.74 15.8051
2.75 16.1609
2.75 16.3578
2.76 16.4158
2.76 16.3607
2.77 16.2221
2.77 16.0331
2.78 15.8446
2.78 15.7058
2.79 15.6790
2.79 15.8359
2.8 16.1913
2.8 16.7093
2.81 17.3198
2.81 17.9212
2.82 18.4148
2.82 18.7137
2.83 18.7681
2.83 18.5743
2.84 18.1934
2.84 17.7243
2.85 17.2093
2.85 16.6882
2.86 16.2048
2.86 15.7703
2.87 15.3911
2.87 15.0904
2.88 14.8690
2.88 14.7214
2.89 14.6655
2.89 14.7123
2.9 14.8628
2.9 15.1126
2.91 15.4707
2.91 15.9141
2.92 16.4168
2.92 16.9634
2.93 17.4676
2.93 17.8469
2.94 18.0406
2.94 17.9809
2.95 17.6174
2.95 16.9336
2.96 15.9679
2.96 14.8092
2.97 13.5949
2.97 12.4935
2.98 11.6838
2.98 11.3100
2.99 11.4494
2.99 12.0813
3.0 13.1087
3.0 14.4017
3.01 15.7798
3.01 17.0684
3.02 18.1394
3.02 18.9398
3.03 19.4495
3.03 19.6489
3.04 19.5789
3.04 19.3006
3.05 18.8951
3.05 18.4440
3.06 18.0031
3.06 17.6444
3.07 17.4145
3.07 17.2841
3.08 17.2112
3.08 17.1446
3.09 17.0070
3.09 16.7360
3.1 16.3103
3.1 15.7604
3.11 15.1265
3.11 14.4484
3.12 13.7826
3.12 13.2009
3.13 12.7863
3.13 12.5902
3.14 12.6313
3.14 12.9232
3.15 13.4353
3.15 14.1086
3.16 14.8856
3.16 15.6918
3.17 16.4418
3.17 17.0793
3.18 17.5493
3.18 17.8435
3.19 17.9965
3.19 18.0239
3.2 17.9661
3.2 17.8966
3.21 17.8557
3.21 17.8358
3.22 17.8361
3.22 17.8317
3.23 17.8078
3.23 17.7451
3.24 17.6134
3.24 17.4209
3.25 17.1506
3.25 16.7835
3.26 16.3314
3.26 15.8353
3.27 15.3634
3.27 14.9707
3.28 14.6904
3.28 14.5702
3.29 14.6422
3.29 14.9119
3.3 15.3525
3.3 15.8797
3.31 16.3850
3.31 16.7999
3.32 17.0519
3.32 17.0596
3.33 16.7887
3.33 16.2566
3.34 15.5267
3.34 14.6894
3.35 13.8609
3.35 13.1754
3.36 12.7265
3.36 12.5788
3.37 12.7562
3.37 13.2218
3.38 13.9146
3.38 14.7482
3.39 15.6134
3.39 16.4209
3.4 17.1388
3.4 17.7509
3.41 18.2214
3.41 18.5468
3.42 18.7592
3.42 18.8813
3.43 18.9238
3.43 18.9006
3.44 18.8294
3.44 18.7207
3.45 18.5612
3.45 18.3293
3.46 17.9880
3.46 17.5320
3.47 16.9779
3.47 16.3404
3.48 15.6520
3.48 14.9439
3.49 14.2780
3.49 13.7620
3.5 13.4643
3.5 13.4073
3.51 13.6039
3.51 14.0251
3.52 14.5930
3.52 15.2249
3.53 15.8395
3.53 16.3341
3.54 16.6160
3.54 16.6505
3.55 16.4651
3.55 16.1076
3.56 15.6574
3.56 15.2005
3.57 14.8443
3.57 14.6965
3.58 14.8230
3.58 15.2416
3.59 15.9086
3.59 16.7516
3.6 17.6427
3.6 18.4422
3.61 19.0222
3.61 19.2691
3.62 19.1881
3.62 18.8007
3.63 18.1468
3.63 17.3246
3.64 16.4735
3.64 15.7290
3.65 15.1824
3.65 14.9229
3.66 14.9683
3.66 15.2666
3.67 15.7595
3.67 16.3674
3.68 16.9965
3.68 17.5341
3.69 17.8850
3.69 17.9948
3.7 17.8268
3.7 17.3906
3.71 16.7429
3.71 15.9691
3.72 15.1593
3.72 14.4325
3.73 13.8835
3.73 13.5513
3.74 13.4525
3.74 13.5688
3.75 13.8474
3.75 14.2221
3.76 14.6257
3.76 15.0034
3.77 15.3225
3.77 15.5909
3.78 15.8389
3.78 16.0925
3.79 16.3720
3.79 16.6918
3.8 17.0741
3.8 17.4997
3.81 17.9186
3.81 18.2950
3.82 18.5965
3.82 18.7594
3.83 18.7330
3.83 18.5051
3.84 18.0810
3.84 17.5267
3.85 16.9334
3.85 16.3813
3.86 15.9332
3.86 15.6368
3.87 15.4758
3.87 15.4065
3.88 15.3928
3.88 15.3807
3.89 15.3268
3.89 15.2137
3.9 15.0383
3.9 14.7833
3.91 14.4669
3.91 14.1507
3.92 13.8703
3.92 13.6689
3.93 13.5774
3.93 13.6080
3.94 13.7798
3.94 14.0918
3.95 14.5232
3.95 15.0360
3.96 15.6042
3.96 16.2147
3.97 16.8377
3.97 17.4209
3.98 17.9168
3.98 18.3118
3.99 18.5873
3.99 18.7113
4.0 18.7239
4.0 18.6779
4.01 18.6009
4.01 18.5147
4.02 18.4235
4.02 18.3245
4.03 18.1739
4.03 17.9121
4.04 17.5149
4.04 16.9727
4.05 16.3021
4.05 15.5560
4.06 14.8503
4.06 14.2908
4.07 13.9538
4.07 13.8860
4.08 14.0519
4.08 14.3750
4.09 14.7612
4.09 15.1395
4.1 15.4246
4.1 15.5458
4.11 15.5064
4.11 15.3396
4.12 15.0921
4.12 14.8325
4.13 14.6406
4.13 14.5661
4.14 14.6431
4.14 14.8868
4.15 15.2916
4.15 15.8210
4.16 16.4103
4.16 17.0150
4.17 17.5858
4.17 18.0655
4.18 18.4078
4.18 18.5752
4.19 18.5483
4.19 18.3600
4.2 18.0413
4.2 17.6144
4.21 17.1532
4.21 16.7382
4.22 16.4387
4.22 16.2964
4.23 16.3415
4.23 16.5281
4.24 16.7721
4.24 16.9714
4.25 17.0161
4.25 16.8531
4.26 16.4537
4.26 15.8238
4.27 15.0365
4.27 14.1967
4.28 13.4089
4.28 12.7945
4.29 12.4531
4.29 12.4454
4.3 12.7761
4.3 13.4015
4.31 14.2374
4.31 15.1989
4.32 16.2057
4.32 17.1641
4.33 17.9972
4.33 18.6583
4.34 19.0885
4.34 19.2026
4.35 18.9714
4.35 18.4185
4.36 17.5803
4.36 16.5528
4.37 15.4738
4.37 14.4957
4.38 13.7560
4.38 13.3623
4.39 13.3739
4.39 13.7572
4.4 14.4479
4.4 15.3445
4.41 16.3137
4.41 17.2469
4.42 18.0584
4.42 18.6547
4.43 18.9792
4.43 19.0579
4.44 18.9146
4.44 18.5560
4.45 18.0512
4.45 17.4664
4.46 16.8638
4.46 16.3266
4.47 15.8983
4.47 15.6052
4.48 15.4518
4.48 15.4121
4.49 15.4317
4.49 15.4481
4.5 15.4361
4.5 15.3894
4.51 15.3135
4.51 15.2203
4.52 15.1128
4.52 15.0101
4.53 14.9447
4.53 14.9534
4.54 15.0584
4.54 15.2421
4.55 15.4908
4.55 15.7663
4.56 16.0141
4.56 16.2134
4.57 16.3438
4.57 16.3993
4.58 16.3923
4.58 16.3264
4.59 16.2359
4.59 16.1834
4.6 16.2164
4.6 16.3471
4.61 16.5744
4.61 16.8615
4.62 17.1357
4.62 17.3429
4.63 17.4544
4.63 17.4425
4.64 17.3117
4.64 17.1135
4.65 16.8831
4.65 16.6516
4.66 16.4840
4.66 16.4262
4.67 16.4518
4.67 16.5040
4.68 16.5373
4.68 16.5092
4.69 16.3867
4.69 16.1672
4.7 15.8710
4.7 15.5256
4.71 15.1705
4.71 14.8434
4.72 14.5815
4.72 14.4114
4.73 14.3243
4.73 14.2992
4.74 14.3186
4.74 14.3611
4.75 14.4277
4.75 14.5102
4.76 14.6122
4.76 14.7618
4.77 14.9887
4.77 15.3311
4.78 15.7923
4.78 16.3484
4.79 16.9365
4.79 17.4866
4.8 17.9234
4.8 18.1856
4.81 18.2701
4.81 18.1903
4.82 17.9769
4.82 17.6713
4.83 17.3148
4.83 16.9583
4.84 16.6586
4.84 16.4239
4.85 16.2734
4.85 16.2029
4.86 16.1559
4.86 16.1014
4.87 16.0240
4.87 15.9150
4.88 15.7698
4.88 15.5755
4.89 15.3463
4.89 15.1217
4.9 14.9395
4.9 14.8688
4.91 14.9301
4.91 15.0979
4.92 15.3611
4.92 15.6862
4.93 16.0325
4.93 16.3475
4.94 16.5613
4.94 16.6251
4.95 16.5210
4.95 16.2779
4.96 15.9521
4.96 15.6060
4.97 15.2970
4.97 15.0998
4.98 15.0476
4.98 15.1255
4.99 15.3068
4.99 15.5428
5.0 15.7886
5.0 16.0096
5.01 16.1988
5.01 16.3533
5.02 16.4848
5.02 16.6489
5.03 16.8992
5.03 17.2470
5.04 17.6817
5.04 18.1526
5.05 18.5714
5.05 18.8744
5.06 19.0011
5.06 18.9353
5.07 18.7064
5.07 18.3322
5.08 17.8693
5.08 17.3483
5.09 16.7806
5.09 16.2036
5.1 15.6420
5.1 15.1201
5.11 14.6548
5.11 14.2601
5.12 13.9564
5.12 13.7437
5.13 13.6150
5.13 13.5627
5.14 13.5802
5.14 13.6683
5.15 13.8105
5.15 14.0161
5.16 14.2720
5.16 14.5479
5.17 14.8395
5.17 15.1202
5.18 15.3854
5.18 15.6332
5.19 15.8611
5.19 16.0639
5.2 16.2615
5.2 16.4709
5.21 16.6780
5.21 16.8703
5.22 17.0609
5.22 17.2352
5.23 17.3767
5.23 17.4901
5.24 17.5671
5.24 17.6236
5.25 17.6588
5.25 17.6860
5.26 17.6944
5.26 17.6482
5.27 17.5634
5.27 17.4396
5.28 17.2375
5.28 16.9707
5.29 16.6918
5.29 16.4702
5.3 16.4114
5.3 16.5649
5.31 16.9252
5.31 17.4341
5.32 17.9413
5.32 18.3185
5.33 18.4427
5.33 18.2130
5.34 17.6159
5.34 16.7097
5.35 15.5767
5.35 14.3156
5.36 13.0517
5.36 11.9077
5.37 11.0174
5.37 10.4857
5.38 10.3620
5.38 10.6546
5.39 11.3261
5.39 12.2996
5.4 13.4735
5.4 14.7016
5.41 15.8343
5.41 16.7678
5.42 17.4420
5.42 17.8566
5.43 18.0385
5.43 18.0678
5.44 18.0341
5.44 18.0024
5.45 18.0525
5.45 18.2573
5.46 18.6102
5.46 19.0652
5.47 19.5450
5.47 19.9129
5.48 20.0635
5.48 19.9162
5.49 19.4399
5.49 18.6556
5.5 17.6151
5.5 16.4170
5.51 15.1981
5.51 14.1199
5.52 13.3158
5.52 12.8535
5.53 12.7830
5.53 13.0972
5.54 13.7044
5.54 14.4897
5.55 15.3268
5.55 16.0772
5.56 16.6519
5.56 17.0075
5.57 17.1569
5.57 17.1213
5.58 16.9204
5.58 16.5945
5.59 16.1746
5.59 15.7125
5.6 15.2547
5.6 14.8113
5.61 14.3899
5.61 14.0060
5.62 13.6786
5.62 13.4594
5.63 13.3937
5.63 13.4870
5.64 13.7500
5.64 14.1901
5.65 14.7974
5.65 15.5590
5.66 16.4372
5.66 17.3566
5.67 18.2265
5.67 18.9770
5.68 19.5923
5.68 20.0359
5.69 20.2533
5.69 20.2513
5.7 20.0543
5.7 19.6994
5.71 19.2209
5.71 18.6412
5.72 18.0122
5.72 17.3809
5.73 16.7592
5.73 16.1550
5.74 15.5550
5.74 14.9948
5.75 14.5033
5.75 14.0959
5.76 13.7909
5.76 13.5816
5.77 13.4540
5.77 13.3918
5.78 13.3861
5.78 13.4386
5.79 13.5653
5.79 13.7790
5.8 14.0917
5.8 14.5064
5.81 15.0132
5.81 15.5807
5.82 16.1790
5.82 16.7808
5.83 17.3383
5.83 17.8165
5.84 18.1908
5.84 18.4196
5.85 18.4956
5.85 18.4172
5.86 18.2006
5.86 17.8403
5.87 17.3270
5.87 16.7035
5.88 16.0273
5.88 15.3498
5.89 14.7080
5.89 14.1763
5.9 13.8247
5.9 13.6911
5.91 13.7760
5.91 14.0892
5.92 14.6129
5.92 15.2941
5.93 16.0920
5.93 16.9723
5.94 17.8825
5.94 18.7320
5.95 19.4309
5.95 19.9005
5.96 20.0706
5.96 19.9049
5.97 19.3997
5.97 18.6009
5.98 17.6122
5.98 16.5465
5.99 15.5266
5.99 14.6647
6.0 14.0335
6.0 13.6381
6.01 13.4568
6.01 13.4614
6.02 13.6072
6.02 13.8715
6.03 14.2591
6.03 14.7468
6.04 15.3058
6.04 15.9262
6.05 16.5611
6.05 17.1624
6.06 17.6896
6.06 18.1089
6.07 18.3848
6.07 18.4808
6.08 18.3935
6.08 18.1327
6.09 17.7191
6.09 17.1971
6.1 16.6121
6.1 16.0189
6.11 15.4724
6.11 14.9703
6.12 14.4958
6.12 14.0711
6.13 13.7079
6.13 13.4275
6.14 13.2839
6.14 13.3126
6.15 13.5652
6.15 14.0666
6.16 14.7751
6.16 15.6081
6.17 16.4659
6.17 17.2687
6.18 17.9412
6.18 18.4195
6.19 18.6735
6.19 18.7049
6.2 18.5290
6.2 18.1954
6.21 17.7721
6.21 17.3147
6.22 16.8673
6.22 16.4782
6.23 16.1548
6.23 15.8765
6.24 15.6365
6.24 15.4322
6.25 15.2468
6.25 15.0876
6.26 14.9591
6.26 14.8616
6.27 14.8084
6.27 14.8084
6.28 14.8891
6.28 15.0748
6.29 15.3732
6.29 15.7699
6.3 16.2531
6.3 16.7776
6.31 17.2996
6.31 17.7705
6.32 18.1620
6.32 18.4429
6.33 18.5742
6.33 18.5527
6.34 18.3725
6.34 18.0737
6.35 17.7025
6.35 17.2800
6.36 16.8500
6.36 16.4264
6.37 15.9781
6.37 15.5034
6.38 15.0150
6.38 14.5167
6.39 14.0329
6.39 13.5901
6.4 13.2414
6.4 13.0400
6.41 13.0088
6.41 13.1599
6.42 13.4970
6.42 14.0072
6.43 14.6497
6.43 15.3589
6.44 16.0610
6.44 16.7079
6.45 17.2604
6.45 17.6882
6.46 17.9750
6.46 18.1206
6.47 18.1265
6.47 18.0008
6.48 17.7574
6.48 17.4151
6.49 17.0254
6.49 16.6368
6.5 16.2935
6.5 16.0271
6.51 15.8711
6.51 15.8362
6.52 15.8694
6.52 15.9357
6.53 16.0166
6.53 16.0802
6.54 16.1270
6.54 16.1663
6.55 16.1942
6.55 16.2314
6.56 16.2918
6.56 16.3688
6.57 16.4992
6.57 16.6807
6.58 16.8798
6.58 17.0787
6.59 17.2392
6.59 17.3405
6.6 17.3924
6.6 17.3602
6.61 17.1739
6.61 16.8120
6.62 16.2877
6.62 15.6521
6.63 14.9790
6.63 14.3262
6.64 13.7667
6.64 13.3873
6.65 13.2418
6.65 13.3467
6.66 13.6799
6.66 14.1859
6.67 14.7960
6.67 15.4449
6.68 16.0816
6.68 16.6665
6.69 17.1486
6.69 17.5221
6.7 17.8054
6.7 17.9723
6.71 18.0203
6.71 18.0048
6.72 17.9594
6.72 17.9063
6.73 17.8696
6.73 17.8556
6.74 17.8399
6.74 17.7717
6.75 17.6044
6.75 17.2951
6.76 16.8267
6.76 16.2526
6.77 15.6321
6.77 15.0273
6.78 14.5378
6.78 14.2480
6.79 14.2201
6.79 14.4903
6.8 15.0252
6.8 15.7182
6.81 16.4363
6.81 17.0577
6.82 17.4996
6.82 17.7006
6.83 17.6615
6.83 17.4437
6.84 17.1251
6.84 16.7803
6.85 16.4516
6.85 16.1630
6.86 15.9231
6.86 15.7473
6.87 15.6244
6.87 15.5164
6.88 15.4172
6.88 15.3484
6.89 15.2792
6.89 15.1794
6.9 15.0480
6.9 14.8955
6.91 14.7607
6.91 14.6886
6.92 14.7291
6.92 14.9175
6.93 15.2672
6.93 15.7836
6.94 16.4438
6.94 17.1612
6.95 17.8520
6.95 18.4636
6.96 18.9411
6.96 19.2157
6.97 19.2490
6.97 19.0695
6.98 18.7125
6.98 18.2494
6.99 17.7636
6.99 17.3008
7.0 16.8841
7.0 16.5113
7.01 16.1842
7.01 15.9192
7.02 15.7376
7.02 15.6164
7.03 15.5129
7.03 15.4128
7.04 15.3174
7.04 15.2513
7.05 15.2425
7.05 15.3152
7.06 15.4819
7.06 15.7421
7.07 16.0879
7.07 16.4506
7.08 16.7449
7.08 16.8965
7.09 16.8471
7.09 16.5914
7.1 16.1726
7.1 15.6479
7.11 15.0777
7.11 14.5362
7.12 14.1103
7.12 13.8745
7.13 13.8603
7.13 14.0880
7.14 14.5474
7.14 15.1824
7.15 15.9157
7.15 16.6721
7.16 17.3817
7.16 17.9552
7.17 18.3306
7.17 18.4898
7.18 18.4533
7.18 18.2540
7.19 17.9412
7.19 17.5907
7.2 17.2839
7.2 17.0418
7.21 16.8833
7.21 16.8106
7.22 16.7793
7.22 16.7441
7.23 16.6822
7.23 16.5947
7.24 16.4621
7.24 16.2933
7.25 16.1137
7.25 15.9569
7.26 15.8324
7.26 15.7295
7.27 15.6595
7.27 15.6341
7.28 15.6266
7.28 15.6140
7.29 15.5995
7.29 15.5896
7.3 15.5844
7.3 15.5752
7.31 15.5771
7.31 15.5929
7.32 15.6049
7.32 15.6180
7.33 15.6238
7.33 15.6483
7.34 15.7144
7.34 15.8215
7.35 15.9886
7.35 16.1873
7.36 16.3779
7.36 16.5295
7.37 16.6222
7.37 16.6642
7.38 16.6638
7.38 16.6522
7.39 16.6443
7.39 16.6290
7.4 16.6268
7.4 16.6563
7.41 16.7426
7.41 16.9082
7.42 17.1506
7.42 17.4455
7.43 17.7237
7.43 17.8801
7.44 17.8261
7.44 17.5343
7.45 17.0093
7.45 16.3088
7.46 15.5553
7.46 14.8918
7.47 14.4448
7.47 14.3196
7.48 14.5540
7.48 15.0630
7.49 15.7233
7.49 16.3989
7.5 16.9408
7.5 17.2412
7.51 17.2782
7.51 17.0710
7.52 16.6769
7.52 16.2314
7.53 15.8592
7.53 15.6486
7.54 15.6772
7.54 15.9758
7.55 16.4912
7.55 17.1247
7.56 17.7410
7.56 18.2175
7.57 18.4723
7.57 18.4451
7.58 18.1457
7.58 17.6118
7.59 16.8820
7.59 16.0480
7.6 15.2109
7.6 14.4790
7.61 13.9428
7.61 13.6461
7.62 13.6272
7.62 13.8809
7.63 14.3370
7.63 14.9054
7.64 15.5093
7.64 16.0755
7.65 16.5388
7.65 16.8456
7.66 16.9739
7.66 16.9191
7.67 16.7167
7.67 16.4139
7.68 16.0576
7.68 15.7361
7.69 15.5218
7.69 15.4428
7.7 15.5108
7.7 15.7163
7.71 16.0016
7.71 16.3231
7.72 16.6605
7.72 16.9717
7.73 17.2023
7.73 17.3278
7.74 17.3647
7.74 17.3548
7.75 17.3362
7.75 17.3240
7.76 17.3298
7.76 17.3710
7.77 17.4636
7.77 17.5956
7.78 17.7080
7.78 17.7433
7.79 17.6542
7.79 17.4118
7.8 17.0200
7.8 16.4952
7.81 15.8809
7.81 15.2339
7.82 14.6187
7.82 14.1062
7.83 13.7437
7.83 13.5618
7.84 13.5801
7.84 13.7847
7.85 14.1757
7.85 14.7123
7.86 15.3338
7.86 15.9758
7.87 16.5514
7.87 17.0043
7.88 17.2975
7.88 17.4331
7.89 17.4328
7.89 17.3414
7.9 17.1994
7.9 17.0366
7.91 16.8728
7.91 16.7085
7.92 16.5502
7.92 16.3907
7.93 16.2216
7.93 16.0531
7.94 15.9252
7.94 15.8970
7.95 16.0157
7.95 16.2971
7.96 16.7173
7.96 17.2202
7.97 17.7443
7.97 18.2352
7.98 18.6239
7.98 18.8344
7.99 18.8003
7.99 18.5014
8.0 17.9943
8.0 17.3454
8.01 16.6113
8.01 15.8622
8.02 15.1778
8.02 14.6409
8.03 14.3164
8.03 14.2380
8.04 14.4046
8.04 14.8096
8.05 15.4050
8.05 16.0752
8.06 16.7006
8.06 17.1668
8.07 17.3708
8.07 17.2794
8.08 16.8895
8.08 16.2360
8.09 15.4311
8.09 14.6316
8.1 13.9887
8.1 13.6220
8.11 13.6234
8.11 14.0152
8.12 14.7376
8.12 15.6903
8.13 16.7350
8.13 17.7223
8.14 18.5527
8.14 19.1436
8.15 19.4210
8.15 19.3583
8.16 19.0170
8.16 18.4362
8.17 17.6236
8.17 16.6428
8.18 15.5923
8.18 14.5936
8.19 13.7580
8.19 13.1666
8.2 12.8583
8.2 12.8436
8.21 13.1004
8.21 13.5864
8.22 14.2593
8.22 15.0800
8.23 15.9873
8.23 16.8932
8.24 17.7411
8.24 18.4746
8.25 18.9990
8.25 19.2650
8.26 19.2506
8.26 18.9259
8.27 18.3105
8.27 17.4688
8.28 16.4915
8.28 15.4936
8.29 14.5871
8.29 13.8672
8.3 13.4181
8.3 13.2989
8.31 13.5146
8.31 14.0157
8.32 14.7230
8.32 15.5502
8.33 16.4091
8.33 17.1944
8.34 17.8059
8.34 18.1692
8.35 18.2391
8.35 18.0259
8.36 17.5798
8.36 16.9812
8.37 16.3237
8.37 15.6984
8.38 15.2465
8.38 15.0550
8.39 15.1437
8.39 15.5031
8.4 16.0712
8.4 16.7795
8.41 17.5107
8.41 18.1454
8.42 18.5850
8.42 18.7676
8.43 18.6538
8.43 18.2309
8.44 17.5489
8.44 16.7111
8.45 15.8449
8.45 15.0493
8.46 14.4290
8.46 14.0766
8.47 14.0085
8.47 14.1859
8.48 14.5448
8.48 14.9945
8.49 15.4362
8.49 15.7966
8.5 16.0317
8.5 16.1079
8.51 16.0459
8.51 15.8830
8.52 15.6614
8.52 15.4318
8.53 15.2103
8.53 15.0207
8.54 14.9104
8.54 14.9088
8.55 15.0276
8.55 15.2632
8.56 15.5759
8.56 15.9271
8.57 16.2873
8.57 16.6025
8.58 16.8339
8.58 16.9609
8.59 16.9831
8.59 16.9357
8.6 16.8484
8.6 16.7519
8.61 16.6726
8.61 16.6061
8.62 16.5500
8.62 16.5189
8.63 16.5268
8.63 16.5523
8.64 16.5752
8.64 16.6178
8.65 16.6736
8.65 16.7294
8.66 16.8045
8.66 16.8970
8.67 16.9900
8.67 17.0566
8.68 17.0731
8.68 17.0486
8.69 16.9939
8.69 16.9131
8.7 16.7958
8.7 16.6333
8.71 16.4422
8.71 16.2554
8.72 16.0924
8.72 15.9447
8.73 15.7913
8.73 15.6222
8.74 15.4583
8.74 15.3341
8.75 15.2802
8.75 15.3059
8.76 15.4211
8.76 15.6206
8.77 15.8699
8.77 16.1360
8.78 16.3789
8.78 16.5483
8.79 16.6329
8.79 16.6146
8.8 16.4590
8.8 16.1978
8.81 15.8954
8.81 15.6022
8.82 15.3811
8.82 15.2876
8.83 15.3379
8.83 15.5405
8.84 15.9132
8.84 16.4379
8.85 17.0573
8.85 17.6786
8.86 18.1940
8.86 18.5379
8.87 18.6495
8.87 18.5227
8.88 18.1803
8.88 17.6721
8.89 17.0959
8.89 16.5304
8.9 16.0178
8.9 15.5815
8.91 15.2364
8.91 14.9993
8.92 14.8528
8.92 14.7547
8.93 14.6829
8.93 14.5965
8.94 14.4978
8.94 14.4000
8.95 14.3176
8.96 14.2962
8.96 14.3819
8.97 14.6029
8.97 14.9607
8.98 15.4223
8.98 15.9273
8.99 16.4203
8.99 16.8517
9.0 17.2004
9.0 17.4759
9.01 17.6806
9.01 17.7925
9.02 17.7944
9.02 17.6954
9.03 17.5015
9.03 17.2138
9.04 16.8551
9.04 16.4754
9.05 16.1362
9.05 15.8786
9.06 15.7416
9.06 15.7318
9.07 15.8282
9.07 16.0114
9.08 16.2430
9.08 16.4809
9.09 16.7084
9.09 16.9258
9.1 17.1189
9.1 17.2784
9.11 17.3939
9.11 17.4446
9.12 17.4184
9.12 17.2993
9.13 17.0957
9.13 16.8066
9.14 16.4397
9.14 16.0379
9.15 15.6206
9.15 15.2028
9.16 14.8125
9.16 14.4779
9.17 14.2221
9.17 14.0942
9.18 14.1339
9.18 14.3617
9.19 14.8046
9.19 15.4468
9.2 16.2082
9.2 16.9854
9.21 17.6587
9.21 18.1257
9.22 18.3333
9.22 18.2647
9.23 17.9452
9.23 17.4244
9.24 16.8067
9.24 16.1989
9.25 15.6672
9.25 15.2765
9.26 15.0716
9.26 15.0716
9.27 15.2571
9.27 15.5685
9.28 15.9189
9.28 16.2253
9.29 16.4166
9.29 16.4332
9.3 16.2699
9.3 15.9480
9.31 15.5115
9.31 15.0458
9.32 14.6705
9.32 14.4685
9.33 14.4691
9.33 14.6889
9.34 15.1104
9.34 15.6836
9.35 16.3432
9.35 17.0043
9.36 17.5808
9.36 18.0020
9.37 18.2246
9.37 18.2450
9.38 18.0724
9.38 17.7542
9.39 17.3670
9.39 16.9838
9.4 16.6667
9.4 16.4522
9.41 16.3552
9.41 16.3608
9.42 16.4214
9.42 16.4803
9.43 16.4953
9.43 16.4166
9.44 16.2193
9.44 15.9215
9.45 15.5480
9.45 15.1504
9.46 14.7898
9.46 14.5309
9.47 14.4372
9.47 14.5208
9.48 14.7446
9.48 15.0562
9.49 15.4069
9.49 15.7250
9.5 15.9479
9.5 16.0648
9.51 16.0753
9.51 15.9944
9.52 15.8656
9.52 15.7321
9.53 15.6446
9.53 15.6675
9.54 15.8396
9.54 16.1634
9.55 16.6089
9.55 17.1136
9.56 17.5920
9.56 17.9497
9.57 18.1390
9.57 18.1486
9.58 17.9692
9.58 17.6220
9.59 17.1619
9.59 16.6320
9.6 16.0705
9.6 15.5308
9.61 15.0480
9.61 14.6705
9.62 14.4244
9.62 14.3337
9.63 14.4375
9.63 14.7393
9.64 15.2189
9.64 15.8248
9.65 16.4865
9.65 17.1567
9.66 17.7748
9.66 18.2445
9.67 18.4875
9.67 18.4697
9.68 18.1670
9.68 17.6021
9.69 16.8665
9.69 16.0582
9.7 15.2925
9.7 14.7017
9.71 14.3847
9.71 14.3794
9.72 14.6628
9.72 15.1521
9.73 15.7391
9.73 16.3223
9.74 16.8080
9.74 17.1368
9.75 17.2537
9.75 17.1234
9.76 16.7647
9.76 16.2292
9.77 15.5914
9.77 14.9526
9.78 14.4005
9.78 14.0135
9.79 13.8543
9.79 13.9407
9.8 14.2869
9.8 14.8474
9.81 15.5392
9.81 16.2949
9.82 17.0254
9.82 17.6564
9.83 18.1388
9.83 18.4438
9.84 18.5494
9.84 18.4444
9.85 18.1434
9.85 17.6851
9.86 17.1119
9.86 16.4913
9.87 15.9142
9.87 15.4554
9.88 15.1839
9.88 15.1186
9.89 15.2325
9.89 15.4872
9.9 15.8514
9.9 16.3089
9.91 16.8255
9.91 17.3183
9.92 17.6975
9.92 17.9100
9.93 17.9359
9.93 17.7732
9.94 17.4218
9.94 16.9174
9.95 16.3206
9.95 15.6976
9.96 15.1007
9.96 14.5756
9.97 14.1712
9.97 13.9284
9.98 13.8473
9.98 13.9023
9.99 14.0693
9.99 14.3175
10.0 14.6029
10.0 14.8706
10.0 15.0920
10.0 15.2624
10.0 15.3665
10.0 15.4119
10.0 15.4410
10.0 15.5184
10.0 15.7099
10.0 16.0397
10.0 16.5076
10.1 17.0786
10.1 17.7036
10.1 18.3141
10.1 18.8474
10.1 19.2694
10.1 19.5393
10.1 19.6304
10.1 19.5318
10.1 19.2633
10.1 18.8523
10.1 18.3042
10.1 17.6486
10.1 16.9443
10.1 16.2383
10.1 15.6054
10.1 15.1067
10.1 14.7759
10.1 14.6280
10.1 14.6597
10.1 14.8526
10.2 15.1347
10.2 15.4309
10.2 15.6885
10.2 15.8545
10.2 15.9069
10.2 15.8625
10.2 15.7414
10.2 15.5702
10.2 15.3795
10.2 15.1996
10.2 15.0438
10.2 14.9208
10.2 14.8463
10.2 14.8319
10.2 14.8716
10.2 14.9790
10.2 15.1466
10.2 15.3491
10.2 15.5689
10.2 15.7855
10.3 15.9703
10.3 16.0889
10.3 16.1346
10.3 16.1566
10.3 16.1896
10.3 16.2582
10.3 16.4120
10.3 16.6584
10.3 17.0084
10.3 17.4240
10.3 17.8245
10.3 18.1660
10.3 18.3818
10.3 18.4224
10.3 18.2907
10.3 17.9999
10.3 17.5731
10.3 17.0456
10.3 16.4561
10.3 15.8474
10.4 15.2920
10.4 14.8281
10.4 14.4715
10.4 14.2594
10.4 14.2196
10.4 14.3714
10.4 14.7101
10.4 15.1875
10.4 15.7553
10.4 16.3636
10.4 16.9466
10.4 17.4495
10.4 17.7992
10.4 17.9484
10.4 17.8927
10.4 17.6321
10.4 17.2146
10.4 16.7199
10.4 16.2028
10.4 15.7341
10.5 15.3553
10.5 15.0904
10.5 14.9661
10.5 14.9948
10.5 15.1607
10.5 15.4514
10.5 15.8488
10.5 16.3043
10.5 16.7611
10.5 17.1594
10.5 17.4626
10.5 17.6245
10.5 17.6066
10.5 17.3960
10.5 16.9997
10.5 16.4773
10.5 15.8952
10.5 15.3468
10.5 14.9508
10.5 14.7592
10.6 14.7921
10.6 15.0427
10.6 15.4576
10.6 15.9738
10.6 16.5209
10.6 17.0464
10.6 17.5135
10.6 17.8755
10.6 18.0879
10.6 18.1281
10.6 17.9882
10.6 17.6738
10.6 17.2013
10.6 16.6235
10.6 15.9901
10.6 15.3431
10.6 14.7631
10.6 14.2980
10.6 13.9627
10.6 13.7792
10.7 13.7780
10.7 14.0147
10.7 14.5341
10.7 15.3231
10.7 16.2895
10.7 17.3012
10.7 18.1999
10.7 18.8525
10.7 19.1827
10.7 19.1952
10.7 18.9204
10.7 18.3928
10.7 17.6978
10.7 16.9278
10.7 16.1717
10.7 15.5029
10.7 14.9702
10.7 14.6411
10.7 14.5757
10.7 14.7783
10.8 15.2214
10.8 15.8419
10.8 16.5410
10.8 17.2153
10.8 17.7713
10.8 18.1216
10.8 18.2167
10.8 18.0380
10.8 17.5787
10.8 16.8852
10.8 16.0466
10.8 15.1776
10.8 14.3874
10.8 13.7640
10.8 13.3861
10.8 13.2907
10.8 13.4503
10.8 13.8233
10.8 14.3386
10.8 14.9175
10.9 15.4979
10.9 16.0089
10.9 16.4201
10.9 16.7327
10.9 16.9357
10.9 17.0304
10.9 17.0429
10.9 16.9962
10.9 16.9166
10.9 16.8437
10.9 16.7951
10.9 16.7974
10.9 16.8427
10.9 16.8978
10.9 16.9556
10.9 16.9864
10.9 16.9848
10.9 16.9483
10.9 16.8684
10.9 16.7504
11.0 16.6101
11.0 16.5113
11.0 16.4922
11.0 16.5555
11.0 16.7185
11.0 16.9854
11.0 17.3438
11.0 17.7180
11.0 18.0121
11.0 18.1406
11.0 18.0454
11.0 17.7045
11.0 17.1002
11.0 16.2822
11.0 15.3661
11.0 14.4736
11.0 13.7406
11.0 13.2727
11.0 13.1103
11.0 13.2561
11.1 13.6516
11.1 14.1927
11.1 14.8005
11.1 15.3940
11.1 15.8861
11.1 16.2323
11.1 16.4371
11.1 16.5158
11.1 16.5056
11.1 16.4496
11.1 16.3822
11.1 16.3574
11.1 16.4087
11.1 16.5683
11.1 16.8488
11.1 17.2278
11.1 17.6764
11.1 18.1615
11.1 18.6219
11.1 19.0059
11.2 19.2472
11.2 19.2674
11.2 19.0418
11.2 18.5661
11.2 17.8571
11.2 16.9934
11.2 16.0806
11.2 15.2240
11.2 14.5258
11.2 14.0374
11.2 13.7807
11.2 13.7404
11.2 13.8766
11.2 14.1529
11.2 14.5360
11.2 14.9825
11.2 15.4405
11.2 15.8737
11.2 16.2599
11.2 16.5824
11.3 16.8176
11.3 16.9168
11.3 16.8504
11.3 16.6473
11.3 16.3327
11.3 15.9307
11.3 15.4969
11.3 15.1029
11.3 14.8040
11.3 14.6439
11.3 14.6628
11.3 14.8701
11.3 15.2228
11.3 15.6591
11.3 16.1415
11.3 16.6388
11.3 17.1017
11.3 17.4994
11.3 17.8162
11.3 18.0225
11.4 18.1322
11.4 18.1572
11.4 18.0726
11.4 17.8671
11.4 17.5562
11.4 17.1782
11.4 16.7715
11.4 16.3766
11.4 16.0367
11.4 15.8088
11.4 15.7313
11.4 15.7962
11.4 15.9569
11.4 16.1590
11.4 16.3099
11.4 16.3051
11.4 16.1115
11.4 15.7707
11.4 15.3408
11.4 14.8968
11.5 14.5397
11.5 14.3376
11.5 14.3186
11.5 14.5098
11.5 14.9166
11.5 15.5181
11.5 16.2530
11.5 17.0288
11.5 17.7754
11.5 18.4002
11.5 18.8106
11.5 18.9704
11.5 18.8536
11.5 18.4304
11.5 17.7172
11.5 16.7801
11.5 15.7442
11.5 14.7366
11.5 13.8776
11.5 13.3192
11.6 13.1584
11.6 13.4090
11.6 14.0073
11.6 14.8164
11.6 15.6891
11.6 16.4860
11.6 17.1321
11.6 17.5904
11.6 17.8448
11.6 17.9742
11.6 18.0228
11.6 17.9613
11.6 17.7840
11.6 17.5220
11.6 17.1858
11.6 16.7743
11.6 16.3185
11.6 15.8665
11.6 15.4877
11.6 15.2514
11.7 15.1973
11.7 15.3490
11.7 15.6956
11.7 16.1921
11.7 16.7960
11.7 17.3961
11.7 17.8462
11.7 18.0550
11.7 17.9707
11.7 17.6089
11.7 17.0089
11.7 16.2201
11.7 15.3514
11.7 14.5423
11.7 13.9081
11.7 13.5306
11.7 13.4641
11.7 13.7591
11.7 14.3766
11.7 15.1599
11.8 15.9720
11.8 16.7052
11.8 17.2572
11.8 17.5610
11.8 17.5953
11.8 17.3588
11.8 16.8959
11.8 16.2891
11.8 15.6269
11.8 14.9979
11.8 14.5072
11.8 14.2569
11.8 14.3030
11.8 14.6310
11.8 15.1922
11.8 15.9064
11.8 16.6636
11.8 17.3850
11.8 18.0093
11.8 18.4645
11.9 18.7326
11.9 18.8154
11.9 18.7034
11.9 18.4144
11.9 17.9906
11.9 17.5048
11.9 17.0355
11.9 16.6368
11.9 16.3351
11.9 16.1552
11.9 16.0915
11.9 16.0959
11.9 16.0876
11.9 15.9943
11.9 15.7609
11.9 15.3739
11.9 14.8374
11.9 14.1749
11.9 13.4838
11.9 12.8892
12.0 12.4794
12.0 12.3220
12.0 12.4722
12.0 12.9446
12.0 13.7297
12.0 14.7888
12.0 16.0202
12.0 17.3019
12.0 18.5503
12.0 19.6727
12.0 20.5582
12.0 21.0941
12.0 21.2337
12.0 20.9522
12.0 20.2596
12.0 19.2218
12.0 17.9404
12.0 16.5573
12.0 15.2478
12.0 14.1774
12.1 13.4564
12.1 13.1530
12.1 13.2832
12.1 13.7846
12.1 14.5274
12.1 15.3885
12.1 16.2390
12.1 16.9973
12.1 17.5783
12.1 17.8710
12.1 17.8470
12.1 17.5215
12.1 16.9323
12.1 16.1703
12.1 15.3609
12.1 14.6130
12.1 14.0509
12.1 13.7711
12.1 13.8234
12.1 14.1802
12.2 14.7487
12.2 15.4296
12.2 16.1207
12.2 16.7682
12.2 17.3421
12.2 17.8151
12.2 18.2025
12.2 18.5108
12.2 18.7037
12.2 18.7506
12.2 18.6372
12.2 18.3705
12.2 17.9623
12.2 17.4481
12.2 16.8996
12.2 16.3879
12.2 15.9902
12.2 15.7906
12.2 15.8166
12.2 16.0575
12.3 16.4727
12.3 16.9626
12.3 17.4025
12.3 17.6843
12.3 17.7120
12.3 17.4061
12.3 16.7522
12.3 15.7716
12.3 14.5559
12.3 13.2480
12.3 12.0182
12.3 11.0543
12.3 10.5311
12.3 10.5545
12.3 11.1377
12.3 12.2223
12.3 13.6734
12.3 15.2842
12.3 16.8378
12.3 18.1861
12.4 19.2075
12.4 19.8373
12.4 20.0558
12.4 19.8929
12.4 19.4361
12.4 18.8196
12.4 18.1667
12.4 17.5645
12.4 17.1243
12.4 16.9015
12.4 16.8989
12.4 17.0719
12.4 17.3615
12.4 17.7208
12.4 18.0436
12.4 18.2328
12.4 18.2444
12.4 18.0734
12.4 17.7160
12.4 17.2001
12.5 16.5820
12.5 15.9370
12.5 15.3534
12.5 14.8832
12.5 14.5791
12.5 14.4679
12.5 14.5544
12.5 14.8205
12.5 15.2313
12.5 15.6995
12.5 16.1034
12.5 16.3614
12.5 16.4385
12.5 16.3199
12.5 16.0018
12.5 15.5272
12.5 14.9702
12.5 14.4073
12.5 13.9197
12.5 13.5868
12.6 13.4544
12.6 13.5313
12.6 13.7998
12.6 14.2325
12.6 14.8022
12.6 15.4644
12.6 16.1640
12.6 16.8793
12.6 17.6086
12.6 18.3045
12.6 18.9101
12.6 19.3690
12.6 19.6118
12.6 19.6009
12.6 19.3445
12.6 18.8752
12.6 18.2582
12.6 17.5727
12.6 16.8785
12.6 16.2296
12.7 15.6653
12.7 15.2147
12.7 14.8952
12.7 14.7098
12.7 14.6567
12.7 14.7166
12.7 14.8866
12.7 15.1549
12.7 15.4697
12.7 15.7948
12.7 16.0669
12.7 16.2435
12.7 16.3044
12.7 16.2539
12.7 16.1412
12.7 16.0340
12.7 16.0077
12.7 16.1147
12.7 16.3650
12.7 16.7334
12.8 17.1519
12.8 17.5194
12.8 17.7821
12.8 17.8869
12.8 17.7820
12.8 17.4681
12.8 16.9676
12.8 16.3394
12.8 15.6760
12.8 15.0661
12.8 14.6053
12.8 14.3530
12.8 14.2998
12.8 14.4162
12.8 14.6718
12.8 15.0128
12.8 15.3611
12.8 15.6646
12.8 15.9122
12.8 16.1299
12.9 16.3162
12.9 16.4709
12.9 16.6129
12.9 16.7627
12.9 16.9452
12.9 17.1638
12.9 17.4264
12.9 17.6983
12.9 17.9180
12.9 18.0343
12.9 17.9923
12.9 17.7874
12.9 17.4527
12.9 17.0601
12.9 16.6787
12.9 16.3418
12.9 16.1119
12.9 16.0056
12.9 15.9607
12.9 15.9262
13.0 15.8790
13.0 15.8131
13.0 15.7126
13.0 15.5669
13.0 15.3803
13.0 15.1814
13.0 15.0094
13.0 14.8878
13.0 14.8510
13.0 14.9204
13.0 15.0797
13.0 15.3038
13.0 15.5634
13.0 15.8284
13.0 16.0776
13.0 16.3037
13.0 16.4867
13.0 16.6279
13.0 16.7404
13.0 16.8195
13.1 16.8384
13.1 16.7955
13.1 16.7126
13.1 16.6022
13.1 16.4813
13.1 16.3653
13.1 16.2699
13.1 16.2109
13.1 16.2031
13.1 16.2593
13.1 16.3923
13.1 16.6126
13.1 16.8961
13.1 17.1906
13.1 17.4518
13.1 17.6444
13.1 17.7426
13.1 17.7417
13.1 17.6585
13.1 17.4988
13.2 17.2695
13.2 17.0029
13.2 16.6865
13.2 16.2912
13.2 15.8161
13.2 15.2665
13.2 14.6841
13.2 14.1098
13.2 13.5864
13.2 13.1741
13.2 12.9073
13.2 12.7964
13.2 12.8241
13.2 12.9650
13.2 13.2136
13.2 13.5806
13.2 14.0755
13.2 14.6947
13.2 15.4227
13.2 16.2298
13.3 17.0790
13.3 17.9234
13.3 18.7027
13.3 19.3817
13.3 19.8976
13.3 20.1937
13.3 20.2470
13.3 20.0581
13.3 19.6854
13.3 19.1884
13.3 18.6164
13.3 18.0293
13.3 17.5178
13.3 17.1291
13.3 16.8495
13.3 16.6606
13.3 16.5320
13.3 16.4165
13.3 16.2654
13.3 16.0529
13.4 15.7751
13.4 15.4377
13.4 15.0542
13.4 14.6628
13.4 14.2801
13.4 13.9339
13.4 13.6500
13.4 13.4312
13.4 13.3083
13.4 13.3059
13.4 13.4465
13.4 13.7196
13.4 14.0877
13.4 14.5259
13.4 15.0137
13.4 15.5230
13.4 16.0021
13.4 16.4013
13.4 16.6797
13.4 16.8228
13.5 16.8317
13.5 16.7400
13.5 16.5736
13.5 16.3587
13.5 16.1660
13.5 16.0541
13.5 16.0607
13.5 16.2340
13.5 16.5703
13.5 17.0159
13.5 17.5695
13.5 18.2168
13.5 18.8684
13.5 19.4554
13.5 19.9300
13.5 20.2117
13.5 20.2604
13.5 20.0632
13.5 19.5986
13.5 18.8932
13.6 18.0061
13.6 16.9987
13.6 15.9382
13.6 14.8972
13.6 13.9271
13.6 13.0661
13.6 12.3595
13.6 11.8659
13.6 11.5963
13.6 11.5241
13.6 11.6575
13.6 12.0030
13.6 12.5362
13.6 13.2071
13.6 13.9540
13.6 14.7489
13.6 15.5521
13.6 16.2878
13.6 16.9131
13.6 17.4126
13.7 17.7826
13.7 18.0288
13.7 18.1582
13.7 18.1790
13.7 18.0942
13.7 17.9367
13.7 17.7388
13.7 17.5099
13.7 17.2953
13.7 17.1152
13.7 16.9572
13.7 16.8382
13.7 16.7631
13.7 16.7255
13.7 16.7304
13.7 16.7973
13.7 16.9456
13.7 17.1295
13.7 17.3032
13.7 17.4295
13.8 17.4468
13.8 17.3236
13.8 17.0556
13.8 16.6342
13.8 16.0740
13.8 15.4227
13.8 14.7383
13.8 14.0885
13.8 13.5575
13.8 13.2156
13.8 13.1181
13.8 13.2892
13.8 13.7039
13.8 14.3085
13.8 15.0283
13.8 15.7715
13.8 16.4201
13.8 16.8822
13.8 17.1075
13.8 17.0828
13.9 16.8470
13.9 16.4910
13.9 16.0804
13.9 15.6580
13.9 15.2836
13.9 15.0085
13.9 14.8743
13.9 14.9142
13.9 15.1357
13.9 15.5187
13.9 16.0441
13.9 16.6779
13.9 17.3525
13.9 18.0253
13.9 18.6275
13.9 19.0809
13.9 19.3486
13.9 19.3805
13.9 19.1476
13.9 18.6641
14.0 17.9653
14.0 17.1289
14.0 16.2816
14.0 15.5371
14.0 14.9747
14.0 14.6373
14.0 14.5173
14.0 14.5975
14.0 14.8491
14.0 15.2265
14.0 15.6670
14.0 16.1055
14.0 16.4992
14.0 16.8052
14.0 16.9753
14.0 16.9779
14.0 16.7925
14.0 16.4165
14.0 15.9006
14.0 15.3390
14.1 14.8021
14.1 14.3517
14.1 14.0577
14.1 13.9713
14.1 14.1143
14.1 14.4681
14.1 14.9986
14.1 15.6713
14.1 16.4098
14.1 17.1296
14.1 17.7610
14.1 18.2291
14.1 18.4877
14.1 18.4904
14.1 18.2332
14.1 17.7786
14.1 17.1745
14.1 16.4629
14.1 15.7291
14.1 15.0682
14.2 14.5628
14.2 14.3036
14.2 14.3427
14.2 14.6534
14.2 15.1671
14.2 15.8068
14.2 16.5110
14.2 17.1885
14.2 17.7384
14.2 18.1249
14.2 18.2971
14.2 18.2232
14.2 17.9322
14.2 17.4429
14.2 16.8074
14.2 16.1085
14.2 15.4230
14.2 14.8285
14.2 14.4070
14.2 14.1970
14.3 14.1874
14.3 14.3664
14.3 14.7106
14.3 15.1624
14.3 15.6421
14.3 16.0853
14.3 16.4369
14.3 16.6552
14.3 16.7095
14.3 16.5910
14.3 16.3266
14.3 15.9302
14.3 15.4397
14.3 14.9452
14.3 14.5265
14.3 14.2514
14.3 14.1574
14.3 14.2615
14.3 14.5607
14.3 15.0143
14.4 15.5703
14.4 16.1700
14.4 16.7489
14.4 17.3058
14.4 17.8376
14.4 18.3140
14.4 18.7311
14.4 19.0533
14.4 19.2370
14.4 19.2640
14.4 19.1048
14.4 18.7602
14.4 18.2593
14.4 17.6429
14.4 16.9679
14.4 16.2785
14.4 15.6386
14.4 15.1128
14.4 14.7149
14.4 14.4149
14.5 14.1940
14.5 14.0359
14.5 13.9277
14.5 13.8794
14.5 13.9105
14.5 14.0594
14.5 14.3431
14.5 14.7505
14.5 15.2664
14.5 15.8535
14.5 16.4723
14.5 17.0589
14.5 17.5324
14.5 17.8229
14.5 17.8907
14.5 17.7298
14.5 17.3495
14.5 16.7914
14.5 16.1105
14.5 15.4036
14.6 14.7538
14.6 14.2171
14.6 13.8825
14.6 13.8133
14.6 14.0373
14.6 14.5581
14.6 15.3217
14.6 16.2167
14.6 17.1136
14.6 17.9007
14.6 18.4853
14.6 18.8244
14.6 18.9069
14.6 18.7485
14.6 18.3986
14.6 17.9081
14.6 17.3581
14.6 16.8045
14.6 16.2911
14.6 15.8778
14.7 15.5850
14.7 15.4225
14.7 15.4113
14.7 15.5574
14.7 15.8202
14.7 16.1286
14.7 16.4256
14.7 16.6517
14.7 16.7522
14.7 16.6876
14.7 16.4267
14.7 16.0192
14.7 15.5241
14.7 14.9764
14.7 14.4417
14.7 13.9796
14.7 13.6515
14.7 13.5016
14.7 13.5376
14.7 13.7387
14.8 14.0691
14.8 14.5013
14.8 15.0191
14.8 15.6176
14.8 16.2726
14.8 16.9353
14.8 17.5679
14.8 18.1144
14.8 18.5306
14.8 18.7850
14.8 18.8445
14.8 18.6922
14.8 18.3345
14.8 17.8096
14.8 17.1774
14.8 16.4951
14.8 15.8023
14.8 15.1690
14.8 14.6609
14.8 14.3158
14.9 14.1603
14.9 14.2010
14.9 14.4236
14.9 14.8031
14.9 15.3029
14.9 15.8626
14.9 16.4149
14.9 16.8811
14.9 17.1831
14.9 17.2611
14.9 17.0914
14.9 16.7012
14.9 16.1597
14.9 15.5346
14.9 14.9158
14.9 14.4300
14.9 14.1815
14.9 14.2050
14.9 14.4962
14.9 15.0157
15.0 15.7108
15.0 16.4791
15.0 17.1755
15.0 17.7271
15.0 18.0794
15.0 18.1719
15.0 18.0008
15.0 17.5892
15.0 16.9938
15.0 16.3105
15.0 15.6551
15.0 15.1391
15.0 14.8547
15.0 14.8547
15.0 15.1137
15.0 15.5605
15.0 16.1020
15.0 16.6210
15.0 17.0040
15.0 17.1999
15.1 17.1970
15.1 16.9954
15.1 16.6452
15.1 16.2163
15.1 15.8017
15.1 15.5130
15.1 15.4081
15.1 15.4786
15.1 15.6944
15.1 15.9764
15.1 16.2304
15.1 16.3883
15.1 16.4132
15.1 16.3056
15.1 16.1054
15.1 15.8651
15.1 15.6285
15.1 15.4562
15.1 15.4113
15.1 15.5215
15.2 15.7673
15.2 16.1233
15.2 16.5576
15.2 17.0154
15.2 17.4452
15.2 17.7930
15.2 18.0279
15.2 18.1064
15.2 17.9887
15.2 17.6853
15.2 17.2260
15.2 16.6476
15.2 15.9927
15.2 15.3259
15.2 14.7061
15.2 14.1702
15.2 13.7569
15.2 13.5078
15.2 13.4428
15.2 13.5385
15.3 13.7815
15.3 14.1384
15.3 14.5589
15.3 15.0224
15.3 15.5074
15.3 15.9926
15.3 16.4608
15.3 16.8934
15.3 17.2524
15.3 17.4834
15.3 17.5526
15.3 17.4581
15.3 17.2242
15.3 16.8767
15.3 16.4647
15.3 16.0542
15.3 15.7037
15.3 15.4768
15.3 15.4236
15.3 15.5433
15.4 15.8137
15.4 16.2138
15.4 16.6939
15.4 17.2044
15.4 17.6825
15.4 18.0606
15.4 18.2848
15.4 18.3411
15.4 18.2510
15.4 18.0250
15.4 17.6997
15.4 17.3014
15.4 16.8244
15.4 16.2946
15.4 15.7580
15.4 15.2716
15.4 14.8882
15.4 14.6713
15.4 14.6431
15.4 14.7594
15.5 14.9607
15.5 15.1589
15.5 15.2470
15.5 15.1643
15.5 14.9115
15.5 14.5490
15.5 14.1627
15.5 13.8757
15.5 13.7686
15.5 13.8415
15.5 14.0921
15.5 14.4941
15.5 15.0013
15.5 15.5707
15.5 16.1720
15.5 16.7969
15.5 17.4029
15.5 17.9223
15.5 18.3109
15.5 18.5603
15.6 18.6766
15.6 18.6463
15.6 18.4620
15.6 18.1588
15.6 17.7743
15.6 17.3456
15.6 16.8880
15.6 16.4003
15.6 15.9344
15.6 15.5264
15.6 15.1815
15.6 14.9420
15.6 14.8268
15.6 14.8184
15.6 14.9027
15.6 15.0495
15.6 15.2222
15.6 15.4033
15.6 15.5815
15.6 15.7440
15.7 15.9035
15.7 16.0577
15.7 16.1732
15.7 16.2530
15.7 16.3079
15.7 16.3458
15.7 16.3582
15.7 16.3199
15.7 16.2454
15.7 16.1535
15.7 16.0589
15.7 15.9647
15.7 15.8690
15.7 15.7783
15.7 15.6824
15.7 15.5794
15.7 15.4732
15.7 15.3580
15.7 15.2390
15.7 15.1601
15.8 15.1539
15.8 15.2353
15.8 15.4328
15.8 15.7600
15.8 16.2127
15.8 16.7658
15.8 17.3543
15.8 17.8940
15.8 18.3345
15.8 18.6703
15.8 18.8662
15.8 18.8695
15.8 18.6585
15.8 18.2031
15.8 17.5151
15.8 16.6789
15.8 15.7952
15.8 14.9470
15.8 14.2161
15.8 13.7004
15.9 13.4610
15.9 13.5174
15.9 13.8386
15.9 14.3533
15.9 14.9747
15.9 15.6372
15.9 16.2526
15.9 16.7158
15.9 16.9868
15.9 17.0555
15.9 16.9322
15.9 16.6551
15.9 16.2935
15.9 15.9338
15.9 15.6378
15.9 15.4399
15.9 15.3761
15.9 15.4434
15.9 15.5888
15.9 15.7498
16.0 15.8659
16.0 15.9030
16.0 15.8349
16.0 15.6413
16.0 15.3428
16.0 15.0055
16.0 14.7095
16.0 14.5289
16.0 14.5224
16.0 14.7168
16.0 15.1197
16.0 15.6897
16.0 16.3706
16.0 17.0884
16.0 17.7379
16.0 18.2481
16.0 18.5636
16.0 18.6451
16.0 18.5041
16.0 18.1623
16.1 17.6538
16.1 17.0287
16.1 16.3465
16.1 15.6865
16.1 15.1399
16.1 14.7822
16.1 14.6415
16.1 14.7230
16.1 15.0215
16.1 15.4666
16.1 15.9324
16.1 16.3097
16.1 16.5129
16.1 16.4806
16.1 16.2071
16.1 15.7175
16.1 15.0746
16.1 14.3841
16.1 13.7608
16.1 13.3162
16.2 13.1556
16.2 13.3611
16.2 13.9314
16.2 14.8031
16.2 15.8802
16.2 17.0295
16.2 18.1123
16.2 19.0024
16.2 19.6016
16.2 19.8688
16.2 19.8047
16.2 19.4240
16.2 18.7654
16.2 17.9175
16.2 16.9521
16.2 15.9458
16.2 15.0072
16.2 14.2063
16.2 13.5849
16.2 13.1870
16.3 13.0413
16.3 13.1385
16.3 13.4602
16.3 13.9748
16.3 14.6330
16.3 15.3758
16.3 16.1361
16.3 16.8673
16.3 17.5232
16.3 18.0461
16.3 18.3784
16.3 18.4743
16.3 18.3395
16.3 18.0059
16.3 17.5136
16.3 16.9155
16.3 16.2708
16.3 15.6471
16.3 15.0944
16.3 14.6316
16.4 14.2623
16.4 13.9852
16.4 13.7931
16.4 13.6911
16.4 13.6979
16.4 13.8294
16.4 14.0941
16.4 14.4892
16.4 14.9773
16.4 15.5010
16.4 16.0084
16.4 16.4545
16.4 16.7971
16.4 17.0018
16.4 17.0672
16.4 17.0322
16.4 16.9487
16.4 16.8726
16.4 16.8536
16.4 16.9152
16.5 17.0494
16.5 17.2271
16.5 17.4131
16.5 17.5754
16.5 17.6563
16.5 17.6253
16.5 17.4942
16.5 17.2504
16.5 16.9113
16.5 16.5243
16.5 16.1343
16.5 15.7708
16.5 15.4375
16.5 15.1325
16.5 14.8610
16.5 14.6273
16.5 14.4352
16.5 14.3136
16.5 14.2874
16.5 14.3689
16.6 14.5670
16.6 14.8905
16.6 15.3347
16.6 15.8690
16.6 16.4579
16.6 17.0508
16.6 17.5588
16.6 17.9058
16.6 18.0788
16.6 18.0625
16.6 17.8602
16.6 17.5020
16.6 17.0073
16.6 16.4105
16.6 15.7494
16.6 15.0717
16.6 14.4201
16.6 13.8380
16.6 13.3995
16.6 13.1568
16.7 13.1369
16.7 13.3645
16.7 13.8356
16.7 14.5102
16.7 15.3158
16.7 16.1873
16.7 17.0325
16.7 17.7613
16.7 18.3275
16.7 18.6941
16.7 18.8430
16.7 18.7989
16.7 18.6243
16.7 18.3283
16.7 17.9181
16.7 17.4288
16.7 16.8711
16.7 16.2484
16.7 15.5617
16.7 14.8204
16.8 14.0667
16.8 13.3860
16.8 12.8653
16.8 12.5993
16.8 12.6594
16.8 13.0371
16.8 13.6900
16.8 14.5468
16.8 15.4897
16.8 16.4183
16.8 17.2504
16.8 17.8834
16.8 18.2714
16.8 18.3897
16.8 18.2282
16.8 17.8126
16.8 17.1826
16.8 16.4291
16.8 15.6800
16.8 15.0384
16.9 14.5981
16.9 14.4447
16.9 14.6074
16.9 15.0796
16.9 15.8036
16.9 16.6711
16.9 17.5371
16.9 18.2264
16.9 18.5926
16.9 18.5559
16.9 18.1246
16.9 17.3509
16.9 16.3190
16.9 15.1783
16.9 14.0836
16.9 13.1896
16.9 12.6299
16.9 12.4619
16.9 12.6756
16.9 13.2100
17.0 13.9716
17.0 14.8527
17.0 15.7518
17.0 16.5893
17.0 17.3268
17.0 17.9442
17.0 18.4234
17.0 18.7739
17.0 18.9734
17.0 18.9752
17.0 18.7710
17.0 18.3743
17.0 17.8200
17.0 17.1422
17.0 16.3880
17.0 15.6275
17.0 14.9291
17.0 14.3644
17.0 13.9940
17.0 13.8313
17.1 13.8825
17.1 14.1523
17.1 14.5849
17.1 15.1184
17.1 15.6845
17.1 16.1897
17.1 16.5779
17.1 16.8096
17.1 16.8640
17.1 16.7361
17.1 16.4427
17.1 16.0266
17.1 15.5480
17.1 15.0835
17.1 14.7053
17.1 14.4344
17.1 14.2644
17.1 14.1891
17.1 14.1959
17.1 14.2908
17.2 14.4798
17.2 14.7622
17.2 15.1674
17.2 15.6989
17.2 16.3082
17.2 16.9687
17.2 17.6408
17.2 18.2626
17.2 18.7709
17.2 19.1342
17.2 19.3363
17.2 19.3454
17.2 19.1581
17.2 18.8016
17.2 18.3099
17.2 17.7131
17.2 17.0710
17.2 16.4443
17.2 15.8594
17.2 15.3649
17.3 14.9965
17.3 14.7457
17.3 14.5831
17.3 14.4634
17.3 14.3470
17.3 14.2105
17.3 14.0561
17.3 13.9076
17.3 13.7959
17.3 13.7270
17.3 13.7054
17.3 13.7342
17.3 13.8184
17.3 13.9582
17.3 14.1338
17.3 14.3366
17.3 14.5770
17.3 14.8643
17.3 15.1946
17.3 15.5600
17.4 15.9345
17.4 16.2651
17.4 16.5321
17.4 16.7199
17.4 16.8260
17.4 16.8880
17.4 16.9472
17.4 17.0482
17.4 17.2072
17.4 17.4272
17.4 17.7125
17.4 18.0687
17.4 18.4810
17.4 18.8579
17.4 19.1182
17.4 19.2212
17.4 19.1364
17.4 18.8718
17.4 18.4417
17.4 17.8648
17.5 17.1740
17.5 16.4200
17.5 15.6434
17.5 14.8848
17.5 14.1642
17.5 13.4822
17.5 12.8739
17.5 12.3975
17.5 12.1130
17.5 12.0579
17.5 12.2594
17.5 12.7066
17.5 13.3420
17.5 14.1084
17.5 14.9271
17.5 15.7067
17.5 16.3753
17.5 16.8910
17.5 17.2193
17.5 17.3546
17.6 17.3217
17.6 17.1773
17.6 16.9800
17.6 16.7799
17.6 16.6132
17.6 16.4761
17.6 16.3726
17.6 16.3101
17.6 16.2930
17.6 16.3427
17.6 16.4588
17.6 16.6300
17.6 16.8674
17.6 17.1438
17.6 17.4021
17.6 17.5771
17.6 17.6112
17.6 17.4691
17.6 17.1405
17.6 16.6754
17.7 16.1307
17.7 15.5662
17.7 15.0816
17.7 14.7261
17.7 14.5021
17.7 14.4086
17.7 14.4609
17.7 14.6349
17.7 14.8762
17.7 15.1469
17.7 15.3865
17.7 15.5441
17.7 15.5954
17.7 15.5369
17.7 15.3667
17.7 15.0949
17.7 14.7760
17.7 14.4751
17.7 14.2589
17.7 14.1990
17.8 14.3350
17.8 14.6597
17.8 15.1370
17.8 15.7158
17.8 16.3156
17.8 16.8655
17.8 17.3186
17.8 17.6492
17.8 17.8682
17.8 18.0019
17.8 18.0420
17.8 17.9730
17.8 17.8044
17.8 17.5568
17.8 17.2624
17.8 16.9505
17.8 16.6198
17.8 16.2867
17.8 15.9713
17.8 15.6707
17.9 15.3970
17.9 15.1563
17.9 14.9599
17.9 14.8282
17.9 14.7741
17.9 14.7893
17.9 14.8930
17.9 15.1039
17.9 15.4174
17.9 15.8317
17.9 16.3139
17.9 16.8302
17.9 17.3178
17.9 17.7053
17.9 17.9365
17.9 17.9783
17.9 17.8111
17.9 17.4398
17.9 16.9139
17.9 16.3020
18.0 15.6708
18.0 15.0768
18.0 14.5703
18.0 14.1713
18.0 13.8820
18.0 13.6972
18.0 13.5986
18.0 13.5721
18.0 13.6233
18.0 13.7471
18.0 13.9290
18.0 14.1616
18.0 14.4524
18.0 14.8224
18.0 15.2754
18.0 15.7768
18.0 16.3155
18.0 16.8694
18.0 17.3762
18.0 17.8050
18.1 18.1268
18.1 18.3146
18.1 18.3818
18.1 18.3639
18.1 18.3025
18.1 18.2075
18.1 18.0755
18.1 17.9033
18.1 17.6811
18.1 17.4181
18.1 17.1220
18.1 16.7982
18.1 16.4611
18.1 16.1322
18.1 15.8327
18.1 15.5886
18.1 15.4111
18.1 15.2695
18.1 15.1225
18.1 14.9557
18.2 14.7444
18.2 14.4612
18.2 14.1261
18.2 13.7828
18.2 13.4846
18.2 13.2833
18.2 13.2133
18.2 13.2866
18.2 13.5229
18.2 13.9086
18.2 14.3980
18.2 14.9644
18.2 15.5924
18.2 16.2787
18.2 16.9853
18.2 17.6361
18.2 18.1703
18.2 18.5396
18.2 18.7008
18.2 18.6423
18.3 18.3976
18.3 18.0026
18.3 17.4995
18.3 16.9877
18.3 16.5585
18.3 16.2606
18.3 16.1624
18.3 16.2875
18.3 16.6064
18.3 17.0634
18.3 17.5672
18.3 18.0470
18.3 18.4166
18.3 18.5544
18.3 18.3741
18.3 17.8558
18.3 17.0064
18.3 15.8868
18.3 14.5956
18.3 13.2769
18.4 12.1242
18.4 11.3006
18.4 10.9235
18.4 11.0333
18.4 11.5871
18.4 12.4793
18.4 13.5581
18.4 14.6685
18.4 15.6739
18.4 16.4603
18.4 16.9722
18.4 17.1966
18.4 17.1543
18.4 16.9271
18.4 16.6144
18.4 16.3200
18.4 16.1197
18.4 16.0565
18.4 16.1587
18.4 16.4168
18.5 16.7933
18.5 17.2339
18.5 17.6607
18.5 17.9962
18.5 18.1982
18.5 18.2481
18.5 18.1328
18.5 17.8697
18.5 17.5290
18.5 17.1636
18.5 16.7950
18.5 16.4764
18.5 16.2308
18.5 16.0603
18.5 15.9639
18.5 15.9008
18.5 15.8572
18.5 15.8363
18.5 15.8119
18.5 15.7596
18.6 15.6731
18.6 15.5638
18.6 15.4186
18.6 15.2231
18.6 14.9853
18.6 14.7178
18.6 14.4452
18.6 14.1797
18.6 13.9283
18.6 13.6966
18.6 13.4844
18.6 13.2972
18.6 13.1551
18.6 13.0891
18.6 13.1227
18.6 13.2713
18.6 13.5586
18.6 13.9944
18.6 14.5795
18.6 15.3092
18.7 16.1682
18.7 17.1119
18.7 18.0661
18.7 18.9634
18.7 19.7277
18.7 20.2894
18.7 20.6008
18.7 20.6505
18.7 20.4329
18.7 19.9602
18.7 19.3136
18.7 18.5826
18.7 17.8383
18.7 17.1543
18.7 16.5847
18.7 16.1272
18.7 15.7802
18.7 15.5533
18.7 15.4473
18.7 15.4298
18.8 15.4594
18.8 15.4814
18.8 15.4314
18.8 15.2529
18.8 14.9223
18.8 14.4750
18.8 13.9492
18.8 13.3996
18.8 12.9138
18.8 12.5803
18.8 12.4566
18.8 12.5612
18.8 12.8935
18.8 13.4182
18.8 14.0707
18.8 14.7671
18.8 15.4356
18.8 16.0435
18.8 16.5942
18.8 17.0635
18.9 17.4398
18.9 17.7307
18.9 17.9386
18.9 18.0942
18.9 18.1864
18.9 18.2130
18.9 18.2063
18.9 18.1570
18.9 18.0577
18.9 17.9128
18.9 17.6952
18.9 17.3804
18.9 16.9807
18.9 16.5075
18.9 15.9817
18.9 15.4498
18.9 14.9730
18.9 14.5860
18.9 14.3009
18.9 14.1604
19.0 14.1648
19.0 14.2581
19.0 14.4138
19.0 14.6356
19.0 14.9404
19.0 15.3416
19.0 15.8266
19.0 16.3510
19.0 16.8610
19.0 17.2951
19.0 17.5954
19.0 17.7404
19.0 17.7077
19.0 17.4584
19.0 16.9849
19.0 16.3060
19.0 15.4881
19.0 14.6320
19.0 13.8617
19.0 13.3444
19.1 13.1927
19.1 13.4364
19.1 14.0069
19.1 14.7658
19.1 15.5744
19.1 16.3153
19.1 16.8988
19.1 17.2770
19.1 17.4526
19.1 17.4570
19.1 17.3267
19.1 17.1077
19.1 16.8415
19.1 16.5732
19.1 16.3617
19.1 16.2280
19.1 16.1970
19.1 16.2910
19.1 16.4963
19.1 16.7696
19.2 17.0726
19.2 17.3679
19.2 17.6007
19.2 17.7281
19.2 17.7269
19.2 17.5704
19.2 17.2487
19.2 16.7828
19.2 16.1741
19.2 15.4325
19.2 14.6161
19.2 13.8349
19.2 13.1840
19.2 12.7248
19.2 12.5323
19.2 12.6515
19.2 13.0768
19.2 13.7464
19.2 14.5861
19.2 15.5039
19.3 16.3986
19.3 17.2051
19.3 17.8624
19.3 18.3052
19.3 18.4898
19.3 18.3994
19.3 18.0527
19.3 17.5230
19.3 16.8660
19.3 16.1450
19.3 15.4413
19.3 14.8252
19.3 14.3543
19.3 14.0809
19.3 14.0377
19.3 14.2350
19.3 14.6741
19.3 15.3233
19.3 16.1267
19.3 17.0078
19.4 17.8794
19.4 18.6630
19.4 19.3131
19.4 19.8006
19.4 20.1183
19.4 20.2621
19.4 20.2109
19.4 19.9689
19.4 19.5436
19.4 18.9044
19.4 18.0300
19.4 16.9533
19.4 15.7568
19.4 14.5210
19.4 13.3391
19.4 12.3168
19.4 11.5325
19.4 11.0503
19.4 10.9190
19.4 11.1344
19.5 11.6519
19.5 12.4048
19.5 13.2969
19.5 14.2472
19.5 15.1673
19.5 15.9842
19.5 16.6594
19.5 17.1626
19.5 17.4780
19.5 17.6010
19.5 17.5503
19.5 17.3612
19.5 17.0834
19.5 16.7906
19.5 16.5641
19.5 16.4613
19.5 16.4915
19.5 16.6360
19.5 16.8715
19.5 17.1473
19.6 17.3737
19.6 17.4795
19.6 17.4331
19.6 17.2242
19.6 16.8649
19.6 16.4054
19.6 15.9040
19.6 15.4321
19.6 15.0747
19.6 14.9064
19.6 14.9728
19.6 15.2472
19.6 15.6656
19.6 16.1534
19.6 16.6337
19.6 17.0511
19.6 17.3338
19.6 17.4228
19.6 17.2970
19.6 16.9539
19.7 16.4377
19.7 15.8158
19.7 15.1736
19.7 14.6240
19.7 14.2461
19.7 14.0546
19.7 14.0298
19.7 14.1429
19.7 14.3195
19.7 14.4895
19.7 14.6278
19.7 14.7335
19.7 14.8393
19.7 14.9925
19.7 15.2228
19.7 15.5630
19.7 16.0304
19.7 16.6219
19.7 17.3144
19.7 18.0767
19.8 18.8469
19.8 19.5400
19.8 20.0924
19.8 20.4443
19.8 20.5446
19.8 20.3418
19.8 19.8192
19.8 18.9854
19.8 17.8587
19.8 16.5040
19.8 15.0465
19.8 13.6504
19.8 12.4772
19.8 11.6376
19.8 11.2038
19.8 11.2096
19.8 11.6362
19.8 12.4173
19.8 13.4526
19.8 14.6342
19.9 15.8430
19.9 16.9600
19.9 17.8871
19.9 18.5623
19.9 18.9846
19.9 19.1247
19.9 18.9651
19.9 18.5478
19.9 17.9337
19.9 17.1933
19.9 16.3902
19.9 15.6155
19.9 14.9462
19.9 14.4490
19.9 14.1634
19.9 14.0892
19.9 14.1990
19.9 14.4247
19.9 14.7086
19.9 15.0158
20.0 15.3014
20.0 15.5280
20.0 15.6928
20.0 15.8162
20.0 15.9492
20.0 16.1344
20.0 16.3705
20.0 16.6572
20.0 17.0079
20.0 17.3935
20.0 17.7554
20.0 18.0398
20.0 18.1796
20.0 18.1267
20.0 17.8771
20.0 17.4294
20.0 16.8282
20.0 16.1213
20.0 15.3445
20.0 14.5949
20.1 13.9565
20.1 13.4830
20.1 13.2069
20.1 13.1326
20.1 13.2613
20.1 13.5676
20.1 13.9932
20.1 14.4792
20.1 14.9984
20.1 15.5549
20.1 16.1562
20.1 16.7849
20.1 17.4199
20.1 18.0426
20.1 18.6010
20.1 19.0266
20.1 19.2736
20.1 19.2970
20.1 19.0532
20.1 18.5442
20.2 17.8192
20.2 16.9433
20.2 16.0175
20.2 15.1645
20.2 14.4814
20.2 14.0511
20.2 13.9082
20.2 14.0213
20.2 14.3302
20.2 14.7562
20.2 15.1986
20.2 15.5356
20.2 15.7070
20.2 15.7103
20.2 15.5574
20.2 15.3157
20.2 15.0734
20.2 14.9220
20.2 14.9260
20.2 15.1066
20.3 15.4564
20.3 15.9566
20.3 16.5506
20.3 17.1486
20.3 17.6912
20.3 18.1125
20.3 18.3674
20.3 18.4190
20.3 18.2213
20.3 17.7696
20.3 17.1184
20.3 16.3517
20.3 15.5844
20.3 14.9498
20.3 14.5545
20.3 14.4337
20.3 14.5496
20.3 14.8447
20.3 15.2393
20.3 15.6460
20.4 16.0252
20.4 16.3649
20.4 16.6605
20.4 16.9341
20.4 17.1674
20.4 17.3220
20.4 17.3794
20.4 17.3230
20.4 17.1549
20.4 16.8840
20.4 16.5235
20.4 16.1083
20.4 15.6838
20.4 15.3067
20.4 15.0198
20.4 14.8333
20.4 14.7714
20.4 14.8101
20.4 14.8838
20.4 14.9533
20.5 15.0244
20.5 15.1031
20.5 15.1849
20.5 15.2921
20.5 15.4303
20.5 15.5868
20.5 15.7580
20.5 15.9625
20.5 16.2004
20.5 16.4439
20.5 16.6500
20.5 16.7704
20.5 16.7692
20.5 16.6320
20.5 16.3679
20.5 16.0141
20.5 15.6141
20.5 15.1980
20.5 14.8054
20.5 14.4914
20.6 14.2996
20.6 14.2524
20.6 14.3415
20.6 14.5482
20.6 14.8656
20.6 15.2867
20.6 15.8077
20.6 16.4028
20.6 17.0277
20.6 17.6509
20.6 18.2236
20.6 18.6816
20.6 18.9718
20.6 19.0711
20.6 18.9617
20.6 18.6109
20.6 18.0451
20.6 17.3096
20.6 16.4471
20.6 15.5367
20.7 14.6626
20.7 13.9029
20.7 13.3183
20.7 12.9329
20.7 12.7424
20.7 12.7424
20.7 12.9056
20.7 13.2153
20.7 13.6561
20.7 14.1849
20.7 14.7861
20.7 15.4414
20.7 16.0899
20.7 16.6792
20.7 17.1675
20.7 17.5345
20.7 17.7629
20.7 17.8421
20.7 17.8002
20.7 17.6515
20.8 17.4072
20.8 17.1003
20.8 16.7469
20.8 16.3674
20.8 16.0019
20.8 15.7022
20.8 15.5019
20.8 15.4065
20.8 15.4267
20.8 15.5731
20.8 15.8324
20.8 16.1599
20.8 16.5182
20.8 16.8665
20.8 17.1937
20.8 17.4618
20.8 17.6066
20.8 17.6190
20.8 17.5111
20.8 17.3071
20.9 17.0445
20.9 16.7706
20.9 16.5225
20.9 16.2897
20.9 16.0291
20.9 15.7281
20.9 15.3821
20.9 14.9859
20.9 14.5718
20.9 14.1495
20.9 13.7171
20.9 13.2961
20.9 12.9161
20.9 12.6112
20.9 12.4295
20.9 12.4141
20.9 12.6062
20.9 13.0444
20.9 13.7346
20.9 14.6373
21.0 15.6710
21.0 16.7474
21.0 17.7762
21.0 18.6763
21.0 19.4153
21.0 19.9550
21.0 20.2729
21.0 20.4365
21.0 20.4561
21.0 20.3092
21.0 20.0049
21.0 19.5243
21.0 18.8625
21.0 18.0246
21.0 17.0384
21.0 15.9755
21.0 14.9227
21.0 13.9968
21.0 13.2929
21.0 12.8702
21.1 12.7586
21.1 12.9222
21.1 13.3016
21.1 13.8142
21.1 14.3624
21.1 14.8712
21.1 15.2845
21.1 15.6016
21.1 15.8429
21.1 16.0595
21.1 16.2902
21.1 16.5429
21.1 16.8417
21.1 17.1868
21.1 17.5437
21.1 17.8418
21.1 18.0352
21.1 18.0796
21.1 17.9293
21.1 17.5675
21.2 17.0073
21.2 16.2976
21.2 15.5136
21.2 14.7708
21.2 14.1809
21.2 13.8095
21.2 13.6896
21.2 13.8361
21.2 14.2214
21.2 14.7734
21.2 15.4117
21.2 16.0627
21.2 16.6639
21.2 17.1548
21.2 17.4746
21.2 17.6063
21.2 17.5682
21.2 17.3791
21.2 17.1014
21.2 16.7893
21.3 16.4584
21.3 16.1559
21.3 15.9156
21.3 15.7095
21.3 15.5307
21.3 15.3697
21.3 15.2090
21.3 15.0695
21.3 14.9664
21.3 14.9141
21.3 14.9422
21.3 15.0744
21.3 15.3451
21.3 15.7358
21.3 16.1917
21.3 16.6694
21.3 17.1053
21.3 17.4436
21.3 17.6542
21.3 17.7381
21.4 17.7301
21.4 17.6490
21.4 17.4991
21.4 17.3176
21.4 17.1437
21.4 16.9766
21.4 16.7716
21.4 16.4990
21.4 16.1547
21.4 15.7570
21.4 15.3233
21.4 14.8501
21.4 14.3580
21.4 13.8899
21.4 13.4874
21.4 13.1882
21.4 13.0349
21.4 13.0511
21.4 13.2338
21.4 13.6013
21.5 14.1590
21.5 14.8888
21.5 15.7532
21.5 16.6816
21.5 17.5984
21.5 18.4302
21.5 19.1276
21.5 19.6456
21.5 19.9512
21.5 20.0428
21.5 19.9226
21.5 19.6138
21.5 19.1391
21.5 18.5239
21.5 17.8047
21.5 17.0228
21.5 16.2408
21.5 15.5012
21.5 14.8241
21.5 14.2403
21.5 13.7873
21.6 13.4850
21.6 13.3482
21.6 13.3887
21.6 13.5711
21.6 13.8457
21.6 14.1762
21.6 14.5249
21.6 14.8469
21.6 15.1176
21.6 15.3543
21.6 15.5658
21.6 15.7503
21.6 15.9381
21.6 16.1267
21.6 16.2835
21.6 16.3906
21.6 16.4304
21.6 16.4098
21.6 16.3383
21.6 16.2477
21.7 16.1551
21.7 16.0634
21.7 15.9856
21.7 15.9250
21.7 15.8906
21.7 15.8776
21.7 15.8977
21.7 15.9714
21.7 16.1160
21.7 16.3476
21.7 16.6570
21.7 17.0134
21.7 17.4141
21.7 17.8196
21.7 18.1361
21.7 18.2831
21.7 18.2208
21.7 17.9315
21.7 17.4168
21.7 16.7291
21.8 15.9481
21.8 15.1523
21.8 14.4180
21.8 13.8033
21.8 13.3367
21.8 13.0470
21.8 12.9385
21.8 12.9908
21.8 13.1790
21.8 13.4840
21.8 13.8725
21.8 14.3012
21.8 14.7370
21.8 15.1452
21.8 15.5093
21.8 15.8337
21.8 16.1238
21.8 16.3786
21.8 16.6053
21.8 16.8200
21.9 17.0322
21.9 17.2455
21.9 17.4778
21.9 17.7082
21.9 17.9182
21.9 18.1003
21.9 18.2347
21.9 18.3121
21.9 18.3242
21.9 18.2585
21.9 18.0987
21.9 17.8381
21.9 17.4743
21.9 16.9891
21.9 16.3736
21.9 15.6736
21.9 14.9425
21.9 14.2301
21.9 13.6124
21.9 13.1482
22.0 12.8692
22.0 12.7915
22.0 12.9143
22.0 13.2133
22.0 13.6370
22.0 14.1249
22.0 14.6158
22.0 15.0392
22.0 15.3401
22.0 15.5121
22.0 15.5962
22.0 15.6686
22.0 15.8111
22.0 16.0937
22.0 16.5320
22.0 17.1117
22.0 17.7732
22.0 18.4063
22.0 18.8997
22.0 19.1667
22.1 19.1795
22.1 18.9289
22.1 18.4329
22.1 17.7777
22.1 17.0738
22.1 16.4186
22.1 15.9247
22.1 15.6917
22.1 15.7492
22.1 16.0883
22.1 16.6289
22.1 17.2270
22.1 17.7358
22.1 18.0177
22.1 17.9650
22.1 17.5395
22.1 16.7778
22.1 15.7593
22.1 14.6379
22.1 13.5745
22.2 12.6840
22.2 12.0728
22.2 11.7811
22.2 11.7975
22.2 12.1095
22.2 12.6852
22.2 13.4868
22.2 14.4419
22.2 15.4634
22.2 16.4608
22.2 17.3224
22.2 17.9781
22.2 18.3772
22.2 18.4848
22.2 18.3123
22.2 17.9110
22.2 17.3573
22.2 16.7373
22.2 16.1456
22.2 15.6725
22.3 15.3774
22.3 15.2694
22.3 15.3476
22.3 15.6049
22.3 16.0026
22.3 16.4759
22.3 16.9437
22.3 17.3422
22.3 17.6477
22.3 17.8669
22.3 17.9840
22.3 18.0070
22.3 17.9408
22.3 17.7536
22.3 17.4652
22.3 17.0880
22.3 16.6290
22.3 16.1173
22.3 15.5610
22.3 14.9885
22.4 14.4485
22.4 13.9800
22.4 13.6346
22.4 13.4877
22.4 13.5754
22.4 13.8711
22.4 14.3321
22.4 14.8939
22.4 15.4849
22.4 16.0482
22.4 16.5229
22.4 16.8863
22.4 17.1178
22.4 17.2009
22.4 17.1599
22.4 17.0243
22.4 16.8090
22.4 16.5306
22.4 16.2280
22.4 15.9427
22.5 15.7002
22.5 15.5307
22.5 15.4558
22.5 15.4699
22.5 15.5670
22.5 15.7295
22.5 15.9339
22.5 16.1650
22.5 16.3684
22.5 16.4785
22.5 16.4755
22.5 16.3464
22.5 16.0778
22.5 15.6891
22.5 15.2086
22.5 14.6901
22.5 14.2057
22.5 13.8238
22.5 13.6250
22.5 13.6690
22.6 14.0062
22.6 14.6205
22.6 15.4129
22.6 16.2655
22.6 17.0774
22.6 17.7577
22.6 18.2279
22.6 18.4760
22.6 18.5123
22.6 18.3651
22.6 18.0671
22.6 17.6531
22.6 17.1631
22.6 16.6360
22.6 16.1221
22.6 15.6676
22.6 15.3172
22.6 15.0790
22.6 14.9537
22.6 14.9312
22.7 14.9985
22.7 15.1426
22.7 15.3606
22.7 15.6146
22.7 15.8240
22.7 15.9784
22.7 16.0759
22.7 16.1314
22.7 16.1514
22.7 16.1318
22.7 16.0918
22.7 16.0553
22.7 16.0660
22.7 16.1482
22.7 16.3138
22.7 16.5666
22.7 16.8862
22.7 17.2031
22.7 17.4139
22.7 17.4428
22.8 17.2778
22.8 16.9509
22.8 16.4862
22.8 15.9645
22.8 15.4721
22.8 15.0577
22.8 14.7892
22.8 14.7011
22.8 14.7879
22.8 15.0215
22.8 15.3653
22.8 15.7716
22.8 16.1906
22.8 16.5714
22.8 16.8716
22.8 17.0664
22.8 17.1392
22.8 17.0841
22.8 16.9140
22.8 16.6456
22.9 16.2809
22.9 15.8501
22.9 15.3974
22.9 14.9487
22.9 14.5379
22.9 14.2032
22.9 13.9869
22.9 13.9338
22.9 14.0553
22.9 14.3565
22.9 14.8168
22.9 15.3555
22.9 15.9011
22.9 16.4007
22.9 16.8327
22.9 17.1892
22.9 17.4442
22.9 17.5993
22.9 17.6674
22.9 17.6637
23.0 17.6468
23.0 17.6338
23.0 17.5917
23.0 17.5163
23.0 17.4003
23.0 17.2218
23.0 16.9629
23.0 16.6209
23.0 16.2028
23.0 15.7481
23.0 15.3211
23.0 14.9658
23.0 14.6981
23.0 14.5308
23.0 14.4854
23.0 14.5736
23.0 14.7682
23.0 15.0291
23.0 15.3314
23.0 15.6511
23.1 15.9550
23.1 16.2107
23.1 16.3832
23.1 16.4523
23.1 16.4266
23.1 16.3297
23.1 16.1740
23.1 15.9906
23.1 15.8349
23.1 15.7314
23.1 15.6999
23.1 15.7582
23.1 15.8892
23.1 16.0738
23.1 16.2711
23.1 16.4328
23.1 16.5429
23.1 16.5737
23.1 16.5019
23.1 16.3253
23.2 16.0710
23.2 15.7706
23.2 15.4394
23.2 15.1124
23.2 14.8631
23.2 14.7406
23.2 14.7543
23.2 14.9148
23.2 15.2083
23.2 15.6095
23.2 16.0714
23.2 16.5373
23.2 16.9491
23.2 17.2849
23.2 17.5159
23.2 17.6175
23.2 17.6048
23.2 17.4867
23.2 17.2946
23.2 17.0528
23.3 16.7987
23.3 16.6105
23.3 16.5175
23.3 16.5067
23.3 16.5843
23.3 16.7178
23.3 16.8544
23.3 16.9428
23.3 16.9594
23.3 16.9104
23.3 16.8232
23.3 16.7179
23.3 16.5893
23.3 16.4543
23.3 16.2844
23.3 16.0472
23.3 15.7407
23.3 15.3743
23.3 14.9777
23.3 14.5613
23.4 14.1586
23.4 13.8192
23.4 13.5801
23.4 13.4605
23.4 13.4656
23.4 13.6009
23.4 13.8456
23.4 14.1464
23.4 14.4783
23.4 14.8077
23.4 15.1020
23.4 15.3627
23.4 15.5867
23.4 15.7871
23.4 15.9883
23.4 16.1895
23.4 16.3857
23.4 16.5919
23.4 16.8349
23.4 17.1493
23.5 17.5466
23.5 18.0176
23.5 18.5459
23.5 19.0873
23.5 19.5828
23.5 19.9424
23.5 20.0882
23.5 19.9502
23.5 19.4622
23.5 18.6279
23.5 17.5173
23.5 16.2251
23.5 14.8789
23.5 13.6369
23.5 12.6210
23.5 11.9291
23.5 11.6230
23.5 11.7002
23.5 12.1129
23.5 12.7891
23.6 13.6417
23.6 14.5698
23.6 15.4559
23.6 16.1894
23.6 16.7101
23.6 17.0119
23.6 17.1211
23.6 17.0581
23.6 16.8518
23.6 16.5635
23.6 16.2487
23.6 15.9580
23.6 15.7394
23.6 15.6348
23.6 15.6598
23.6 15.8037
23.6 16.0577
23.6 16.3965
23.6 16.7785
23.6 17.1778
23.7 17.5847
23.7 17.9541
23.7 18.2425
23.7 18.4393
23.7 18.5324
23.7 18.5009
23.7 18.3091
23.7 17.9303
23.7 17.3783
23.7 16.7060
23.7 15.9839
23.7 15.2641
23.7 14.6146
23.7 14.1222
23.7 13.8224
23.7 13.7179
23.7 13.8022
23.7 14.0213
23.7 14.3144
23.7 14.6241
23.8 14.8755
23.8 15.0586
23.8 15.1642
23.8 15.1731
23.8 15.1302
23.8 15.0973
23.8 15.1157
23.8 15.2103
23.8 15.4030
23.8 15.6894
23.8 16.0166
23.8 16.3157
23.8 16.5513
23.8 16.6748
23.8 16.6507
23.8 16.4960
23.8 16.2688
23.8 16.0610
23.8 15.9445
23.8 15.9694
23.9 16.1768
23.9 16.5630
23.9 17.0590
23.9 17.5630
23.9 17.9614
23.9 18.1792
23.9 18.1754
23.9 17.9210
23.9 17.4687
23.9 16.8802
23.9 16.1996
23.9 15.4968
23.9 14.8472
23.9 14.3228
23.9 13.9620
23.9 13.8064
23.9 13.8635
23.9 14.0996
23.9 14.4829
23.9 14.9785
24.0 15.5391
24.0 16.0989
24.0 16.5819
24.0 16.9247
24.0 17.0798
24.0 17.0127
24.0 16.7258
24.0 16.2706
24.0 15.7140
24.0 15.1256
24.0 14.5879
24.0 14.1847
24.0 13.9741
24.0 13.9685
24.0 14.1431
24.0 14.4627
24.0 14.8983
24.0 15.4336
24.0 16.0442
24.0 16.6846
24.1 17.2921
24.1 17.7940
24.1 18.1419
24.1 18.3287
24.1 18.3798
24.1 18.3321
24.1 18.2069
24.1 18.0155
24.1 17.7659
24.1 17.4743
24.1 17.1674
24.1 16.8774
24.1 16.6723
24.1 16.6060
24.1 16.6764
24.1 16.8223
24.1 16.9712
24.1 17.0287
24.1 16.8995
24.1 16.5648
24.2 16.0684
24.2 15.4634
24.2 14.8016
24.2 14.1534
24.2 13.5849
24.2 13.1608
24.2 12.9186
24.2 12.8636
24.2 12.9933
24.2 13.3016
24.2 13.7487
24.2 14.2998
24.2 14.9242
24.2 15.5608
24.2 16.1626
24.2 16.6913
24.2 17.1262
24.2 17.4418
24.2 17.5963
24.2 17.5683
24.3 17.3647
24.3 17.0388
24.3 16.6713
24.3 16.3140
24.3 16.0164
24.3 15.8458
24.3 15.8256
24.3 15.9587
24.3 16.2417
24.3 16.6505
24.3 17.1655
24.3 17.7215
24.3 18.2307
24.3 18.6414
24.3 18.9268
24.3 19.0830
24.3 19.0955
24.3 18.9495
24.3 18.6634
24.3 18.2502
24.4 17.7080
24.4 17.0566
24.4 16.3280
24.4 15.5832
24.4 14.8779
24.4 14.2481
24.4 13.7374
24.4 13.3823
24.4 13.1931
24.4 13.1436
24.4 13.2180
24.4 13.3732
24.4 13.5324
24.4 13.6602
24.4 13.7486
24.4 13.7935
24.4 13.8160
24.4 13.8601
24.4 13.9573
24.4 14.1395
24.5 14.4410
24.5 14.8752
24.5 15.4283
24.5 16.0819
24.5 16.7954
24.5 17.5501
24.5 18.3045
24.5 18.9708
24.5 19.4859
24.5 19.8150
24.5 19.9596
24.5 19.9463
24.5 19.7875
24.5 19.4916
24.5 19.0948
24.5 18.6510
24.5 18.1789
24.5 17.6796
24.5 17.1638
24.5 16.6220
24.6 16.0643
24.6 15.5334
24.6 15.0611
24.6 14.6568
24.6 14.3422
24.6 14.1225
24.6 13.9986
24.6 13.9785
24.6 14.0518
24.6 14.1894
24.6 14.3567
24.6 14.5113
24.6 14.6325
24.6 14.6866
24.6 14.6538
24.6 14.5752
24.6 14.4860
24.6 14.4324
24.6 14.4595
24.6 14.5751
24.7 14.8006
24.7 15.1309
24.7 15.5323
24.7 15.9975
24.7 16.5281
24.7 17.1012
24.7 17.6556
24.7 18.1711
24.7 18.6253
24.7 18.9467
24.7 19.1019
24.7 19.0958
24.7 18.9456
24.7 18.6892
24.7 18.3699
24.7 18.0218
24.7 17.6812
24.7 17.3432
24.7 16.9790
24.7 16.5863
24.8 16.1773
24.8 15.7729
24.8 15.3927
24.8 15.0468
24.8 14.7637
24.8 14.5714
24.8 14.4893
24.8 14.5366
24.8 14.7000
24.8 14.9550
24.8 15.2485
24.8 15.5127
24.8 15.6870
24.8 15.7235
24.8 15.5858
24.8 15.2729
24.8 14.8568
24.8 14.4039
24.8 13.9718
24.8 13.6438
24.9 13.4917
24.9 13.5479
24.9 13.7926
24.9 14.1699
24.9 14.6171
24.9 15.0836
24.9 15.5364
24.9 15.9469
24.9 16.3189
24.9 16.6495
24.9 16.9306
24.9 17.1749
24.9 17.3713
24.9 17.5112
24.9 17.6116
24.9 17.6504
24.9 17.5870
24.9 17.4285
24.9 17.1737
24.9 16.8522
25.0 16.5090
25.0 16.1698
25.0 15.8907
25.0 15.7276
25.0 15.6938
25.0 15.7743
25.0 15.9582
25.0 16.2121
25.0 16.4840
25.0 16.7067
25.0 16.8227
25.0 16.7891
25.0 16.5931
25.0 16.2527
25.0 15.8029
25.0 15.2878
25.0 14.7522
25.0 14.2758
25.0 13.9329
25.0 13.7781
25.1 13.8344
25.1 14.1104
25.1 14.5886
25.1 15.2052
25.1 15.8753
25.1 16.5023
25.1 17.0059
25.1 17.3280
25.1 17.4274
25.1 17.3181
25.1 17.0502
25.1 16.6598
25.1 16.1897
25.1 15.7329
25.1 15.3680
25.1 15.1502
25.1 15.0900
25.1 15.1472
25.1 15.2862
25.1 15.4395
25.2 15.5681
25.2 15.6772
25.2 15.7606
25.2 15.8359
25.2 15.9572
25.2 16.1534
25.2 16.4273
25.2 16.7673
25.2 17.1541
25.2 17.5607
25.2 17.9283
25.2 18.2110
25.2 18.3475
25.2 18.2681
25.2 17.9574
25.2 17.4310
25.2 16.7202
25.2 15.8946
25.2 15.0686
25.2 14.3367
25.3 13.7498
25.3 13.3597
25.3 13.2001
25.3 13.2730
25.3 13.5503
25.3 13.9859
25.3 14.5324
25.3 15.1369
25.3 15.7469
25.3 16.2908
25.3 16.6872
25.3 16.8719
25.3 16.8161
25.3 16.5317
25.3 16.0657
25.3 15.4714
25.3 14.8350
25.3 14.2865
25.3 13.9238
25.3 13.8147
25.4 13.9895
25.4 14.4367
25.4 15.1163
25.4 15.9425
25.4 16.8169
25.4 17.6699
25.4 18.4276
25.4 19.0557
25.4 19.5427
25.4 19.8470
25.4 19.9500
25.4 19.8665
25.4 19.6378
25.4 19.2839
25.4 18.8179
25.4 18.2975
25.4 17.7448
25.4 17.1638
25.4 16.5652
25.4 15.9416
25.5 15.3001
25.5 14.6580
25.5 14.0456
25.5 13.4994
25.5 13.0417
25.5 12.6918
25.5 12.4524
25.5 12.3130
25.5 12.2635
25.5 12.2818
25.5 12.3672
25.5 12.5383
25.5 12.8170
25.5 13.2104
25.5 13.7124
25.5 14.3110
25.5 14.9680
25.5 15.6366
25.5 16.2703
25.5 16.8128
25.6 17.2118
25.6 17.4472
25.6 17.5295
25.6 17.4791
25.6 17.3494
25.6 17.1894
25.6 17.0389
25.6 16.9780
25.6 17.0225
25.6 17.1317
25.6 17.3014
25.6 17.5236
25.6 17.7548
25.6 17.9785
25.6 18.1725
25.6 18.3192
25.6 18.3959
25.6 18.3506
25.6 18.1709
25.6 17.8606
25.7 17.4463
25.7 16.9602
25.7 16.4153
25.7 15.8348
25.7 15.2765
25.7 14.7981
25.7 14.4548
25.7 14.2817
25.7 14.2418
25.7 14.2829
25.7 14.3425
25.7 14.3515
25.7 14.2766
25.7 14.1137
25.7 13.8749
25.7 13.5914
25.7 13.3417
25.7 13.2054
25.7 13.2150
25.7 13.3902
25.8 13.7338
25.8 14.2365
25.8 14.8710
25.8 15.5889
25.8 16.3339
25.8 17.0564
25.8 17.7261
25.8 18.3279
25.8 18.8454
25.8 19.2327
25.8 19.4444
25.8 19.4662
25.8 19.3325
25.8 19.1083
25.8 18.8256
25.8 18.5075
25.8 18.1873
25.8 17.9078
25.8 17.6905
25.8 17.4917
25.9 17.2549
25.9 16.9480
25.9 16.5552
25.9 16.0752
25.9 15.5205
25.9 14.9257
25.9 14.3377
25.9 13.7939
25.9 13.3369
25.9 13.0048
25.9 12.7996
25.9 12.7270
25.9 12.7815
25.9 12.9204
25.9 13.1161
25.9 13.3452
25.9 13.5807
25.9 13.8317
25.9 14.1057
25.9 14.3876
26.0 14.6725
26.0 14.9715
26.0 15.2968
26.0 15.6501
26.0 16.0067
26.0 16.3482
26.0 16.6657
26.0 16.9544
26.0 17.2016
26.0 17.3887
26.0 17.5174
26.0 17.5993
26.0 17.6399
26.0 17.6486
26.0 17.6613
26.0 17.6788
26.0 17.7154
26.0 17.7566
26.0 17.7638
26.0 17.7627
26.1 17.7594
26.1 17.7380
26.1 17.7340
26.1 17.7747
26.1 17.8346
26.1 17.8862
26.1 17.8992
26.1 17.8143
26.1 17.5911
26.1 17.1843
26.1 16.5552
26.1 15.7072
26.1 14.6755
26.1 13.5508
26.1 12.4497
26.1 11.5141
26.1 10.8672
26.1 10.5822
26.1 10.6947
26.1 11.1822
26.2 11.9685
26.2 12.9424
26.2 13.9782
26.2 14.9697
26.2 15.8555
26.2 16.5993
26.2 17.1807
26.2 17.6205
26.2 17.9546
26.2 18.1963
26.2 18.3629
26.2 18.4980
26.2 18.6021
26.2 18.6766
26.2 18.7311
26.2 18.7607
26.2 18.7828
26.2 18.8024
26.2 18.8282
26.2 18.8471
26.3 18.8249
26.3 18.7270
26.3 18.5303
26.3 18.1825
26.3 17.6488
26.3 16.9597
26.3 16.1474
26.3 15.2645
26.3 14.3871
26.3 13.6100
26.3 13.0218
26.3 12.6858
26.3 12.6270
26.3 12.8258
26.3 13.2291
26.3 13.7626
26.3 14.3263
26.3 14.8183
26.3 15.1678
26.3 15.3295
26.4 15.3204
26.4 15.1836
26.4 14.9779
26.4 14.7753
26.4 14.6145
26.4 14.5010
26.4 14.4192
26.4 14.3679
26.4 14.3501
26.4 14.3753
26.4 14.4661
26.4 14.6517
26.4 14.9775
26.4 15.4741
26.4 16.1073
26.4 16.8348
26.4 17.6113
26.4 18.3675
26.4 19.0428
26.4 19.5886
26.5 19.9671
26.5 20.1927
26.5 20.2807
26.5 20.2361
26.5 20.0380
26.5 19.6629
26.5 19.1228
26.5 18.4246
26.5 17.5849
26.5 16.6462
26.5 15.6671
26.5 14.7239
26.5 13.8781
26.5 13.1696
26.5 12.6335
26.5 12.3043
26.5 12.2027
26.5 12.3347
26.5 12.6862
26.5 13.2156
26.6 13.8617
26.6 14.5511
26.6 15.2156
26.6 15.7931
26.6 16.2264
26.6 16.4752
26.6 16.5366
26.6 16.4525
26.6 16.2590
26.6 15.9924
26.6 15.7171
26.6 15.4887
26.6 15.3450
26.6 15.3228
26.6 15.4325
26.6 15.6606
26.6 15.9692
26.6 16.2986
26.6 16.6068
26.6 16.8909
26.7 17.1348
26.7 17.2840
26.7 17.3166
26.7 17.2572
26.7 17.1336
26.7 16.9345
26.7 16.6879
26.7 16.4369
26.7 16.2020
26.7 16.0106
26.7 15.8700
26.7 15.7961
26.7 15.8415
26.7 16.0155
26.7 16.2981
26.7 16.6746
26.7 17.1128
26.7 17.5599
26.7 17.9421
26.7 18.1954
26.8 18.2502
26.8 18.0549
26.8 17.5739
26.8 16.7837
26.8 15.7096
26.8 14.4397
26.8 13.1080
26.8 11.8430
26.8 10.8037
26.8 10.1130
26.8 9.8356
26.8 10.0085
26.8 10.5992
26.8 11.5219
26.8 12.6561
26.8 13.8807
26.8 15.0951
26.8 16.2078
26.8 17.1687
26.8 17.9579
26.9 18.5715
26.9 19.0160
26.9 19.2868
26.9 19.3991
26.9 19.3828
26.9 19.2479
26.9 19.0000
26.9 18.6500
26.9 18.1992
26.9 17.6709
26.9 17.0722
26.9 16.4292
26.9 15.8006
26.9 15.2182
26.9 14.7443
26.9 14.4405
26.9 14.3551
26.9 14.5316
26.9 14.9420
26.9 15.5102
27.0 16.1564
27.0 16.8150
27.0 17.3778
27.0 17.7529
27.0 17.9263
27.0 17.8898
27.0 17.6739
27.0 17.3008
27.0 16.7993
27.0 16.2304
27.0 15.6223
27.0 14.9934
27.0 14.3893
27.0 13.8452
27.0 13.3969
27.0 13.0975
27.0 12.9852
27.0 13.0856
27.0 13.4259
27.0 13.9894
27.1 14.6911
27.1 15.4417
27.1 16.1603
27.1 16.7708
27.1 17.2246
27.1 17.4945
27.1 17.6005
27.1 17.5826
27.1 17.4826
27.1 17.3918
27.1 17.3694
27.1 17.4125
27.1 17.5165
27.1 17.6578
27.1 17.7790
27.1 17.8276
27.1 17.7509
27.1 17.5259
27.1 17.1658
27.1 16.6586
27.2 16.0101
27.2 15.3099
27.2 14.6409
27.2 14.0412
27.2 13.5733
27.2 13.2825
27.2 13.1834
27.2 13.2780
27.2 13.5542
27.2 13.9594
27.2 14.4218
27.2 14.8866
27.2 15.3048
27.2 15.6389
27.2 15.8655
27.2 15.9623
27.2 15.9384
27.2 15.8249
27.2 15.6506
27.2 15.4743
27.3 15.3585
27.3 15.3407
27.3 15.4521
27.3 15.6797
27.3 15.9689
27.3 16.2750
27.3 16.5371
27.3 16.6889
27.3 16.7171
27.3 16.6263
27.3 16.4460
27.3 16.2351
27.3 16.0321
27.3 15.8832
27.3 15.8407
27.3 15.9057
27.3 16.0674
27.3 16.3089
27.3 16.5933
27.3 16.8895
27.4 17.1575
27.4 17.3812
27.4 17.5245
27.4 17.5721
27.4 17.5141
27.4 17.3061
27.4 16.9340
27.4 16.4180
27.4 15.8096
27.4 15.1661
27.4 14.5474
27.4 14.0290
27.4 13.6624
27.4 13.4611
27.4 13.4367
27.4 13.5790
27.4 13.8634
27.4 14.2591
27.4 14.7324
27.4 15.2426
27.5 15.7456
27.5 16.2063
27.5 16.6070
27.5 16.9040
27.5 17.0420
27.5 17.0004
27.5 16.7826
27.5 16.4340
27.5 16.0249
27.5 15.6357
27.5 15.3526
27.5 15.2409
27.5 15.3532
27.5 15.6895
27.5 16.1878
27.5 16.7856
27.5 17.3854
27.5 17.8901
27.5 18.2440
27.5 18.3898
27.6 18.3026
27.6 18.0253
27.6 17.6054
27.6 17.0815
27.6 16.5105
27.6 15.9665
27.6 15.5141
27.6 15.1864
27.6 14.9914
27.6 14.9042
27.6 14.8988
27.6 14.9497
27.6 15.0372
27.6 15.1608
27.6 15.3228
27.6 15.5219
27.6 15.7598
27.6 16.0136
27.6 16.2166
27.6 16.3090
27.7 16.2574
27.7 16.0658
27.7 15.7715
27.7 15.4273
27.7 15.0926
27.7 14.8146
27.7 14.6269
27.7 14.5465
27.7 14.5750
27.7 14.7036
27.7 14.9064
27.7 15.1544
27.7 15.4176
27.7 15.6962
27.7 15.9663
27.7 16.2007
27.7 16.4261
27.7 16.6304
27.7 16.7967
27.7 16.9493
27.8 17.1098
27.8 17.2717
27.8 17.4135
27.8 17.5447
27.8 17.6420
27.8 17.6440
27.8 17.5475
27.8 17.3579
27.8 17.0821
27.8 16.7703
27.8 16.4649
27.8 16.2072
27.8 16.0269
27.8 15.9417
27.8 15.9505
27.8 16.0262
27.8 16.1313
27.8 16.2180
27.8 16.2402
27.8 16.1723
27.9 16.0145
27.9 15.7663
27.9 15.4331
27.9 15.0319
27.9 14.5842
27.9 14.1233
27.9 13.6655
27.9 13.2198
27.9 12.8309
27.9 12.5551
27.9 12.4537
27.9 12.5797
27.9 12.9509
27.9 13.5568
27.9 14.3556
27.9 15.2857
27.9 16.2672
27.9 17.2141
27.9 18.0433
27.9 18.6698
28.0 19.0597
28.0 19.1925
28.0 19.0561
28.0 18.6749
28.0 18.1155
28.0 17.4766
28.0 16.8167
28.0 16.2108
28.0 15.7551
28.0 15.5090
28.0 15.5034
28.0 15.7163
28.0 16.0782
28.0 16.4788
28.0 16.8026
28.0 16.9760
28.0 16.9538
28.0 16.7257
28.0 16.3323
28.0 15.8605
28.1 15.4035
28.1 15.0335
28.1 14.8137
28.1 14.7782
28.1 14.9011
28.1 15.1149
28.1 15.3490
28.1 15.5512
28.1 15.6860
28.1 15.7323
28.1 15.6928
28.1 15.5998
28.1 15.5019
28.1 15.4456
28.1 15.4702
28.1 15.5748
28.1 15.7274
28.1 15.8937
28.1 16.0422
28.1 16.1390
28.2 16.1539
28.2 16.0662
28.2 15.8657
28.2 15.5736
28.2 15.2382
28.2 14.9080
28.2 14.6409
28.2 14.5076
28.2 14.5696
28.2 14.8545
28.2 15.3612
28.2 16.0386
28.2 16.7902
28.2 17.5255
28.2 18.1658
28.2 18.6656
28.2 18.9780
28.2 19.0561
28.2 18.8833
28.2 18.4803
28.3 17.8976
28.3 17.1940
28.3 16.4368
28.3 15.7013
28.3 15.0746
28.3 14.6240
28.3 14.3922
28.3 14.3910
28.3 14.5819
28.3 14.9013
28.3 15.2628
28.3 15.5775
28.3 15.7808
28.3 15.8346
28.3 15.7443
28.3 15.5360
28.3 15.2587
28.3 14.9611
28.3 14.6952
28.3 14.5241
28.4 14.4921
28.4 14.6245
28.4 14.9205
28.4 15.3601
28.4 15.8738
28.4 16.3637
28.4 16.7429
28.4 16.9378
28.4 16.9007
28.4 16.6724
28.4 16.3275
28.4 15.9445
28.4 15.6234
28.4 15.4394
28.4 15.4301
28.4 15.6193
28.4 15.9847
28.4 16.4676
28.4 17.0286
28.4 17.6010
28.5 18.1380
28.5 18.5795
28.5 18.8383
28.5 18.8706
28.5 18.6494
28.5 18.1716
28.5 17.4764
28.5 16.6266
28.5 15.7090
28.5 14.8229
28.5 14.0533
28.5 13.4851
28.5 13.1551
28.5 13.0560
28.5 13.1661
28.5 13.4325
28.5 13.7866
28.5 14.1765
28.5 14.5746
28.5 14.9484
28.6 15.2738
28.6 15.5476
28.6 15.8101
28.6 16.0583
28.6 16.2497
28.6 16.3878
28.6 16.4742
28.6 16.5280
28.6 16.5632
28.6 16.5576
28.6 16.5177
28.6 16.4710
28.6 16.4348
28.6 16.4378
28.6 16.5077
28.6 16.6645
28.6 16.9010
28.6 17.1932
28.6 17.4985
28.6 17.7544
28.7 17.9279
28.7 17.9971
28.7 17.9340
28.7 17.7397
28.7 17.4560
28.7 17.1201
28.7 16.7661
28.7 16.4057
28.7 16.0404
28.7 15.6701
28.7 15.2742
28.7 14.8489
28.7 14.3926
28.7 13.9134
28.7 13.4645
28.7 13.1079
28.7 12.9152
28.7 12.9650
28.7 13.2758
28.7 13.8310
28.8 14.5932
28.8 15.4713
28.8 16.3353
28.8 17.0756
28.8 17.6210
28.8 17.9281
28.8 18.0008
28.8 17.8876
28.8 17.6613
28.8 17.4058
28.8 17.1718
28.8 16.9880
28.8 16.9160
28.8 16.9826
28.8 17.1515
28.8 17.3797
28.8 17.6301
28.8 17.8354
28.8 17.9129
28.8 17.8424
28.9 17.6040
28.9 17.2030
28.9 16.6768
28.9 16.0806
28.9 15.4758
28.9 14.9168
28.9 14.4778
28.9 14.2039
28.9 14.1155
28.9 14.2186
28.9 14.4838
28.9 14.8608
28.9 15.3001
28.9 15.7453
28.9 16.1502
28.9 16.4819
28.9 16.7210
28.9 16.8664
28.9 16.9041
28.9 16.8114
29.0 16.6003
29.0 16.2925
29.0 15.9292
29.0 15.5636
29.0 15.2283
29.0 14.9653
29.0 14.8009
29.0 14.7369
29.0 14.7725
29.0 14.8906
29.0 15.0661
29.0 15.2710
29.0 15.4923
29.0 15.7047
29.0 15.8699
29.0 15.9694
29.0 15.9925
29.0 15.9580
29.0 15.8895
29.0 15.7887
29.1 15.6951
29.1 15.6602
29.1 15.6996
29.1 15.8255
29.1 16.0519
29.1 16.3540
29.1 16.6884
29.1 17.0255
29.1 17.3287
29.1 17.5428
29.1 17.6114
29.1 17.5231
29.1 17.2880
29.1 16.9166
29.1 16.4458
29.1 15.9100
29.1 15.3447
29.1 14.8153
29.1 14.3789
29.1 14.1043
29.2 14.0536
29.2 14.2602
29.2 14.7528
29.2 15.4989
29.2 16.4120
29.2 17.3759
29.2 18.2628
29.2 18.9572
29.2 19.3479
29.2 19.3910
29.2 19.1050
29.2 18.5219
29.2 17.7273
29.2 16.8382
29.2 15.9676
29.2 15.2160
29.2 14.6625
29.2 14.3325
29.2 14.2087
29.2 14.2498
29.3 14.3847
29.3 14.5266
29.3 14.6228
29.3 14.6608
29.3 14.6809
29.3 14.7420
29.3 14.8688
29.3 15.0927
29.3 15.4318
29.3 15.8748
29.3 16.3824
29.3 16.9025
29.3 17.3809
29.3 17.7508
29.3 17.9499
29.3 17.9588
29.3 17.7884
29.3 17.4924
29.3 17.1303
29.3 16.7586
29.4 16.4577
29.4 16.2565
29.4 16.1466
29.4 16.1241
29.4 16.1342
29.4 16.1159
29.4 16.0229
29.4 15.8232
29.4 15.5071
29.4 15.0939
29.4 14.6110
29.4 14.1021
29.4 13.6441
29.4 13.3244
29.4 13.2255
29.4 13.4174
29.4 13.9420
29.4 14.7862
29.4 15.8670
29.4 17.0649
29.5 18.2743
29.5 19.3381
29.5 20.0951
29.5 20.4563
29.5 20.3899
29.5 19.8954
29.5 19.0232
29.5 17.8529
29.5 16.5037
29.5 15.1132
29.5 13.8074
29.5 12.7438
29.5 12.0546
29.5 11.8174
29.5 12.0429
29.5 12.6907
29.5 13.6608
29.5 14.8078
29.5 15.9778
29.5 17.0326
29.6 17.9000
29.6 18.5380
29.6 18.9259
29.6 19.0714
29.6 19.0061
29.6 18.7668
29.6 18.3624
29.6 17.8019
29.6 17.1214
29.6 16.3557
29.6 15.5372
29.6 14.7145
29.6 13.9296
29.6 13.2472
29.6 12.7427
29.6 12.4665
29.6 12.4404
29.6 12.6525
29.6 13.0878
29.6 13.6867
29.7 14.3692
29.7 15.0821
29.7 15.7666
29.7 16.3885
29.7 16.9494
29.7 17.4522
29.7 17.8988
29.7 18.2907
29.7 18.5983
29.7 18.7955
29.7 18.8591
29.7 18.7639
29.7 18.5337
29.7 18.1981
29.7 17.7691
29.7 17.2483
29.7 16.6580
29.7 16.0711
29.7 15.5599
29.7 15.1730
29.8 14.9580
29.8 14.9433
29.8 15.1028
29.8 15.3902
29.8 15.7456
29.8 16.0903
29.8 16.3544
29.8 16.4862
29.8 16.4563
29.8 16.2547
29.8 15.8959
29.8 15.4042
29.8 14.8557
29.8 14.3617
29.8 14.0379
29.8 13.9553
29.8 14.1261
29.8 14.5019
29.8 14.9873
29.8 15.4839
29.9 15.9109
29.9 16.2211
29.9 16.3816
29.9 16.3889
29.9 16.2795
29.9 16.0873
29.9 15.8334
29.9 15.5415
29.9 15.2284
29.9 14.9356
29.9 14.7150
29.9 14.5953
29.9 14.6066
29.9 14.7679
29.9 15.0735
29.9 15.5060
29.9 16.0430
29.9 16.6453
29.9 17.2687
29.9 17.8796
30.0 18.4589
30.0 18.9789
30.0 19.4079
30.0 19.6947
30.0 19.7815
30.0 19.6353
30.0 19.2461
30.0 18.6378
30.0 17.8763
