0.0 48.0000
0.0025 48.0766
0.005 48.1817
0.0075 48.2393
0.01 48.2475
0.0125 48.2038
0.015 48.1054
0.0175 47.9491
0.02 47.7309
0.0225 47.4468
0.025 47.0922
0.0275 46.6623
0.03 46.1523
0.0325 45.5572
0.035 44.8721
0.0375 44.0929
0.04 43.2158
0.0425 42.2384
0.045 41.1593
0.0475 39.9793
0.05 38.7013
0.0525 37.3311
0.055 35.8774
0.0575 34.3526
0.06 32.7727
0.0625 31.1565
0.065 29.5263
0.0675 27.9071
0.07 26.3255
0.0725 24.8092
0.075 23.3852
0.0775 22.0792
0.08 20.9140
0.0825 19.9086
0.085 19.0776
0.0875 18.4306
0.09 17.9726
0.0925 17.7028
0.095 17.6156
0.0975 17.7007
0.1 17.9434
0.103 18.3267
0.105 18.8304
0.108 19.4323
0.11 20.1108
0.113 20.8427
0.115 21.6031
0.118 22.3698
0.12 23.1228
0.123 23.8419
0.125 24.5077
0.128 25.1047
0.13 25.6198
0.133 26.0434
0.135 26.3680
0.138 26.5892
0.14 26.7077
0.143 26.7268
0.145 26.6536
0.148 26.4975
0.15 26.2685
0.153 25.9811
0.155 25.6519
0.158 25.2984
0.16 24.9401
0.163 24.5934
0.165 24.2698
0.168 23.9830
0.17 23.7433
0.173 23.5543
0.175 23.4176
0.178 23.3342
0.18 23.2995
0.183 23.3077
0.185 23.3545
0.188 23.4367
0.19 23.5496
0.193 23.6857
0.195 23.8401
0.198 24.0093
0.2 24.1901
0.203 24.3780
0.205 24.5727
0.208 24.7726
0.21 24.9693
0.213 25.1578
0.215 25.3363
0.218 25.5031
0.22 25.6573
0.223 25.7976
0.225 25.9272
0.228 26.0472
0.23 26.1580
0.233 26.2628
0.235 26.3609
0.238 26.4537
0.24 26.5430
0.243 26.6326
0.245 26.7254
0.248 26.8201
0.25 26.9167
0.253 27.0160
0.255 27.1166
0.258 27.2183
0.26 27.3216
0.263 27.4249
0.265 27.5260
0.268 27.6256
0.27 27.7247
0.273 27.8227
0.275 27.9210
0.278 28.0247
0.28 28.1352
0.283 28.2525
0.285 28.3793
0.288 28.5203
0.29 28.6789
0.293 28.8575
0.295 29.0587
0.298 29.2841
0.3 29.5343
0.303 29.8087
0.305 30.1113
0.308 30.4413
0.31 30.7929
0.313 31.1620
0.315 31.5462
0.318 31.9389
0.32 32.3314
0.323 32.7174
0.325 33.0923
0.328 33.4506
0.33 33.7863
0.333 34.0945
0.335 34.3698
0.338 34.6132
0.34 34.8211
0.343 34.9881
0.345 35.1108
0.348 35.1854
0.35 35.2121
0.353 35.1884
0.355 35.1123
0.358 34.9843
0.36 34.8097
0.363 34.5926
0.365 34.3336
0.368 34.0353
0.37 33.7057
0.373 33.3525
0.375 32.9819
0.378 32.6021
0.38 32.2214
0.383 31.8465
0.385 31.4853
0.388 31.1439
0.39 30.8282
0.393 30.5411
0.395 30.2812
0.398 30.0503
0.4 29.8484
0.403 29.6733
0.405 29.5238
0.408 29.3981
0.41 29.2948
0.413 29.2149
0.415 29.1585
0.418 29.1236
0.42 29.1094
0.423 29.1190
0.425 29.1543
0.428 29.2134
0.43 29.2953
0.433 29.3980
0.435 29.5169
0.438 29.6502
0.44 29.7954
0.443 29.9482
0.445 30.1012
0.448 30.2441
0.45 30.3749
0.453 30.4894
0.455 30.5796
0.458 30.6449
0.46 30.6829
0.463 30.6903
0.465 30.6672
0.468 30.6150
0.47 30.5370
0.473 30.4389
0.475 30.3258
0.478 30.1991
0.48 30.0627
0.483 29.9206
0.485 29.7754
0.488 29.6303
0.49 29.4880
0.493 29.3495
0.495 29.2158
0.498 29.0872
0.5 28.9606
0.503 28.8329
0.505 28.7011
0.508 28.5657
0.51 28.4239
0.513 28.2693
0.515 28.0979
0.517 27.9091
0.52 27.7033
0.522 27.4795
0.525 27.2408
0.527 26.9900
0.53 26.7301
0.532 26.4662
0.535 26.2028
0.537 25.9555
0.54 25.7328
0.542 25.5313
0.545 25.3547
0.547 25.2081
0.55 25.0949
0.552 25.0180
0.555 24.9791
0.557 24.9765
0.56 25.0087
0.562 25.0771
0.565 25.1786
0.567 25.3058
0.57 25.4548
0.572 25.6210
0.575 25.7989
0.577 25.9825
0.58 26.1656
0.582 26.3423
0.585 26.5094
0.587 26.6633
0.59 26.7995
0.592 26.9161
0.595 27.0121
0.597 27.0883
0.6 27.1472
0.602 27.1921
0.605 27.2273
0.607 27.2602
0.61 27.2953
0.612 27.3332
0.615 27.3802
0.617 27.4396
0.62 27.5075
0.622 27.5807
0.625 27.6569
0.627 27.7311
0.63 27.8029
0.632 27.8687
0.635 27.9209
0.637 27.9583
0.64 27.9816
0.642 27.9931
0.645 27.9963
0.647 27.9947
0.65 27.9915
0.652 27.9911
0.655 28.0001
0.657 28.0236
0.66 28.0630
0.662 28.1192
0.665 28.1937
0.667 28.2844
0.67 28.3916
0.672 28.5126
0.675 28.6406
0.677 28.7712
0.68 28.8996
0.682 29.0256
0.685 29.1452
0.687 29.2511
0.69 29.3414
0.692 29.4142
0.695 29.4698
0.697 29.5105
0.7 29.5376
0.702 29.5508
0.705 29.5554
0.707 29.5562
0.71 29.5534
0.712 29.5473
0.715 29.5380
0.717 29.5272
0.72 29.5180
0.722 29.5115
0.725 29.5056
0.727 29.5012
0.73 29.5022
0.732 29.5070
0.735 29.5096
0.737 29.5076
0.74 29.5026
0.742 29.4935
0.745 29.4750
0.747 29.4450
0.75 29.4011
0.752 29.3418
0.755 29.2667
0.757 29.1741
0.76 29.0633
0.762 28.9345
0.765 28.7887
0.767 28.6265
0.77 28.4468
0.772 28.2503
0.775 28.0380
0.777 27.8111
0.78 27.5709
0.782 27.3193
0.785 27.0594
0.787 26.7929
0.79 26.5235
0.792 26.2533
0.795 25.9824
0.797 25.7145
0.8 25.4532
0.802 25.2031
0.805 24.9688
0.807 24.7559
0.81 24.5673
0.812 24.4055
0.815 24.2799
0.817 24.1938
0.82 24.1468
0.822 24.1429
0.825 24.1813
0.827 24.2610
0.83 24.3831
0.832 24.5445
0.835 24.7397
0.837 24.9661
0.84 25.2219
0.842 25.5042
0.845 25.8103
0.847 26.1365
0.85 26.4789
0.852 26.8357
0.855 27.2042
0.857 27.5785
0.86 27.9525
0.862 28.3232
0.865 28.6883
0.867 29.0428
0.87 29.3870
0.872 29.7187
0.875 30.0330
0.877 30.3293
0.88 30.6069
0.882 30.8677
0.885 31.1130
0.887 31.3434
0.89 31.5575
0.892 31.7539
0.895 31.9324
0.897 32.0932
0.9 32.2363
0.902 32.3600
0.905 32.4628
0.907 32.5445
0.91 32.6042
0.912 32.6404
0.915 32.6566
0.917 32.6527
0.92 32.6321
0.922 32.5962
0.925 32.5432
0.927 32.4743
0.93 32.3894
0.932 32.2908
0.935 32.1829
0.937 32.0681
0.94 31.9454
0.942 31.8178
0.945 31.6883
0.947 31.5590
0.95 31.4336
0.952 31.3135
0.955 31.1988
0.957 31.0917
0.96 30.9930
0.962 30.9045
0.965 30.8281
0.967 30.7601
0.97 30.6963
0.972 30.6344
0.975 30.5730
0.977 30.5118
0.98 30.4489
0.982 30.3810
0.985 30.3045
0.987 30.2172
0.99 30.1181
0.992 30.0092
0.995 29.8888
0.997 29.7555
1.0 29.6106
1.0 29.4560
1.0 29.2945
1.01 29.1285
1.01 28.9630
1.01 28.8032
1.01 28.6523
1.02 28.5134
1.02 28.3906
1.02 28.2894
1.02 28.2139
1.03 28.1656
1.03 28.1539
1.03 28.1822
1.03 28.2441
1.04 28.3400
1.04 28.4672
1.04 28.6217
1.04 28.8027
1.05 29.0064
1.05 29.2290
1.05 29.4678
1.05 29.7201
1.06 29.9807
1.06 30.2434
1.06 30.5041
1.06 30.7584
1.07 31.0027
1.07 31.2325
1.07 31.4407
1.07 31.6220
1.08 31.7726
1.08 31.8894
1.08 31.9681
1.08 32.0038
1.09 31.9942
1.09 31.9380
1.09 31.8346
1.09 31.6843
1.1 31.4873
1.1 31.2474
1.1 30.9666
1.1 30.6460
1.11 30.2910
1.11 29.9093
1.11 29.5056
1.11 29.0845
1.12 28.6539
1.12 28.2200
1.12 27.7893
1.12 27.3704
1.13 26.9685
1.13 26.5872
1.13 26.2311
1.13 25.9023
1.14 25.6033
1.14 25.3360
1.14 25.1001
1.14 24.8955
1.15 24.7221
1.15 24.5800
1.15 24.4710
1.15 24.3938
1.16 24.3442
1.16 24.3203
1.16 24.3192
1.16 24.3368
1.17 24.3711
1.17 24.4192
1.17 24.4750
1.17 24.5350
1.18 24.5958
1.18 24.6533
1.18 24.7078
1.18 24.7573
1.19 24.7974
1.19 24.8279
1.19 24.8481
1.19 24.8565
1.2 24.8525
1.2 24.8366
1.2 24.8117
1.2 24.7766
1.21 24.7283
1.21 24.6685
1.21 24.5972
1.21 24.5160
1.22 24.4265
1.22 24.3307
1.22 24.2306
1.22 24.1341
1.23 24.0432
1.23 23.9524
1.23 23.8629
1.23 23.7748
1.24 23.6887
1.24 23.6034
1.24 23.5157
1.24 23.4242
1.25 23.3269
1.25 23.2217
1.25 23.1081
1.25 22.9869
1.26 22.8613
1.26 22.7348
1.26 22.6133
1.26 22.5043
1.27 22.4166
1.27 22.3599
1.27 22.3433
1.27 22.3751
1.28 22.4603
1.28 22.6022
1.28 22.8004
1.28 23.0513
1.29 23.3484
1.29 23.6810
1.29 24.0388
1.29 24.4114
1.3 24.7901
1.3 25.1682
1.3 25.5363
1.3 25.8850
1.31 26.2102
1.31 26.5137
1.31 26.7950
1.31 27.0509
1.32 27.2828
1.32 27.4922
1.32 27.6814
1.32 27.8536
1.33 28.0121
1.33 28.1576
1.33 28.2934
1.33 28.4201
1.34 28.5358
1.34 28.6412
1.34 28.7370
1.34 28.8255
1.35 28.9070
1.35 28.9846
1.35 29.0589
1.35 29.1275
1.36 29.1920
1.36 29.2541
1.36 29.3148
1.36 29.3765
1.37 29.4398
1.37 29.5039
1.37 29.5741
1.37 29.6517
1.38 29.7324
1.38 29.8176
1.38 29.9077
1.38 30.0004
1.39 30.0942
1.39 30.1862
1.39 30.2751
1.39 30.3628
1.4 30.4477
1.4 30.5264
1.4 30.5991
1.4 30.6645
1.41 30.7208
1.41 30.7681
1.41 30.8063
1.41 30.8365
1.42 30.8645
1.42 30.8917
1.42 30.9160
1.42 30.9397
1.43 30.9645
1.43 30.9933
1.43 31.0302
1.43 31.0783
1.44 31.1384
1.44 31.2085
1.44 31.2906
1.44 31.3840
1.45 31.4818
1.45 31.5847
1.45 31.6914
1.45 31.7938
1.46 31.8860
1.46 31.9676
1.46 32.0346
1.46 32.0804
1.47 32.1029
1.47 32.0992
1.47 32.0694
1.47 32.0116
1.48 31.9224
1.48 31.8012
1.48 31.6476
1.48 31.4661
1.49 31.2592
1.49 31.0276
1.49 30.7753
1.49 30.5121
1.5 30.2482
1.5 29.9895
1.5 29.7425
1.5 29.5155
1.51 29.3182
1.51 29.1589
1.51 29.0474
1.51 28.9930
1.52 29.0012
1.52 29.0740
1.52 29.2114
1.52 29.4100
1.53 29.6654
1.53 29.9697
1.53 30.3154
1.53 30.6920
1.54 31.0866
1.54 31.4885
1.54 31.8898
1.54 32.2780
1.55 32.6397
1.55 32.9660
1.55 33.2480
1.55 33.4785
1.56 33.6513
1.56 33.7651
1.56 33.8168
1.56 33.8018
1.57 33.7224
1.57 33.5802
1.57 33.3755
1.57 33.1112
1.58 32.7938
1.58 32.4288
1.58 32.0206
1.58 31.5783
1.59 31.1107
1.59 30.6258
1.59 30.1333
1.59 29.6441
1.6 29.1671
1.6 28.7117
1.6 28.2859
1.6 27.8971
1.61 27.5492
1.61 27.2418
1.61 26.9787
1.61 26.7601
1.62 26.5849
1.62 26.4519
1.62 26.3595
1.62 26.3087
1.63 26.2974
1.63 26.3199
1.63 26.3718
1.63 26.4490
1.64 26.5497
1.64 26.6714
1.64 26.8089
1.64 26.9594
1.65 27.1193
1.65 27.2823
1.65 27.4436
1.65 27.5992
1.66 27.7451
1.66 27.8800
1.66 27.9997
1.66 28.0984
1.67 28.1740
1.67 28.2272
1.67 28.2584
1.67 28.2654
1.68 28.2486
1.68 28.2079
1.68 28.1436
1.68 28.0593
1.69 27.9577
1.69 27.8409
1.69 27.7127
1.69 27.5777
1.7 27.4420
1.7 27.3097
1.7 27.1845
1.7 27.0688
1.71 26.9636
1.71 26.8725
1.71 26.7960
1.71 26.7369
1.72 26.6967
1.72 26.6731
1.72 26.6645
1.72 26.6724
1.73 26.6986
1.73 26.7381
1.73 26.7840
1.73 26.8326
1.74 26.8826
1.74 26.9312
1.74 26.9735
1.74 27.0064
1.75 27.0272
1.75 27.0349
1.75 27.0277
1.75 27.0029
1.76 26.9599
1.76 26.8985
1.76 26.8196
1.76 26.7265
1.77 26.6219
1.77 26.5070
1.77 26.3850
1.77 26.2602
1.78 26.1372
1.78 26.0198
1.78 25.9116
1.78 25.8175
1.79 25.7427
1.79 25.6913
1.79 25.6661
1.79 25.6701
1.8 25.7049
1.8 25.7711
1.8 25.8672
1.8 25.9891
1.81 26.1327
1.81 26.2939
1.81 26.4699
1.81 26.6587
1.82 26.8528
1.82 27.0440
1.82 27.2291
1.82 27.4033
1.83 27.5634
1.83 27.7104
1.83 27.8435
1.83 27.9594
1.84 28.0579
1.84 28.1406
1.84 28.2078
1.84 28.2598
1.85 28.2997
1.85 28.3295
1.85 28.3522
1.85 28.3702
1.86 28.3828
1.86 28.3913
1.86 28.3970
1.86 28.3989
1.87 28.3968
1.87 28.3939
1.87 28.3891
1.87 28.3786
1.88 28.3628
1.88 28.3414
1.88 28.3125
1.88 28.2746
1.89 28.2256
1.89 28.1656
1.89 28.0945
1.89 28.0114
1.9 27.9201
1.9 27.8229
1.9 27.7183
1.9 27.6060
1.91 27.4873
1.91 27.3635
1.91 27.2357
1.91 27.1047
1.92 26.9720
1.92 26.8408
1.92 26.7123
1.92 26.5860
1.93 26.4622
1.93 26.3418
1.93 26.2240
1.93 26.1062
1.94 25.9875
1.94 25.8678
1.94 25.7466
1.94 25.6233
1.95 25.4960
1.95 25.3636
1.95 25.2266
1.95 25.0855
1.96 24.9439
1.96 24.8057
1.96 24.6728
1.96 24.5509
1.97 24.4448
1.97 24.3558
1.97 24.2871
1.97 24.2420
1.98 24.2282
1.98 24.2462
1.98 24.2893
1.98 24.3551
1.99 24.4406
1.99 24.5427
1.99 24.6580
1.99 24.7821
2.0 24.9119
2.0 25.0440
2.0 25.1761
2.0 25.3065
2.01 25.4332
2.01 25.5559
2.01 25.6760
2.01 25.7938
2.02 25.9078
2.02 26.0190
2.02 26.1276
2.02 26.2345
2.03 26.3414
2.03 26.4495
2.03 26.5618
2.03 26.6783
2.04 26.7966
2.04 26.9176
2.04 27.0450
2.04 27.1774
2.05 27.3099
2.05 27.4412
2.05 27.5701
2.05 27.6959
2.06 27.8167
2.06 27.9317
2.06 28.0413
2.06 28.1451
2.07 28.2432
2.07 28.3353
2.07 28.4233
2.07 28.5054
2.08 28.5765
2.08 28.6389
2.08 28.6926
2.08 28.7341
2.09 28.7639
2.09 28.7802
2.09 28.7812
2.09 28.7664
2.1 28.7361
2.1 28.6904
2.1 28.6290
2.1 28.5528
2.11 28.4640
2.11 28.3653
2.11 28.2589
2.11 28.1489
2.12 28.0378
2.12 27.9264
2.12 27.8179
2.12 27.7148
2.13 27.6192
2.13 27.5317
2.13 27.4514
2.13 27.3782
2.14 27.3136
2.14 27.2574
2.14 27.2068
2.14 27.1608
2.15 27.1183
2.15 27.0778
2.15 27.0372
2.15 26.9951
2.16 26.9504
2.16 26.9028
2.16 26.8509
2.16 26.7924
2.17 26.7265
2.17 26.6521
2.17 26.5696
2.17 26.4796
2.18 26.3856
2.18 26.2893
2.18 26.1898
2.18 26.0910
2.19 25.9922
2.19 25.8905
2.19 25.7853
2.19 25.6746
2.2 25.5566
2.2 25.4313
2.2 25.2983
2.2 25.1578
2.21 25.0118
2.21 24.8624
2.21 24.7140
2.21 24.5734
2.22 24.4482
2.22 24.3472
2.22 24.2771
2.22 24.2434
2.23 24.2519
2.23 24.3037
2.23 24.3972
2.23 24.5324
2.24 24.7041
2.24 24.9012
2.24 25.1138
2.24 25.3326
2.25 25.5490
2.25 25.7551
2.25 25.9443
2.25 26.1114
2.26 26.2554
2.26 26.3764
2.26 26.4734
2.26 26.5477
2.27 26.6004
2.27 26.6349
2.27 26.6590
2.27 26.6770
2.28 26.6916
2.28 26.7064
2.28 26.7245
2.28 26.7489
2.29 26.7816
2.29 26.8244
2.29 26.8773
2.29 26.9390
2.3 27.0076
2.3 27.0807
2.3 27.1520
2.3 27.2146
2.31 27.2624
2.31 27.2886
2.31 27.2867
2.31 27.2502
2.32 27.1754
2.32 27.0589
2.32 26.8952
2.32 26.6815
2.33 26.4201
2.33 26.1102
2.33 25.7479
2.33 25.3352
2.34 24.8752
2.34 24.3724
2.34 23.8332
2.34 23.2660
2.35 22.6791
2.35 22.0798
2.35 21.4790
2.35 20.8876
2.36 20.3157
2.36 19.7741
2.36 19.2748
2.36 18.8280
2.37 18.4432
2.37 18.1285
2.37 17.8916
2.37 17.7378
2.38 17.6682
2.38 17.6835
2.38 17.7817
2.38 17.9593
2.39 18.2115
2.39 18.5322
2.39 18.9135
2.39 19.3464
2.4 19.8215
2.4 20.3289
2.4 20.8585
2.4 21.4008
2.41 21.9484
2.41 22.4924
2.41 23.0215
2.41 23.5282
2.42 24.0061
2.42 24.4481
2.42 24.8477
2.42 25.2003
2.43 25.5059
2.43 25.7635
2.43 25.9671
2.43 26.1178
2.44 26.2159
2.44 26.2597
2.44 26.2516
2.44 26.1957
2.45 26.0985
2.45 25.9663
2.45 25.8050
2.45 25.6238
2.46 25.4311
2.46 25.2336
2.46 25.0404
2.46 24.8601
2.47 24.7021
2.47 24.5738
2.47 24.4808
2.47 24.4287
2.48 24.4219
2.48 24.4622
2.48 24.5491
2.48 24.6819
2.49 24.8595
2.49 25.0774
2.49 25.3296
2.49 25.6100
2.5 25.9130
2.5 26.2321
2.5 26.5583
2.5 26.8861
2.51 27.2095
2.51 27.5225
2.51 27.8227
2.51 28.1100
2.52 28.3812
2.52 28.6307
2.52 28.8576
2.52 29.0658
2.53 29.2549
2.53 29.4217
2.53 29.5674
2.53 29.6952
2.54 29.8069
2.54 29.9061
2.54 29.9943
2.54 30.0704
2.55 30.1359
2.55 30.1961
2.55 30.2508
2.55 30.2972
2.56 30.3373
2.56 30.3752
2.56 30.4104
2.56 30.4415
2.57 30.4676
2.57 30.4850
2.57 30.4965
2.57 30.5034
2.58 30.5022
2.58 30.4911
2.58 30.4705
2.58 30.4419
2.59 30.4074
2.59 30.3666
2.59 30.3205
2.59 30.2706
2.6 30.2179
2.6 30.1650
2.6 30.1113
2.6 30.0549
2.61 29.9949
2.61 29.9315
2.61 29.8638
2.61 29.7909
2.62 29.7108
2.62 29.6224
2.62 29.5234
2.62 29.4088
2.63 29.2768
2.63 29.1248
2.63 28.9495
2.63 28.7488
2.64 28.5219
2.64 28.2682
2.64 27.9923
2.64 27.6954
2.65 27.3767
2.65 27.0415
2.65 26.6906
2.65 26.3274
2.66 25.9576
2.66 25.5881
2.66 25.2275
2.66 24.8834
2.67 24.5641
2.67 24.2808
2.67 24.0440
2.67 23.8598
2.68 23.7335
2.68 23.6711
2.68 23.6766
2.68 23.7517
2.69 23.8959
2.69 24.1049
2.69 24.3748
2.69 24.6986
2.7 25.0668
2.7 25.4728
2.7 25.9068
2.7 26.3569
2.71 26.8130
2.71 27.2643
2.71 27.7023
2.71 28.1191
2.72 28.5077
2.72 28.8624
2.72 29.1786
2.72 29.4573
2.73 29.6988
2.73 29.8986
2.73 30.0606
2.73 30.1864
2.74 30.2741
2.74 30.3268
2.74 30.3459
2.74 30.3344
2.75 30.2970
2.75 30.2384
2.75 30.1635
2.75 30.0767
2.76 29.9815
2.76 29.8827
2.76 29.7845
2.76 29.6946
2.77 29.6189
2.77 29.5562
2.77 29.5057
2.77 29.4662
2.78 29.4389
2.78 29.4241
2.78 29.4200
2.78 29.4268
2.79 29.4444
2.79 29.4724
2.79 29.5102
2.79 29.5588
2.8 29.6185
2.8 29.6886
2.8 29.7697
2.8 29.8591
2.81 29.9537
2.81 30.0533
2.81 30.1557
2.81 30.2593
2.82 30.3614
2.82 30.4588
2.82 30.5518
2.82 30.6373
2.83 30.7097
2.83 30.7684
2.83 30.8091
2.83 30.8260
2.84 30.8159
2.84 30.7757
2.84 30.7026
2.84 30.5931
2.85 30.4459
2.85 30.2589
2.85 30.0339
2.85 29.7713
2.86 29.4674
2.86 29.1250
2.86 28.7478
2.86 28.3398
2.87 27.9082
2.87 27.4610
2.87 27.0083
2.87 26.5611
2.88 26.1298
2.88 25.7277
2.88 25.3670
2.88 25.0587
2.89 24.8149
2.89 24.6452
2.89 24.5567
2.89 24.5554
2.9 24.6449
2.9 24.8204
2.9 25.0725
2.9 25.3930
2.91 25.7692
2.91 26.1829
2.91 26.6199
2.91 27.0679
2.92 27.5108
2.92 27.9354
2.92 28.3324
2.92 28.6950
2.93 29.0187
2.93 29.3007
2.93 29.5437
2.93 29.7471
2.94 29.9100
2.94 30.0356
2.94 30.1275
2.94 30.1892
2.95 30.2242
2.95 30.2361
2.95 30.2301
2.95 30.2108
2.96 30.1795
2.96 30.1381
2.96 30.0894
2.96 30.0360
2.97 29.9798
2.97 29.9259
2.97 29.8769
2.97 29.8318
2.98 29.7940
2.98 29.7634
2.98 29.7372
2.98 29.7152
2.99 29.6967
2.99 29.6807
2.99 29.6694
2.99 29.6616
3.0 29.6511
3.0 29.6365
3.0 29.6155
3.0 29.5869
3.01 29.5480
3.01 29.4960
3.01 29.4309
3.01 29.3511
3.02 29.2546
3.02 29.1405
3.02 29.0112
3.02 28.8674
3.03 28.7084
3.03 28.5351
3.03 28.3499
3.03 28.1538
3.04 27.9477
3.04 27.7323
3.04 27.5060
3.04 27.2690
3.05 27.0217
3.05 26.7638
3.05 26.4963
3.05 26.2209
3.06 25.9403
3.06 25.6578
3.06 25.3768
3.06 25.1031
3.07 24.8411
3.07 24.5951
3.07 24.3705
3.07 24.1715
3.08 24.0008
3.08 23.8597
3.08 23.7500
3.08 23.6708
3.09 23.6222
3.09 23.6024
3.09 23.6071
3.09 23.6341
3.1 23.6797
3.1 23.7412
3.1 23.8156
3.1 23.8981
3.11 23.9882
3.11 24.0834
3.11 24.1796
3.11 24.2754
3.12 24.3691
3.12 24.4596
3.12 24.5467
3.12 24.6315
3.13 24.7148
3.13 24.7955
3.13 24.8769
3.13 24.9597
3.14 25.0415
3.14 25.1227
3.14 25.2031
3.14 25.2832
3.15 25.3634
3.15 25.4434
3.15 25.5244
3.15 25.6075
3.16 25.6942
3.16 25.7837
3.16 25.8733
3.16 25.9619
3.17 26.0484
3.17 26.1308
3.17 26.2061
3.17 26.2718
3.18 26.3290
3.18 26.3754
3.18 26.4040
3.18 26.4125
3.19 26.3999
3.19 26.3649
3.19 26.3072
3.19 26.2290
3.2 26.1328
3.2 26.0207
3.2 25.8971
3.2 25.7683
3.21 25.6382
3.21 25.5118
3.21 25.3954
3.21 25.2913
3.22 25.2003
3.22 25.1215
3.22 25.0545
3.22 24.9999
3.23 24.9582
3.23 24.9301
3.23 24.9169
3.23 24.9203
3.24 24.9423
3.24 24.9861
3.24 25.0544
3.24 25.1492
3.25 25.2727
3.25 25.4260
3.25 25.6101
3.25 25.8272
3.26 26.0764
3.26 26.3566
3.26 26.6628
3.26 26.9869
3.27 27.3267
3.27 27.6803
3.27 28.0425
3.27 28.4093
3.28 28.7778
3.28 29.1455
3.28 29.5117
3.28 29.8770
3.29 30.2384
3.29 30.5923
3.29 30.9361
3.29 31.2663
3.3 31.5827
3.3 31.8826
3.3 32.1619
3.3 32.4182
3.31 32.6519
3.31 32.8610
3.31 33.0479
3.31 33.2130
3.32 33.3491
3.32 33.4538
3.32 33.5273
3.32 33.5711
3.33 33.5816
3.33 33.5585
3.33 33.5021
3.33 33.4126
3.34 33.2908
3.34 33.1373
3.34 32.9538
3.34 32.7414
3.35 32.5023
3.35 32.2391
3.35 31.9534
3.35 31.6473
3.36 31.3230
3.36 30.9831
3.36 30.6314
3.36 30.2715
3.37 29.9070
3.37 29.5395
3.37 29.1702
3.37 28.8019
3.38 28.4408
3.38 28.0935
3.38 27.7607
3.38 27.4427
3.39 27.1429
3.39 26.8658
3.39 26.6149
3.39 26.3937
3.4 26.2063
3.4 26.0571
3.4 25.9478
3.4 25.8802
3.41 25.8555
3.41 25.8711
3.41 25.9260
3.41 26.0192
3.42 26.1468
3.42 26.3036
3.42 26.4852
3.42 26.6861
3.43 26.9007
3.43 27.1241
3.43 27.3508
3.43 27.5746
3.44 27.7904
3.44 27.9940
3.44 28.1826
3.44 28.3529
3.45 28.5010
3.45 28.6240
3.45 28.7226
3.45 28.7988
3.46 28.8533
3.46 28.8859
3.46 28.8982
3.46 28.8934
3.47 28.8753
3.47 28.8469
3.47 28.8139
3.47 28.7810
3.48 28.7487
3.48 28.7189
3.48 28.6950
3.48 28.6785
3.49 28.6697
3.49 28.6670
3.49 28.6674
3.49 28.6691
3.5 28.6742
3.5 28.6808
3.5 28.6840
3.5 28.6810
3.51 28.6656
3.51 28.6327
3.51 28.5802
3.51 28.5091
3.52 28.4195
3.52 28.3106
3.52 28.1853
3.52 28.0472
3.53 27.9025
3.53 27.7571
3.53 27.6172
3.53 27.4922
3.54 27.3898
3.54 27.3137
3.54 27.2682
3.54 27.2564
3.55 27.2785
3.55 27.3341
3.55 27.4198
3.55 27.5307
3.56 27.6615
3.56 27.8065
3.56 27.9589
3.56 28.1128
3.57 28.2619
3.57 28.3990
3.57 28.5203
3.57 28.6230
3.58 28.7062
3.58 28.7697
3.58 28.8138
3.58 28.8402
3.59 28.8508
3.59 28.8479
3.59 28.8343
3.59 28.8116
3.6 28.7813
3.6 28.7453
3.6 28.7044
3.6 28.6587
3.61 28.6079
3.61 28.5512
3.61 28.4870
3.61 28.4155
3.62 28.3380
3.62 28.2522
3.62 28.1558
3.62 28.0514
3.63 27.9380
3.63 27.8131
3.63 27.6775
3.63 27.5344
3.64 27.3886
3.64 27.2420
3.64 27.0953
3.64 26.9512
3.65 26.8126
3.65 26.6820
3.65 26.5621
3.65 26.4546
3.66 26.3596
3.66 26.2779
3.66 26.2120
3.66 26.1631
3.67 26.1286
3.67 26.1063
3.67 26.0957
3.67 26.0957
3.68 26.1061
3.68 26.1257
3.68 26.1524
3.68 26.1865
3.69 26.2279
3.69 26.2754
3.69 26.3314
3.69 26.3942
3.7 26.4587
3.7 26.5224
3.7 26.5815
3.7 26.6324
3.71 26.6724
3.71 26.6990
3.71 26.7102
3.71 26.7057
3.72 26.6865
3.72 26.6566
3.72 26.6222
3.72 26.5899
3.73 26.5674
3.73 26.5698
3.73 26.6048
3.73 26.6760
3.74 26.7938
3.74 26.9572
3.74 27.1601
3.74 27.4015
3.75 27.6766
3.75 27.9777
3.75 28.2997
3.75 28.6354
3.76 28.9743
3.76 29.3068
3.76 29.6285
3.76 29.9328
3.77 30.2095
3.77 30.4525
3.77 30.6593
3.77 30.8305
3.78 30.9641
3.78 31.0581
3.78 31.1152
3.78 31.1382
3.79 31.1310
3.79 31.1000
3.79 31.0539
3.79 31.0023
3.8 30.9569
3.8 30.9265
3.8 30.9167
3.8 30.9377
3.81 30.9947
3.81 31.0888
3.81 31.2213
3.81 31.3964
3.82 31.6105
3.82 31.8527
3.82 32.1179
3.82 32.3977
3.83 32.6800
3.83 32.9558
3.83 33.2167
3.83 33.4534
3.84 33.6576
3.84 33.8275
3.84 33.9583
3.84 34.0433
3.85 34.0818
3.85 34.0744
3.85 34.0211
3.85 33.9235
3.86 33.7862
3.86 33.6126
3.86 33.4094
3.86 33.1878
3.87 32.9546
3.87 32.7180
3.87 32.4882
3.87 32.2656
3.88 32.0525
3.88 31.8530
3.88 31.6692
3.88 31.5034
3.89 31.3592
3.89 31.2400
3.89 31.1435
3.89 31.0648
3.9 31.0017
3.9 30.9498
3.9 30.9047
3.9 30.8658
3.91 30.8312
3.91 30.7990
3.91 30.7689
3.91 30.7414
3.92 30.7136
3.92 30.6815
3.92 30.6452
3.92 30.6068
3.93 30.5669
3.93 30.5239
3.93 30.4787
3.93 30.4315
3.94 30.3806
3.94 30.3274
3.94 30.2763
3.94 30.2265
3.95 30.1746
3.95 30.1183
3.95 30.0560
3.95 29.9873
3.96 29.9119
3.96 29.8316
3.96 29.7489
3.96 29.6636
3.97 29.5755
3.97 29.4851
3.97 29.3933
3.97 29.3017
3.98 29.2104
3.98 29.1199
3.98 29.0312
3.98 28.9441
3.99 28.8592
3.99 28.7762
3.99 28.6947
3.99 28.6154
4.0 28.5393
4.0 28.4676
4.0 28.4011
4.0 28.3407
4.01 28.2857
4.01 28.2376
4.01 28.1963
4.01 28.1602
4.02 28.1290
4.02 28.1011
4.02 28.0748
4.02 28.0489
4.03 28.0212
4.03 27.9875
4.03 27.9458
4.03 27.8993
4.04 27.8465
4.04 27.7792
4.04 27.6948
4.04 27.5921
4.05 27.4707
4.05 27.3308
4.05 27.1736
4.05 27.0034
4.06 26.8216
4.06 26.6269
4.06 26.4217
4.06 26.2079
4.07 25.9879
4.07 25.7638
4.07 25.5376
4.07 25.3080
4.08 25.0717
4.08 24.8265
4.08 24.5706
4.08 24.3021
4.09 24.0194
4.09 23.7222
4.09 23.4127
4.09 23.0938
4.1 22.7694
4.1 22.4464
4.1 22.1322
4.1 21.8368
4.11 21.5709
4.11 21.3417
4.11 21.1575
4.11 21.0266
4.12 20.9546
4.12 20.9458
4.12 21.0015
4.12 21.1206
4.13 21.3021
4.13 21.5426
4.13 21.8358
4.13 22.1739
4.14 22.5486
4.14 22.9514
4.14 23.3726
4.14 23.8021
4.15 24.2300
4.15 24.6496
4.15 25.0533
4.15 25.4323
4.16 25.7798
4.16 26.0903
4.16 26.3613
4.16 26.5907
4.17 26.7767
4.17 26.9193
4.17 27.0201
4.17 27.0842
4.18 27.1148
4.18 27.1146
4.18 27.0902
4.18 27.0493
4.19 26.9970
4.19 26.9367
4.19 26.8739
4.19 26.8145
4.2 26.7629
4.2 26.7251
4.2 26.7021
4.2 26.6917
4.21 26.6939
4.21 26.7088
4.21 26.7346
4.21 26.7664
4.22 26.8028
4.22 26.8414
4.22 26.8765
4.22 26.9057
4.23 26.9274
4.23 26.9398
4.23 26.9404
4.23 26.9258
4.24 26.8945
4.24 26.8461
4.24 26.7813
4.24 26.7011
4.25 26.6093
4.25 26.5076
4.25 26.3969
4.25 26.2804
4.26 26.1610
4.26 26.0418
4.26 25.9274
4.26 25.8234
4.27 25.7321
4.27 25.6545
4.27 25.5931
4.27 25.5501
4.28 25.5276
4.28 25.5280
4.28 25.5524
4.28 25.6000
4.29 25.6701
4.29 25.7628
4.29 25.8779
4.29 26.0142
4.3 26.1728
4.3 26.3540
4.3 26.5530
4.3 26.7651
4.31 26.9905
4.31 27.2285
4.31 27.4735
4.31 27.7200
4.32 27.9643
4.32 28.2047
4.32 28.4367
4.32 28.6528
4.33 28.8506
4.33 29.0278
4.33 29.1808
4.33 29.3078
4.34 29.4103
4.34 29.4906
4.34 29.5491
4.34 29.5872
4.35 29.6081
4.35 29.6130
4.35 29.6034
4.35 29.5840
4.36 29.5580
4.36 29.5287
4.36 29.4996
4.36 29.4726
4.37 29.4501
4.37 29.4336
4.37 29.4241
4.37 29.4213
4.38 29.4275
4.38 29.4420
4.38 29.4576
4.38 29.4699
4.39 29.4759
4.39 29.4711
4.39 29.4532
4.39 29.4205
4.4 29.3724
4.4 29.3088
4.4 29.2302
4.4 29.1373
4.41 29.0309
4.41 28.9134
4.41 28.7889
4.41 28.6597
4.42 28.5287
4.42 28.3987
4.42 28.2700
4.42 28.1438
4.43 28.0216
4.43 27.9037
4.43 27.7888
4.43 27.6734
4.44 27.5547
4.44 27.4316
4.44 27.3032
4.44 27.1722
4.45 27.0385
4.45 26.9001
4.45 26.7579
4.45 26.6156
4.46 26.4766
4.46 26.3444
4.46 26.2226
4.46 26.1168
4.47 26.0306
4.47 25.9625
4.47 25.9130
4.47 25.8820
4.48 25.8689
4.48 25.8719
4.48 25.8871
4.49 25.9100
4.49 25.9370
4.49 25.9647
4.49 25.9905
4.5 26.0110
4.5 26.0217
4.5 26.0206
4.5 26.0076
4.51 25.9828
4.51 25.9480
4.51 25.9105
4.51 25.8746
4.52 25.8407
4.52 25.8132
4.52 25.7964
4.52 25.7949
4.53 25.8138
4.53 25.8569
4.53 25.9268
4.53 26.0256
4.54 26.1533
4.54 26.3092
4.54 26.4915
4.54 26.6992
4.55 26.9302
4.55 27.1799
4.55 27.4450
4.55 27.7216
4.56 28.0077
4.56 28.3014
4.56 28.5983
4.56 28.8937
4.57 29.1846
4.57 29.4730
4.57 29.7562
4.57 30.0271
4.58 30.2880
4.58 30.5380
4.58 30.7703
4.58 30.9824
4.59 31.1730
4.59 31.3438
4.59 31.4939
4.59 31.6202
4.6 31.7238
4.6 31.8033
4.6 31.8572
4.6 31.8851
4.61 31.8876
4.61 31.8674
4.61 31.8264
4.61 31.7678
4.62 31.6970
4.62 31.6162
4.62 31.5247
4.62 31.4256
4.63 31.3213
4.63 31.2133
4.63 31.1087
4.63 31.0084
4.64 30.9093
4.64 30.8157
4.64 30.7294
4.64 30.6524
4.65 30.5831
4.65 30.5140
4.65 30.4412
4.65 30.3615
4.66 30.2736
4.66 30.1759
4.66 30.0662
4.66 29.9415
4.67 29.8018
4.67 29.6466
4.67 29.4736
4.67 29.2816
4.68 29.0716
4.68 28.8468
4.68 28.6073
4.68 28.3525
4.69 28.0850
4.69 27.8082
4.69 27.5285
4.69 27.2504
4.7 26.9764
4.7 26.7107
4.7 26.4580
4.7 26.2228
4.71 26.0090
4.71 25.8211
4.71 25.6647
4.71 25.5420
4.72 25.4546
4.72 25.4051
4.72 25.3896
4.72 25.4032
4.73 25.4486
4.73 25.5247
4.73 25.6217
4.73 25.7346
4.74 25.8611
4.74 25.9964
4.74 26.1356
4.74 26.2793
4.75 26.4253
4.75 26.5686
4.75 26.7092
4.75 26.8476
4.76 26.9844
4.76 27.1210
4.76 27.2587
4.76 27.3981
4.77 27.5417
4.77 27.6909
4.77 27.8446
4.77 28.0019
4.78 28.1606
4.78 28.3165
4.78 28.4679
4.78 28.6129
4.79 28.7509
4.79 28.8784
4.79 28.9884
4.79 29.0764
4.8 29.1395
4.8 29.1773
4.8 29.1895
4.8 29.1748
4.81 29.1354
4.81 29.0741
4.81 28.9944
4.81 28.9011
4.82 28.7978
4.82 28.6896
4.82 28.5816
4.82 28.4765
4.83 28.3761
4.83 28.2829
4.83 28.2019
4.83 28.1342
4.84 28.0775
4.84 28.0324
4.84 27.9998
4.84 27.9792
4.85 27.9658
4.85 27.9566
4.85 27.9495
4.85 27.9436
4.86 27.9390
4.86 27.9348
4.86 27.9300
4.86 27.9296
4.87 27.9367
4.87 27.9526
4.87 27.9817
4.87 28.0283
4.88 28.0979
4.88 28.1950
4.88 28.3220
4.88 28.4787
4.89 28.6632
4.89 28.8721
4.89 29.1020
4.89 29.3460
4.9 29.5958
4.9 29.8463
4.9 30.0881
4.9 30.3156
4.91 30.5217
4.91 30.6963
4.91 30.8352
4.91 30.9369
4.92 31.0033
4.92 31.0313
4.92 31.0167
4.92 30.9594
4.93 30.8624
4.93 30.7273
4.93 30.5539
4.93 30.3455
4.94 30.1073
4.94 29.8467
4.94 29.5750
4.94 29.3033
4.95 29.0415
4.95 28.8002
4.95 28.5933
4.95 28.4305
4.96 28.3162
4.96 28.2531
4.96 28.2425
4.96 28.2810
4.97 28.3602
4.97 28.4714
4.97 28.6065
4.97 28.7550
4.98 28.9033
4.98 29.0420
4.98 29.1639
4.98 29.2640
4.99 29.3377
4.99 29.3815
4.99 29.3976
4.99 29.3845
5.0 29.3384
5.0 29.2598
5.0 29.1495
5.0 29.0100
5.01 28.8448
5.01 28.6583
5.01 28.4526
5.01 28.2325
5.02 28.0053
5.02 27.7753
5.02 27.5508
5.02 27.3422
5.03 27.1616
5.03 27.0204
5.03 26.9278
5.03 26.8934
5.04 26.9257
5.04 27.0327
5.04 27.2155
5.04 27.4701
5.05 27.7930
5.05 28.1766
5.05 28.6085
5.05 29.0746
5.06 29.5624
5.06 30.0600
5.06 30.5522
5.06 31.0232
5.07 31.4623
5.07 31.8603
5.07 32.2124
5.07 32.5139
5.08 32.7570
5.08 32.9389
5.08 33.0576
5.08 33.1148
5.09 33.1108
5.09 33.0436
5.09 32.9149
5.09 32.7277
5.1 32.4855
5.1 32.1935
5.1 31.8587
5.1 31.4920
5.11 31.1000
5.11 30.6879
5.11 30.2636
5.11 29.8321
5.12 29.4013
5.12 28.9799
5.12 28.5768
5.12 28.1979
5.13 27.8495
5.13 27.5361
5.13 27.2589
5.13 27.0197
5.14 26.8190
5.14 26.6575
5.14 26.5325
5.14 26.4397
5.15 26.3757
5.15 26.3377
5.15 26.3225
5.15 26.3266
5.16 26.3475
5.16 26.3819
5.16 26.4266
5.16 26.4798
5.17 26.5408
5.17 26.6089
5.17 26.6834
5.17 26.7638
5.18 26.8554
5.18 26.9582
5.18 27.0656
5.18 27.1780
5.19 27.2983
5.19 27.4252
5.19 27.5557
5.19 27.6871
5.2 27.8162
5.2 27.9414
5.2 28.0616
5.2 28.1751
5.21 28.2813
5.21 28.3792
5.21 28.4677
5.21 28.5462
5.22 28.6161
5.22 28.6780
5.22 28.7316
5.22 28.7793
5.23 28.8249
5.23 28.8711
5.23 28.9185
5.23 28.9678
5.24 29.0223
5.24 29.0833
5.24 29.1517
5.24 29.2281
5.25 29.3122
5.25 29.4028
5.25 29.4994
5.25 29.5990
5.26 29.6991
5.26 29.7957
5.26 29.8804
5.26 29.9488
5.27 30.0005
5.27 30.0331
5.27 30.0394
5.27 30.0155
5.28 29.9586
5.28 29.8656
5.28 29.7340
5.28 29.5646
5.29 29.3580
5.29 29.1131
5.29 28.8317
5.29 28.5169
5.3 28.1716
5.3 27.7996
5.3 27.4071
5.3 27.0006
5.31 26.5877
5.31 26.1772
5.31 25.7780
5.31 25.3980
5.32 25.0448
5.32 24.7283
5.32 24.4553
5.32 24.2293
5.33 24.0548
5.33 23.9355
5.33 23.8738
5.33 23.8696
5.34 23.9204
5.34 24.0247
5.34 24.1800
5.34 24.3821
5.35 24.6267
5.35 24.9073
5.35 25.2175
5.35 25.5524
5.36 25.9069
5.36 26.2733
5.36 26.6436
5.36 27.0125
5.37 27.3723
5.37 27.7146
5.37 28.0335
5.37 28.3235
5.38 28.5742
5.38 28.7745
5.38 28.9169
5.38 28.9977
5.39 29.0135
5.39 28.9588
5.39 28.8349
5.39 28.6454
5.4 28.3952
5.4 28.0976
5.4 27.7693
5.4 27.4293
5.41 27.0963
5.41 26.7912
5.41 26.5343
5.41 26.3377
5.42 26.2117
5.42 26.1621
5.42 26.1930
5.42 26.2974
5.43 26.4593
5.43 26.6646
5.43 26.8981
5.43 27.1435
5.44 27.3861
5.44 27.6133
5.44 27.8145
5.44 27.9806
5.45 28.1049
5.45 28.1826
5.45 28.2096
5.45 28.1818
5.46 28.0985
5.46 27.9602
5.46 27.7704
5.46 27.5330
5.47 27.2543
5.47 26.9401
5.47 26.5959
5.47 26.2306
5.48 25.8568
5.48 25.4828
5.48 25.1137
5.48 24.7607
5.49 24.4316
5.49 24.1316
5.49 23.8664
5.49 23.6433
5.5 23.4661
5.5 23.3328
5.5 23.2416
5.5 23.1908
5.51 23.1776
5.51 23.1990
5.51 23.2515
5.51 23.3294
5.52 23.4291
5.52 23.5464
5.52 23.6774
5.52 23.8192
5.53 23.9692
5.53 24.1245
5.53 24.2823
5.53 24.4414
5.54 24.6018
5.54 24.7613
5.54 24.9173
5.54 25.0692
5.55 25.2148
5.55 25.3518
5.55 25.4799
5.55 25.5978
5.56 25.7043
5.56 25.7986
5.56 25.8806
5.56 25.9513
5.57 26.0101
5.57 26.0582
5.57 26.0974
5.57 26.1309
5.58 26.1596
5.58 26.1829
5.58 26.2038
5.58 26.2254
5.59 26.2505
5.59 26.2793
5.59 26.3105
5.59 26.3467
5.6 26.3886
5.6 26.4344
5.6 26.4862
5.6 26.5432
5.61 26.6045
5.61 26.6689
5.61 26.7321
5.61 26.7942
5.62 26.8550
5.62 26.9141
5.62 26.9705
5.62 27.0223
5.63 27.0720
5.63 27.1207
5.63 27.1663
5.63 27.2084
5.64 27.2475
5.64 27.2851
5.64 27.3232
5.64 27.3610
5.65 27.3986
5.65 27.4374
5.65 27.4782
5.65 27.5207
5.66 27.5639
5.66 27.6089
5.66 27.6541
5.66 27.6968
5.67 27.7358
5.67 27.7692
5.67 27.7943
5.67 27.8096
5.68 27.8126
5.68 27.8022
5.68 27.7781
5.68 27.7379
5.69 27.6797
5.69 27.6025
5.69 27.5091
5.69 27.4021
5.7 27.2819
5.7 27.1512
5.7 27.0137
5.7 26.8734
5.71 26.7333
5.71 26.5990
5.71 26.4734
5.71 26.3544
5.72 26.2436
5.72 26.1409
5.72 26.0483
5.72 25.9628
5.73 25.8788
5.73 25.7943
5.73 25.7060
5.73 25.6140
5.74 25.5210
5.74 25.4274
5.74 25.3372
5.74 25.2560
5.75 25.1884
5.75 25.1407
5.75 25.1191
5.75 25.1302
5.76 25.1794
5.76 25.2750
5.76 25.4182
5.76 25.6042
5.77 25.8309
5.77 26.0946
5.77 26.3883
5.77 26.7041
5.78 27.0365
5.78 27.3779
5.78 27.7200
5.78 28.0582
5.79 28.3893
5.79 28.7058
5.79 29.0009
5.79 29.2727
5.8 29.5168
5.8 29.7269
5.8 29.9000
5.8 30.0339
5.81 30.1277
5.81 30.1792
5.81 30.1854
5.81 30.1495
5.82 30.0732
5.82 29.9558
5.82 29.8002
5.82 29.6097
5.83 29.3883
5.83 29.1427
5.83 28.8782
5.83 28.5994
5.84 28.3128
5.84 28.0268
5.84 27.7454
5.84 27.4687
5.85 27.1998
5.85 26.9413
5.85 26.6944
5.85 26.4598
5.86 26.2384
5.86 26.0282
5.86 25.8260
5.86 25.6308
5.87 25.4413
5.87 25.2558
5.87 25.0739
5.87 24.8953
5.88 24.7207
5.88 24.5531
5.88 24.3969
5.88 24.2568
5.89 24.1377
5.89 24.0458
5.89 23.9878
5.89 23.9694
5.9 23.9987
5.9 24.0820
5.9 24.2189
5.9 24.4090
5.91 24.6516
5.91 24.9428
5.91 25.2785
5.91 25.6540
5.92 26.0611
5.92 26.4907
5.92 26.9342
5.92 27.3826
5.93 27.8287
5.93 28.2655
5.93 28.6870
5.93 29.0908
5.94 29.4731
5.94 29.8284
5.94 30.1537
5.94 30.4470
5.95 30.7114
5.95 30.9470
5.95 31.1507
5.95 31.3244
5.96 31.4705
5.96 31.5931
5.96 31.6937
5.96 31.7712
5.97 31.8275
5.97 31.8627
5.97 31.8780
5.97 31.8800
5.98 31.8710
5.98 31.8478
5.98 31.8099
5.98 31.7575
5.99 31.6920
5.99 31.6134
5.99 31.5200
5.99 31.4107
6.0 31.2848
6.0 31.1414
6.0 30.9804
6.0 30.8033
6.01 30.6122
6.01 30.4081
6.01 30.1934
6.01 29.9729
6.02 29.7514
6.02 29.5339
6.02 29.3272
6.02 29.1400
6.03 28.9781
6.03 28.8461
6.03 28.7482
6.03 28.6893
6.04 28.6708
6.04 28.6880
6.04 28.7401
6.04 28.8244
6.05 28.9359
6.05 29.0702
6.05 29.2237
6.05 29.3904
6.06 29.5623
6.06 29.7348
6.06 29.9022
6.06 30.0607
6.07 30.2061
6.07 30.3323
6.07 30.4376
6.07 30.5199
6.08 30.5764
6.08 30.6042
6.08 30.6051
6.08 30.5822
6.09 30.5347
6.09 30.4625
6.09 30.3675
6.09 30.2518
6.1 30.1196
6.1 29.9743
6.1 29.8177
6.1 29.6516
6.11 29.4775
6.11 29.2968
6.11 29.1113
6.11 28.9217
6.12 28.7262
6.12 28.5234
6.12 28.3105
6.12 28.0836
6.13 27.8414
6.13 27.5822
6.13 27.3042
6.13 27.0073
6.14 26.6920
6.14 26.3590
6.14 26.0101
6.14 25.6492
6.15 25.2809
6.15 24.9106
6.15 24.5438
6.15 24.1873
6.16 23.8462
6.16 23.5245
6.16 23.2270
6.16 22.9573
6.17 22.7177
6.17 22.5102
6.17 22.3380
6.17 22.2017
6.18 22.0994
6.18 22.0316
6.18 21.9989
6.18 21.9997
6.19 22.0353
6.19 22.1061
6.19 22.2061
6.19 22.3309
6.2 22.4812
6.2 22.6538
6.2 22.8435
6.2 23.0464
6.21 23.2581
6.21 23.4767
6.21 23.6991
6.21 23.9200
6.22 24.1359
6.22 24.3492
6.22 24.5580
6.22 24.7573
6.23 24.9464
6.23 25.1266
6.23 25.2998
6.23 25.4657
6.24 25.6249
6.24 25.7811
6.24 25.9377
6.24 26.0947
6.25 26.2542
6.25 26.4167
6.25 26.5806
6.25 26.7454
6.26 26.9103
6.26 27.0753
6.26 27.2414
6.26 27.4056
6.27 27.5634
6.27 27.7133
6.27 27.8536
6.27 27.9828
6.28 28.0999
6.28 28.2063
6.28 28.3015
6.28 28.3864
6.29 28.4614
6.29 28.5231
6.29 28.5716
6.29 28.6068
6.3 28.6293
6.3 28.6399
6.3 28.6382
6.3 28.6243
6.31 28.6001
6.31 28.5663
6.31 28.5232
6.31 28.4701
6.32 28.4052
6.32 28.3289
6.32 28.2432
6.32 28.1471
6.33 28.0381
6.33 27.9156
6.33 27.7798
6.33 27.6306
6.34 27.4688
6.34 27.2948
6.34 27.1100
6.34 26.9171
6.35 26.7182
6.35 26.5182
6.35 26.3223
6.35 26.1321
6.36 25.9499
6.36 25.7806
6.36 25.6270
6.36 25.4895
6.37 25.3699
6.37 25.2698
6.37 25.1912
6.37 25.1351
6.38 25.1001
6.38 25.0839
6.38 25.0844
6.38 25.1006
6.39 25.1301
6.39 25.1694
6.39 25.2154
6.39 25.2640
6.4 25.3156
6.4 25.3661
6.4 25.4077
6.4 25.4395
6.41 25.4586
6.41 25.4606
6.41 25.4435
6.41 25.4062
6.42 25.3493
6.42 25.2762
6.42 25.1895
6.42 25.0900
6.43 24.9803
6.43 24.8636
6.43 24.7442
6.43 24.6254
6.44 24.5111
6.44 24.4043
6.44 24.3065
6.44 24.2188
6.45 24.1421
6.45 24.0795
6.45 24.0311
6.45 23.9929
6.46 23.9643
6.46 23.9448
6.46 23.9355
6.46 23.9371
6.47 23.9489
6.47 23.9734
6.47 24.0125
6.47 24.0683
6.48 24.1433
6.48 24.2387
6.48 24.3563
6.48 24.4974
6.49 24.6602
6.49 24.8422
6.49 25.0418
6.49 25.2560
6.5 25.4809
6.5 25.7132
6.5 25.9495
6.5 26.1881
6.51 26.4286
6.51 26.6679
6.51 26.9023
6.51 27.1292
6.52 27.3479
6.52 27.5565
6.52 27.7524
6.52 27.9375
6.53 28.1099
6.53 28.2651
6.53 28.4011
6.53 28.5171
6.54 28.6115
6.54 28.6824
6.54 28.7275
6.54 28.7449
6.55 28.7349
6.55 28.6979
6.55 28.6324
6.55 28.5392
6.56 28.4192
6.56 28.2733
6.56 28.1070
6.56 27.9244
6.57 27.7271
6.57 27.5182
6.57 27.3013
6.57 27.0812
6.58 26.8636
6.58 26.6572
6.58 26.4682
6.58 26.2995
6.59 26.1570
6.59 26.0453
6.59 25.9686
6.59 25.9303
6.6 25.9320
6.6 25.9731
6.6 26.0528
6.6 26.1696
6.61 26.3194
6.61 26.4963
6.61 26.6924
6.61 26.8986
6.62 27.1079
6.62 27.3135
6.62 27.5097
6.62 27.6897
6.63 27.8465
6.63 27.9753
6.63 28.0721
6.63 28.1354
6.64 28.1650
6.64 28.1614
6.64 28.1261
6.64 28.0624
6.65 27.9728
6.65 27.8603
6.65 27.7285
6.65 27.5815
6.66 27.4244
6.66 27.2596
6.66 27.0891
6.66 26.9157
6.67 26.7415
6.67 26.5694
6.67 26.3987
6.67 26.2297
6.68 26.0621
6.68 25.8930
6.68 25.7215
6.68 25.5485
6.69 25.3736
6.69 25.1950
6.69 25.0129
6.69 24.8288
6.7 24.6426
6.7 24.4546
6.7 24.2661
6.7 24.0782
6.71 23.8926
6.71 23.7111
6.71 23.5352
6.71 23.3661
6.72 23.2082
6.72 23.0643
6.72 22.9359
6.72 22.8256
6.73 22.7332
6.73 22.6614
6.73 22.6128
6.73 22.5845
6.74 22.5741
6.74 22.5808
6.74 22.6034
6.74 22.6411
6.75 22.6921
6.75 22.7547
6.75 22.8277
6.75 22.9089
6.76 22.9960
6.76 23.0876
6.76 23.1825
6.76 23.2789
6.77 23.3760
6.77 23.4734
6.77 23.5748
6.77 23.6805
6.78 23.7874
6.78 23.8959
6.78 24.0068
6.78 24.1215
6.79 24.2421
6.79 24.3687
6.79 24.4996
6.79 24.6350
6.8 24.7744
6.8 24.9177
6.8 25.0652
6.8 25.2144
6.81 25.3624
6.81 25.5066
6.81 25.6438
6.81 25.7723
6.82 25.8901
6.82 25.9948
6.82 26.0844
6.82 26.1584
6.83 26.2175
6.83 26.2651
6.83 26.3045
6.83 26.3376
6.84 26.3678
6.84 26.4003
6.84 26.4415
6.84 26.4967
6.85 26.5718
6.85 26.6716
6.85 26.7966
6.85 26.9506
6.86 27.1316
6.86 27.3329
6.86 27.5506
6.86 27.7808
6.87 28.0179
6.87 28.2558
6.87 28.4878
6.87 28.7117
6.88 28.9217
6.88 29.1082
6.88 29.2673
6.88 29.3966
6.89 29.4944
6.89 29.5588
6.89 29.5887
6.89 29.5836
6.9 29.5435
6.9 29.4669
6.9 29.3546
6.9 29.2059
6.91 29.0166
6.91 28.7865
6.91 28.5175
6.91 28.2125
6.92 27.8768
6.92 27.5164
6.92 27.1391
6.92 26.7549
6.93 26.3773
6.93 26.0182
6.93 25.6877
6.93 25.3947
6.94 25.1474
6.94 24.9499
6.94 24.8008
6.94 24.6990
6.95 24.6445
6.95 24.6357
6.95 24.6700
6.95 24.7463
6.96 24.8651
6.96 25.0285
6.96 25.2369
6.96 25.4891
6.97 25.7838
6.97 26.1175
6.97 26.4852
6.97 26.8790
6.98 27.2891
6.98 27.7047
6.98 28.1140
6.98 28.5043
6.99 28.8654
6.99 29.1868
6.99 29.4581
6.99 29.6740
7.0 29.8258
7.0 29.9041
7.0 29.9053
7.0 29.8283
7.01 29.6740
7.01 29.4422
7.01 29.1332
7.01 28.7494
7.02 28.2955
7.02 27.7781
7.02 27.2047
7.02 26.5899
7.03 25.9470
7.03 25.2856
7.03 24.6228
7.03 23.9764
7.04 23.3620
7.04 22.7992
7.04 22.3051
7.04 21.8931
7.05 21.5774
7.05 21.3673
7.05 21.2651
7.05 21.2705
7.06 21.3788
7.06 21.5833
7.06 21.8724
7.06 22.2305
7.07 22.6438
7.07 23.0983
7.07 23.5783
7.07 24.0702
7.08 24.5635
7.08 25.0494
7.08 25.5195
7.08 25.9659
7.09 26.3843
7.09 26.7722
7.09 27.1301
7.09 27.4574
7.1 27.7537
7.1 28.0209
7.1 28.2597
7.1 28.4731
7.11 28.6609
7.11 28.8211
7.11 28.9542
7.11 29.0589
7.12 29.1339
7.12 29.1814
7.12 29.2024
7.12 29.1954
7.13 29.1628
7.13 29.1060
7.13 29.0244
7.13 28.9217
7.14 28.8012
7.14 28.6657
7.14 28.5186
7.14 28.3631
7.15 28.2035
7.15 28.0434
7.15 27.8867
7.15 27.7358
7.16 27.5924
7.16 27.4585
7.16 27.3353
7.16 27.2240
7.17 27.1249
7.17 27.0368
7.17 26.9582
7.17 26.8872
7.18 26.8232
7.18 26.7671
7.18 26.7175
7.18 26.6726
7.19 26.6323
7.19 26.5942
7.19 26.5569
7.19 26.5197
7.2 26.4830
7.2 26.4474
7.2 26.4117
7.2 26.3794
7.21 26.3539
7.21 26.3325
7.21 26.3136
7.21 26.2977
7.22 26.2867
7.22 26.2823
7.22 26.2854
7.22 26.2976
7.23 26.3210
7.23 26.3573
7.23 26.4087
7.23 26.4767
7.24 26.5587
7.24 26.6546
7.24 26.7680
7.24 26.8987
7.25 27.0443
7.25 27.2062
7.25 27.3851
7.25 27.5819
7.26 27.8040
7.26 28.0521
7.26 28.3250
7.26 28.6222
7.27 28.9426
7.27 29.2848
7.27 29.6428
7.27 30.0124
7.28 30.3894
7.28 30.7683
7.28 31.1410
7.28 31.4995
7.29 31.8370
7.29 32.1474
7.29 32.4266
7.29 32.6696
7.3 32.8699
7.3 33.0240
7.3 33.1296
7.3 33.1845
7.31 33.1868
7.31 33.1364
7.31 33.0362
7.31 32.8919
7.32 32.7105
7.32 32.5064
7.32 32.2960
7.32 32.0946
7.33 31.9208
7.33 31.7931
7.33 31.7291
7.33 31.7412
7.34 31.8324
7.34 31.9981
7.34 32.2281
7.34 32.5051
7.35 32.8072
7.35 33.1163
7.35 33.4170
7.35 33.6910
7.36 33.9208
7.36 34.0955
7.36 34.2100
7.36 34.2619
7.37 34.2540
7.37 34.1885
7.37 34.0717
7.37 33.9065
7.38 33.6904
7.38 33.4257
7.38 33.1203
7.38 32.7787
7.39 32.4018
7.39 31.9965
7.39 31.5715
7.39 31.1351
7.4 30.6962
7.4 30.2670
7.4 29.8635
7.4 29.4974
7.41 29.1771
7.41 28.9135
7.41 28.7155
7.41 28.5907
7.42 28.5441
7.42 28.5771
7.42 28.6899
7.42 28.8818
7.43 29.1463
7.43 29.4732
7.43 29.8538
7.43 30.2761
7.44 30.7284
7.44 31.1956
7.44 31.6581
7.44 32.1040
7.45 32.5196
7.45 32.8900
7.45 33.2045
7.45 33.4543
7.46 33.6344
7.46 33.7426
7.46 33.7767
7.46 33.7328
7.47 33.6153
7.47 33.4274
7.47 33.1695
7.47 32.8492
7.48 32.4717
7.48 32.0424
7.48 31.5719
7.48 31.0726
7.49 30.5524
7.49 30.0204
7.49 29.4890
7.49 28.9710
7.5 28.4795
7.5 28.0254
7.5 27.6192
7.5 27.2694
7.51 26.9879
7.51 26.7797
7.51 26.6420
7.51 26.5737
7.52 26.5712
7.52 26.6314
7.52 26.7474
7.52 26.9075
7.53 27.1007
7.53 27.3160
7.53 27.5447
7.53 27.7757
7.54 27.9964
7.54 28.1988
7.54 28.3756
7.54 28.5201
7.55 28.6279
7.55 28.6951
7.55 28.7213
7.55 28.7061
7.56 28.6479
7.56 28.5461
7.56 28.4018
7.56 28.2176
7.57 27.9979
7.57 27.7473
7.57 27.4740
7.57 27.1819
7.58 26.8724
7.58 26.5507
7.58 26.2295
7.58 25.9154
7.59 25.6084
7.59 25.3161
7.59 25.0455
7.59 24.8026
7.6 24.5925
7.6 24.4197
7.6 24.2876
7.6 24.1994
7.61 24.1561
7.61 24.1564
7.61 24.2021
7.61 24.2938
7.62 24.4246
7.62 24.5882
7.62 24.7815
7.62 24.9993
7.63 25.2372
7.63 25.4904
7.63 25.7533
7.63 26.0220
7.64 26.2916
7.64 26.5576
7.64 26.8175
7.64 27.0677
7.65 27.3040
7.65 27.5271
7.65 27.7361
7.65 27.9256
7.66 28.0969
7.66 28.2513
7.66 28.3846
7.66 28.4960
7.67 28.5846
7.67 28.6478
7.67 28.6854
7.67 28.6959
7.68 28.6797
7.68 28.6396
7.68 28.5746
7.68 28.4875
7.69 28.3801
7.69 28.2517
7.69 28.1117
7.69 27.9631
7.7 27.8041
7.7 27.6413
7.7 27.4799
7.7 27.3258
7.71 27.1843
7.71 27.0596
7.71 26.9586
7.71 26.8870
7.72 26.8487
7.72 26.8484
7.72 26.8885
7.72 26.9690
7.73 27.0896
7.73 27.2498
7.73 27.4466
7.73 27.6749
7.74 27.9297
7.74 28.2043
7.74 28.4927
7.74 28.7903
7.75 29.0901
7.75 29.3842
7.75 29.6672
7.75 29.9343
7.76 30.1811
7.76 30.4050
7.76 30.6031
7.76 30.7707
7.77 30.9055
7.77 31.0069
7.77 31.0756
7.77 31.1131
7.78 31.1243
7.78 31.1137
7.78 31.0818
7.78 31.0321
7.79 30.9725
7.79 30.9087
7.79 30.8442
7.79 30.7864
7.8 30.7391
7.8 30.7020
7.8 30.6759
7.8 30.6597
7.81 30.6504
7.81 30.6437
7.81 30.6353
7.81 30.6245
7.82 30.6092
7.82 30.5857
7.82 30.5526
7.82 30.5063
7.83 30.4461
7.83 30.3760
7.83 30.2992
7.83 30.2183
7.84 30.1352
7.84 30.0514
7.84 29.9704
7.84 29.8980
7.85 29.8368
7.85 29.7841
7.85 29.7381
7.85 29.6975
7.86 29.6614
7.86 29.6296
7.86 29.6032
7.86 29.5818
7.87 29.5581
7.87 29.5257
7.87 29.4825
7.87 29.4318
7.88 29.3716
7.88 29.2958
7.88 29.2079
7.88 29.1055
7.89 28.9826
7.89 28.8421
7.89 28.6853
7.89 28.5076
7.9 28.3066
7.9 28.0825
7.9 27.8361
7.9 27.5709
7.91 27.2890
7.91 26.9898
7.91 26.6783
7.91 26.3594
7.92 26.0370
7.92 25.7165
7.92 25.4039
7.92 25.1053
7.93 24.8267
7.93 24.5785
7.93 24.3696
7.93 24.2045
7.94 24.0879
7.94 24.0259
7.94 24.0258
7.94 24.0900
7.95 24.2157
7.95 24.4051
7.95 24.6567
7.95 24.9631
7.96 25.3183
7.96 25.7157
7.96 26.1487
7.96 26.6103
7.97 27.0922
7.97 27.5886
7.97 28.0940
7.97 28.5988
7.98 29.0940
7.98 29.5742
7.98 30.0344
7.98 30.4706
7.99 30.8812
7.99 31.2619
7.99 31.6104
7.99 31.9268
8.0 32.2106
8.0 32.4592
8.0 32.6736
8.0 32.8547
8.01 32.9988
8.01 33.1076
8.01 33.1827
8.01 33.2264
8.02 33.2423
8.02 33.2334
8.02 33.1999
8.02 33.1426
8.03 33.0630
8.03 32.9624
8.03 32.8428
8.03 32.7050
8.04 32.5512
8.04 32.3831
8.04 32.2022
8.04 32.0120
8.05 31.8136
8.05 31.6075
8.05 31.3946
8.05 31.1765
8.06 30.9553
8.06 30.7342
8.06 30.5167
8.06 30.3045
8.07 30.1001
8.07 29.9090
8.07 29.7351
8.07 29.5785
8.08 29.4398
8.08 29.3197
8.08 29.2175
8.08 29.1326
8.09 29.0627
8.09 29.0061
8.09 28.9605
8.09 28.9224
8.1 28.8894
8.1 28.8591
8.1 28.8293
8.1 28.7985
8.11 28.7617
8.11 28.7160
8.11 28.6606
8.11 28.5897
8.12 28.4976
8.12 28.3812
8.12 28.2407
8.12 28.0728
8.13 27.8728
8.13 27.6375
8.13 27.3648
8.13 27.0563
8.14 26.7147
8.14 26.3461
8.14 25.9609
8.14 25.5702
8.15 25.1891
8.15 24.8352
8.15 24.5237
8.15 24.2661
8.16 24.0726
8.16 23.9495
8.16 23.8972
8.16 23.9104
8.17 23.9789
8.17 24.0890
8.17 24.2256
8.17 24.3763
8.18 24.5294
8.18 24.6762
8.18 24.8174
8.18 24.9509
8.19 25.0715
8.19 25.1825
8.19 25.2915
8.19 25.4058
8.2 25.5304
8.2 25.6724
8.2 25.8387
8.2 26.0331
8.21 26.2585
8.21 26.5175
8.21 26.8079
8.21 27.1234
8.22 27.4580
8.22 27.8044
8.22 28.1547
8.22 28.5022
8.23 28.8405
8.23 29.1620
8.23 29.4599
8.23 29.7328
8.24 29.9778
8.24 30.1910
8.24 30.3721
8.24 30.5216
8.25 30.6412
8.25 30.7315
8.25 30.7929
8.25 30.8295
8.26 30.8430
8.26 30.8324
8.26 30.7970
8.26 30.7365
8.27 30.6515
8.27 30.5463
8.27 30.4209
8.27 30.2721
8.28 30.1008
8.28 29.9085
8.28 29.7026
8.28 29.4840
8.29 29.2492
8.29 29.0065
8.29 28.7584
8.29 28.5038
8.3 28.2465
8.3 27.9863
8.3 27.7244
8.3 27.4637
8.31 27.2070
8.31 26.9558
8.31 26.7129
8.31 26.4817
8.32 26.2639
8.32 26.0630
8.32 25.8816
8.32 25.7190
8.33 25.5785
8.33 25.4624
8.33 25.3727
8.33 25.3116
8.34 25.2821
8.34 25.2839
8.34 25.3148
8.34 25.3749
8.35 25.4637
8.35 25.5799
8.35 25.7218
8.35 25.8866
8.36 26.0715
8.36 26.2738
8.36 26.4923
8.36 26.7266
8.37 26.9736
8.37 27.2298
8.37 27.4966
8.37 27.7764
8.38 28.0681
8.38 28.3682
8.38 28.6744
8.38 28.9849
8.39 29.2981
8.39 29.6123
8.39 29.9243
8.39 30.2330
8.4 30.5398
8.4 30.8447
8.4 31.1428
8.4 31.4305
8.41 31.7060
8.41 31.9688
8.41 32.2225
8.41 32.4675
8.42 32.7016
8.42 32.9263
8.42 33.1419
8.42 33.3469
8.43 33.5400
8.43 33.7194
8.43 33.8833
8.43 34.0268
8.44 34.1457
8.44 34.2355
8.44 34.2904
8.44 34.3094
8.45 34.2889
8.45 34.2258
8.45 34.1182
8.45 33.9623
8.46 33.7582
8.46 33.5101
8.46 33.2204
8.46 32.8889
8.47 32.5196
8.47 32.1209
8.47 31.7004
8.47 31.2675
8.48 30.8374
8.48 30.4238
8.48 30.0371
8.48 29.6892
8.49 29.3910
8.49 29.1496
8.49 28.9703
8.49 28.8543
8.5 28.7977
8.5 28.7935
8.5 28.8328
8.5 28.9050
8.51 28.9984
8.51 29.1012
8.51 29.2047
8.51 29.3010
8.52 29.3854
8.52 29.4550
8.52 29.5058
8.52 29.5366
8.53 29.5511
8.53 29.5508
8.53 29.5326
8.53 29.4986
8.54 29.4497
8.54 29.3882
8.54 29.3151
8.54 29.2312
8.55 29.1393
8.55 29.0392
8.55 28.9286
8.55 28.8049
8.56 28.6679
8.56 28.5211
8.56 28.3663
8.56 28.2021
8.57 28.0331
8.57 27.8602
8.57 27.6833
8.57 27.5079
8.58 27.3351
8.58 27.1667
8.58 27.0075
8.58 26.8613
8.59 26.7373
8.59 26.6403
8.59 26.5694
8.59 26.5274
8.6 26.5164
8.6 26.5363
8.6 26.5852
8.6 26.6606
8.61 26.7579
8.61 26.8733
8.61 27.0031
8.61 27.1447
8.62 27.2917
8.62 27.4386
8.62 27.5819
8.62 27.7167
8.63 27.8406
8.63 27.9522
8.63 28.0513
8.63 28.1384
8.64 28.2137
8.64 28.2765
8.64 28.3290
8.64 28.3718
8.65 28.4049
8.65 28.4293
8.65 28.4446
8.65 28.4529
8.66 28.4563
8.66 28.4527
8.66 28.4412
8.66 28.4230
8.67 28.3986
8.67 28.3697
8.67 28.3384
8.67 28.3083
8.68 28.2837
8.68 28.2680
8.68 28.2584
8.68 28.2519
8.69 28.2499
8.69 28.2530
8.69 28.2620
8.69 28.2771
8.7 28.2987
8.7 28.3315
8.7 28.3742
8.7 28.4232
8.71 28.4778
8.71 28.5354
8.71 28.5942
8.71 28.6527
8.72 28.7107
8.72 28.7672
8.72 28.8217
8.72 28.8747
8.73 28.9251
8.73 28.9711
8.73 29.0122
8.73 29.0485
8.74 29.0804
8.74 29.1113
8.74 29.1434
8.74 29.1756
8.75 29.2087
8.75 29.2452
8.75 29.2923
8.75 29.3525
8.76 29.4232
8.76 29.5075
8.76 29.6058
8.76 29.7146
8.77 29.8326
8.77 29.9585
8.77 30.0880
8.77 30.2207
8.78 30.3531
8.78 30.4740
8.78 30.5735
8.78 30.6449
8.79 30.6843
8.79 30.6867
8.79 30.6459
8.79 30.5594
8.8 30.4251
8.8 30.2426
8.8 30.0161
8.8 29.7498
8.81 29.4487
8.81 29.1199
8.81 28.7704
8.81 28.4090
8.82 28.0486
8.82 27.6987
8.82 27.3628
8.82 27.0476
8.83 26.7582
8.83 26.4967
8.83 26.2652
8.83 26.0651
8.84 25.9015
8.84 25.7744
8.84 25.6740
8.84 25.5938
8.85 25.5307
8.85 25.4829
8.85 25.4506
8.85 25.4349
8.86 25.4382
8.86 25.4637
8.86 25.5153
8.86 25.5978
8.87 25.7153
8.87 25.8729
8.87 26.0741
8.87 26.3202
8.88 26.6115
8.88 26.9446
8.88 27.3153
8.88 27.7170
8.89 28.1471
8.89 28.6035
8.89 29.0781
8.89 29.5585
8.9 30.0336
8.9 30.4957
8.9 30.9382
8.9 31.3567
8.91 31.7455
8.91 32.0992
8.91 32.4148
8.91 32.6923
8.92 32.9298
8.92 33.1230
8.92 33.2710
8.92 33.3746
8.93 33.4348
8.93 33.4550
8.93 33.4366
8.93 33.3784
8.94 33.2822
8.94 33.1504
8.94 32.9859
8.94 32.7952
8.95 32.5852
8.95 32.3569
8.95 32.1120
8.95 31.8559
8.96 31.5939
8.96 31.3339
8.96 31.0813
8.96 30.8403
8.97 30.6159
8.97 30.4108
8.97 30.2262
8.97 30.0627
8.98 29.9285
8.98 29.8242
8.98 29.7444
8.98 29.6893
8.99 29.6562
8.99 29.6420
8.99 29.6450
8.99 29.6642
9.0 29.6952
9.0 29.7313
9.0 29.7693
9.0 29.8059
9.01 29.8358
9.01 29.8543
9.01 29.8570
9.01 29.8411
9.02 29.8042
9.02 29.7441
9.02 29.6592
9.02 29.5483
9.03 29.4109
9.03 29.2460
9.03 29.0539
9.03 28.8362
9.04 28.5976
9.04 28.3405
9.04 28.0644
9.04 27.7710
9.05 27.4641
9.05 27.1500
9.05 26.8317
9.05 26.5112
9.06 26.1936
9.06 25.8837
9.06 25.5867
9.06 25.3073
9.07 25.0498
9.07 24.8198
9.07 24.6219
9.07 24.4578
9.08 24.3278
9.08 24.2342
9.08 24.1785
9.08 24.1568
9.09 24.1655
9.09 24.2016
9.09 24.2604
9.09 24.3369
9.1 24.4256
9.1 24.5215
9.1 24.6201
9.1 24.7178
9.11 24.8115
9.11 24.8981
9.11 24.9755
9.11 25.0425
9.12 25.1010
9.12 25.1529
9.12 25.1987
9.12 25.2380
9.13 25.2710
9.13 25.3002
9.13 25.3309
9.13 25.3649
9.14 25.4015
9.14 25.4426
9.14 25.4888
9.14 25.5413
9.15 25.5986
9.15 25.6585
9.15 25.7184
9.15 25.7747
9.16 25.8244
9.16 25.8621
9.16 25.8795
9.16 25.8714
9.17 25.8324
9.17 25.7585
9.17 25.6470
9.17 25.4980
9.18 25.3142
9.18 25.1011
9.18 24.8638
9.18 24.6069
9.19 24.3413
9.19 24.0775
9.19 23.8258
9.19 23.5975
9.2 23.4034
9.2 23.2553
9.2 23.1611
9.2 23.1247
9.21 23.1484
9.21 23.2324
9.21 23.3745
9.21 23.5705
9.22 23.8156
9.22 24.1045
9.22 24.4295
9.22 24.7805
9.23 25.1485
9.23 25.5262
9.23 25.9054
9.23 26.2784
9.24 26.6434
9.24 26.9961
9.24 27.3289
9.24 27.6379
9.25 27.9206
9.25 28.1761
9.25 28.4107
9.25 28.6247
9.26 28.8148
9.26 28.9831
9.26 29.1324
9.26 29.2660
9.27 29.3883
9.27 29.5027
9.27 29.6107
9.27 29.7192
9.28 29.8320
9.28 29.9486
9.28 30.0743
9.28 30.2125
9.29 30.3616
9.29 30.5227
9.29 30.6988
9.29 30.8871
9.3 31.0833
9.3 31.2856
9.3 31.4916
9.3 31.6968
9.31 31.8975
9.31 32.0920
9.31 32.2764
9.31 32.4479
9.32 32.6029
9.32 32.7343
9.32 32.8434
9.32 32.9278
9.33 32.9796
9.33 32.9965
9.33 32.9806
9.33 32.9306
9.34 32.8419
9.34 32.7167
9.34 32.5558
9.34 32.3614
9.35 32.1366
9.35 31.8844
9.35 31.6103
9.35 31.3202
9.36 31.0217
9.36 30.7212
9.36 30.4248
9.36 30.1391
9.37 29.8713
9.37 29.6270
9.37 29.4094
9.37 29.2211
9.38 29.0645
9.38 28.9408
9.38 28.8497
9.38 28.7900
9.39 28.7607
9.39 28.7586
9.39 28.7814
9.39 28.8273
9.4 28.8909
9.4 28.9674
9.4 29.0550
9.4 29.1516
9.41 29.2554
9.41 29.3652
9.41 29.4796
9.41 29.5995
9.42 29.7233
9.42 29.8529
9.42 29.9880
9.42 30.1246
9.43 30.2609
9.43 30.3952
9.43 30.5279
9.43 30.6568
9.44 30.7778
9.44 30.8933
9.44 31.0036
9.44 31.1039
9.45 31.1949
9.45 31.2770
9.45 31.3499
9.45 31.4157
9.46 31.4754
9.46 31.5281
9.46 31.5722
9.46 31.6065
9.47 31.6332
9.47 31.6519
9.47 31.6580
9.47 31.6528
9.48 31.6354
9.48 31.5994
9.48 31.5426
9.48 31.4622
9.49 31.3550
9.49 31.2194
9.49 31.0541
9.49 30.8598
9.5 30.6363
9.5 30.3829
9.5 30.1000
9.5 29.7887
9.51 29.4541
9.51 29.1008
9.51 28.7296
9.51 28.3433
9.52 27.9448
9.52 27.5353
9.52 27.1189
9.52 26.7019
9.53 26.2876
9.53 25.8761
9.53 25.4691
9.53 25.0685
9.54 24.6764
9.54 24.2952
9.54 23.9270
9.54 23.5742
9.55 23.2392
9.55 22.9254
9.55 22.6372
9.55 22.3785
9.56 22.1531
9.56 21.9658
9.56 21.8197
9.56 21.7188
9.57 21.6660
9.57 21.6602
9.57 21.6999
9.57 21.7825
9.58 21.9039
9.58 22.0583
9.58 22.2390
9.58 22.4393
9.59 22.6531
9.59 22.8730
9.59 23.0910
9.59 23.3013
9.6 23.4988
9.6 23.6791
9.6 23.8381
9.6 23.9736
9.61 24.0850
9.61 24.1720
9.61 24.2379
9.61 24.2832
9.62 24.3070
9.62 24.3119
9.62 24.3006
9.62 24.2766
9.63 24.2431
9.63 24.2113
9.63 24.1855
9.63 24.1617
9.64 24.1444
9.64 24.1390
9.64 24.1478
9.64 24.1735
9.65 24.2183
9.65 24.2850
9.65 24.3747
9.65 24.4850
9.66 24.6147
9.66 24.7607
9.66 24.9190
9.66 25.0863
9.67 25.2589
9.67 25.4325
9.67 25.6037
9.67 25.7698
9.68 25.9303
9.68 26.0819
9.68 26.2203
9.68 26.3460
9.69 26.4582
9.69 26.5599
9.69 26.6527
9.69 26.7361
9.7 26.8125
9.7 26.8817
9.7 26.9471
9.7 27.0110
9.71 27.0728
9.71 27.1337
9.71 27.1944
9.71 27.2562
9.72 27.3204
9.72 27.3867
9.72 27.4549
9.72 27.5242
9.73 27.5941
9.73 27.6653
9.73 27.7367
9.73 27.8080
9.74 27.8779
9.74 27.9440
9.74 28.0053
9.74 28.0601
9.75 28.1072
9.75 28.1446
9.75 28.1701
9.75 28.1854
9.76 28.1883
9.76 28.1769
9.76 28.1503
9.76 28.1050
9.77 28.0411
9.77 27.9570
9.77 27.8506
9.77 27.7254
9.78 27.5807
9.78 27.4120
9.78 27.2196
9.78 27.0042
9.79 26.7670
9.79 26.5095
9.79 26.2344
9.79 25.9455
9.8 25.6466
9.8 25.3399
9.8 25.0281
9.8 24.7169
9.81 24.4113
9.81 24.1150
9.81 23.8315
9.81 23.5660
9.82 23.3227
9.82 23.1036
9.82 22.9128
9.82 22.7530
9.83 22.6321
9.83 22.5514
9.83 22.5053
9.83 22.4941
9.84 22.5173
9.84 22.5764
9.84 22.6702
9.84 22.7949
9.85 22.9482
9.85 23.1280
9.85 23.3372
9.85 23.5743
9.86 23.8324
9.86 24.1087
9.86 24.4023
9.86 24.7130
9.87 25.0406
9.87 25.3830
9.87 25.7369
9.87 26.1009
9.88 26.4739
9.88 26.8548
9.88 27.2451
9.88 27.6418
9.89 28.0400
9.89 28.4369
9.89 28.8272
9.89 29.2077
9.9 29.5759
9.9 29.9290
9.9 30.2636
9.9 30.5783
9.91 30.8712
9.91 31.1413
9.91 31.3875
9.91 31.6081
9.92 31.8031
9.92 31.9718
9.92 32.1146
9.92 32.2323
9.93 32.3275
9.93 32.4017
9.93 32.4545
9.93 32.4859
9.94 32.5003
9.94 32.4995
9.94 32.4810
9.94 32.4451
9.95 32.3925
9.95 32.3239
9.95 32.2439
9.95 32.1534
9.96 32.0488
9.96 31.9331
9.96 31.8062
9.96 31.6661
9.97 31.5117
9.97 31.3403
9.97 31.1516
9.97 30.9458
9.98 30.7235
9.98 30.4863
9.98 30.2352
9.98 29.9710
9.99 29.6979
9.99 29.4183
9.99 29.1336
9.99 28.8485
10.0 28.5686
10.0 28.2998
