0.000 -196.8159
0.003 -196.9671
0.005 -197.0723
0.007 -197.1300
0.010 -197.1384
0.013 -197.0950
0.015 -196.9969
0.018 -196.8409
0.020 -196.6231
0.022 -196.3393
0.025 -195.9852
0.027 -195.5558
0.030 -195.0462
0.032 -194.4516
0.035 -193.7670
0.037 -192.9882
0.040 -192.1116
0.043 -191.1344
0.045 -190.0555
0.048 -188.8755
0.050 -187.5974
0.053 -186.2269
0.055 -184.7726
0.058 -183.2471
0.060 -181.6661
0.063 -180.0487
0.065 -178.4171
0.068 -176.7964
0.070 -175.2132
0.073 -173.6952
0.075 -172.2697
0.078 -170.9623
0.080 -169.7959
0.083 -168.7897
0.085 -167.9581
0.088 -167.3108
0.090 -166.8529
0.093 -166.5834
0.095 -166.4973
0.098 -166.5833
0.100 -166.8271
0.103 -167.2114
0.105 -167.7164
0.108 -168.3197
0.110 -168.9998
0.113 -169.7331
0.115 -170.4948
0.118 -171.2623
0.120 -172.0170
0.123 -172.7369
0.125 -173.4040
0.128 -174.0017
0.130 -174.5174
0.133 -174.9417
0.135 -175.2666
0.138 -175.4878
0.140 -175.6073
0.143 -175.6257
0.145 -175.5503
0.148 -175.3935
0.150 -175.1638
0.153 -174.8753
0.155 -174.5453
0.158 -174.1905
0.160 -173.8296
0.163 -173.4820
0.165 -173.1577
0.168 -172.8696
0.170 -172.6308
0.173 -172.4417
0.175 -172.3056
0.178 -172.2210
0.180 -172.1866
0.183 -172.1950
0.185 -172.2421
0.188 -172.3248
0.190 -172.4376
0.193 -172.5741
0.195 -172.7287
0.198 -172.8989
0.200 -173.0796
0.203 -173.2674
0.205 -173.4608
0.208 -173.6611
0.210 -173.8580
0.213 -174.0467
0.215 -174.2257
0.218 -174.3926
0.220 -174.5472
0.223 -174.6874
0.225 -174.8150
0.228 -174.9351
0.230 -175.0440
0.233 -175.1476
0.235 -175.2459
0.238 -175.3380
0.240 -175.4269
0.243 -175.5176
0.245 -175.6084
0.248 -175.7028
0.250 -175.7990
0.253 -175.8987
0.255 -175.9996
0.258 -176.1010
0.260 -176.2045
0.263 -176.3081
0.265 -176.4092
0.268 -176.5074
0.270 -176.6065
0.273 -176.7044
0.275 -176.8028
0.278 -176.9068
0.280 -177.0169
0.283 -177.1338
0.285 -177.2604
0.288 -177.4019
0.290 -177.5604
0.293 -177.7398
0.295 -177.9413
0.298 -178.1665
0.300 -178.4166
0.303 -178.6909
0.305 -178.9978
0.308 -179.3276
0.310 -179.6785
0.313 -180.0477
0.315 -180.4300
0.318 -180.8228
0.320 -181.2156
0.323 -181.6020
0.325 -181.9776
0.328 -182.3364
0.330 -182.6725
0.333 -182.9810
0.335 -183.2567
0.338 -183.5043
0.340 -183.7131
0.343 -183.8784
0.345 -184.0013
0.348 -184.0764
0.350 -184.1026
0.353 -184.0788
0.355 -184.0027
0.358 -183.8748
0.360 -183.7023
0.363 -183.4845
0.365 -183.2255
0.368 -182.9269
0.370 -182.5959
0.373 -182.2419
0.375 -181.8717
0.378 -181.4915
0.380 -181.1087
0.383 -180.7331
0.385 -180.3711
0.388 -180.0293
0.390 -179.7134
0.393 -179.4262
0.395 -179.1664
0.398 -178.9360
0.400 -178.7341
0.403 -178.5591
0.405 -178.4103
0.408 -178.2849
0.410 -178.1826
0.413 -178.1034
0.415 -178.0466
0.418 -178.0114
0.420 -177.9967
0.423 -178.0086
0.425 -178.0445
0.428 -178.1040
0.430 -178.1849
0.433 -178.2881
0.435 -178.4072
0.438 -178.5399
0.440 -178.6842
0.443 -178.8367
0.445 -178.9910
0.448 -179.1342
0.450 -179.2639
0.453 -179.3781
0.455 -179.4690
0.458 -179.5349
0.460 -179.5726
0.463 -179.5794
0.465 -179.5561
0.468 -179.5039
0.470 -179.4253
0.473 -179.3281
0.475 -179.2147
0.478 -179.0877
0.480 -178.9503
0.483 -178.8078
0.485 -178.6626
0.488 -178.5176
0.490 -178.3757
0.493 -178.2371
0.495 -178.1023
0.498 -177.9735
0.500 -177.8470
0.503 -177.7195
0.505 -177.5884
0.508 -177.4498
0.510 -177.3095
0.513 -177.1552
0.515 -176.9839
0.517 -176.7961
0.520 -176.5910
0.522 -176.3672
0.525 -176.1281
0.527 -175.8771
0.530 -175.6179
0.532 -175.3538
0.535 -175.0900
0.537 -174.8386
0.540 -174.6159
0.542 -174.4145
0.545 -174.2379
0.547 -174.0915
0.550 -173.9782
0.552 -173.9009
0.555 -173.8615
0.557 -173.8590
0.560 -173.8914
0.562 -173.9595
0.565 -174.0612
0.567 -174.1887
0.570 -174.3380
0.572 -174.5046
0.575 -174.6830
0.577 -174.8673
0.580 -175.0505
0.582 -175.2277
0.585 -175.3940
0.587 -175.5478
0.590 -175.6844
0.592 -175.8017
0.595 -175.8977
0.597 -175.9737
0.600 -176.0322
0.602 -176.0769
0.605 -176.1119
0.607 -176.1443
0.610 -176.1790
0.612 -176.2168
0.615 -176.2652
0.617 -176.3260
0.620 -176.3933
0.622 -176.4670
0.625 -176.5437
0.627 -176.6182
0.630 -176.6892
0.632 -176.7555
0.635 -176.8074
0.637 -176.8449
0.640 -176.8681
0.642 -176.8800
0.645 -176.8820
0.647 -176.8800
0.650 -176.8765
0.652 -176.8760
0.655 -176.8838
0.657 -176.9076
0.660 -176.9471
0.662 -177.0035
0.665 -177.0777
0.667 -177.1684
0.670 -177.2718
0.672 -177.3933
0.675 -177.5224
0.677 -177.6532
0.680 -177.7808
0.682 -177.9081
0.685 -178.0276
0.687 -178.1333
0.690 -178.2239
0.692 -178.2967
0.695 -178.3517
0.697 -178.3938
0.700 -178.4207
0.702 -178.4338
0.705 -178.4404
0.707 -178.4397
0.710 -178.4363
0.712 -178.4298
0.715 -178.4207
0.717 -178.4096
0.720 -178.4021
0.722 -178.3955
0.725 -178.3896
0.727 -178.3851
0.730 -178.3841
0.732 -178.3889
0.735 -178.3917
0.737 -178.3897
0.740 -178.3835
0.742 -178.3750
0.745 -178.3564
0.747 -178.3268
0.750 -178.2831
0.752 -178.2243
0.755 -178.1488
0.757 -178.0562
0.760 -177.9452
0.762 -177.8163
0.765 -177.6719
0.767 -177.5100
0.770 -177.3303
0.772 -177.1338
0.775 -176.9215
0.777 -176.6946
0.780 -176.4542
0.782 -176.2026
0.785 -175.9423
0.787 -175.6759
0.790 -175.4069
0.792 -175.1367
0.795 -174.8659
0.797 -174.5975
0.800 -174.3359
0.802 -174.0849
0.805 -173.8507
0.807 -173.6395
0.810 -173.4507
0.812 -173.2888
0.815 -173.1619
0.817 -173.0755
0.820 -173.0281
0.822 -173.0246
0.825 -173.0634
0.827 -173.1432
0.830 -173.2655
0.832 -173.4255
0.835 -173.6209
0.837 -173.8474
0.840 -174.1032
0.842 -174.3857
0.845 -174.6921
0.847 -175.0180
0.850 -175.3605
0.852 -175.7175
0.855 -176.0852
0.857 -176.4588
0.860 -176.8330
0.862 -177.2034
0.865 -177.5682
0.867 -177.9228
0.870 -178.2677
0.872 -178.5994
0.875 -178.9135
0.877 -179.2098
0.880 -179.4875
0.882 -179.7486
0.885 -179.9948
0.887 -180.2242
0.890 -180.4386
0.892 -180.6349
0.895 -180.8136
0.897 -180.9747
0.900 -181.1176
0.902 -181.2413
0.905 -181.3444
0.907 -181.4259
0.910 -181.4856
0.912 -181.5220
0.915 -181.5383
0.917 -181.5344
0.920 -181.5123
0.922 -181.4767
0.925 -181.4233
0.927 -181.3551
0.930 -181.2702
0.932 -181.1712
0.935 -181.0627
0.937 -180.9482
0.940 -180.8252
0.942 -180.6968
0.945 -180.5672
0.947 -180.4373
0.950 -180.3126
0.952 -180.1924
0.955 -180.0777
0.957 -179.9706
0.960 -179.8720
0.962 -179.7838
0.965 -179.7054
0.967 -179.6380
0.970 -179.5744
0.972 -179.5126
0.975 -179.4506
0.977 -179.3878
0.980 -179.3256
0.982 -179.2572
0.985 -179.1813
0.987 -179.0936
0.990 -178.9943
0.992 -178.8854
0.995 -178.7649
0.997 -178.6322
1.000 -178.4872
1.002 -178.3324
1.005 -178.1706
1.007 -178.0043
1.010 -177.8382
1.012 -177.6776
1.015 -177.5263
1.017 -177.3871
1.020 -177.2640
1.022 -177.1637
1.025 -177.0882
1.027 -177.0399
1.030 -177.0307
1.032 -177.0585
1.035 -177.1199
1.037 -177.2156
1.040 -177.3430
1.042 -177.4975
1.045 -177.6783
1.047 -177.8823
1.050 -178.1061
1.052 -178.3445
1.055 -178.5975
1.057 -178.8586
1.060 -179.1216
1.062 -179.3821
1.065 -179.6369
1.067 -179.8811
1.070 -180.1111
1.072 -180.3196
1.075 -180.5013
1.077 -180.6520
1.080 -180.7687
1.082 -180.8476
1.085 -180.8835
1.087 -180.8738
1.090 -180.8180
1.092 -180.7148
1.095 -180.5648
1.097 -180.3677
1.100 -180.1275
1.102 -179.8465
1.105 -179.5259
1.107 -179.1703
1.110 -178.7859
1.112 -178.3819
1.115 -177.9602
1.117 -177.5300
1.120 -177.0955
1.122 -176.6651
1.125 -176.2464
1.127 -175.8444
1.130 -175.4634
1.132 -175.1077
1.135 -174.7788
1.137 -174.4801
1.140 -174.2128
1.142 -173.9770
1.145 -173.7724
1.147 -173.5992
1.150 -173.4568
1.152 -173.3484
1.155 -173.2714
1.157 -173.2220
1.160 -173.1986
1.162 -173.1977
1.165 -173.2155
1.167 -173.2490
1.170 -173.2968
1.172 -173.3527
1.175 -173.4128
1.177 -173.4737
1.180 -173.5315
1.182 -173.5843
1.185 -173.6343
1.187 -173.6749
1.190 -173.7050
1.192 -173.7250
1.195 -173.7336
1.197 -173.7299
1.200 -173.7148
1.202 -173.6885
1.205 -173.6534
1.207 -173.6054
1.210 -173.5451
1.212 -173.4737
1.215 -173.3924
1.217 -173.3027
1.220 -173.2069
1.222 -173.1066
1.225 -173.0073
1.227 -172.9162
1.230 -172.8253
1.232 -172.7360
1.235 -172.6474
1.237 -172.5607
1.240 -172.4750
1.242 -172.3874
1.245 -172.2953
1.247 -172.1982
1.250 -172.0931
1.252 -171.9794
1.255 -171.8585
1.257 -171.7324
1.260 -171.6055
1.262 -171.4836
1.265 -171.3740
1.267 -171.2857
1.270 -171.2283
1.272 -171.2114
1.275 -171.2427
1.277 -171.3277
1.280 -171.4695
1.282 -171.6677
1.285 -171.9198
1.287 -172.2178
1.290 -172.5510
1.292 -172.9093
1.295 -173.2832
1.297 -173.6619
1.300 -174.0419
1.302 -174.4099
1.305 -174.7585
1.307 -175.0840
1.310 -175.3877
1.312 -175.6690
1.315 -175.9250
1.317 -176.1567
1.320 -176.3660
1.322 -176.5550
1.325 -176.7272
1.327 -176.8851
1.330 -177.0302
1.332 -177.1659
1.335 -177.2928
1.337 -177.4089
1.340 -177.5146
1.342 -177.6106
1.345 -177.6988
1.347 -177.7802
1.350 -177.8558
1.352 -177.9300
1.355 -177.9985
1.357 -178.0627
1.360 -178.1244
1.362 -178.1849
1.365 -178.2470
1.367 -178.3102
1.370 -178.3744
1.372 -178.4448
1.375 -178.5217
1.377 -178.6023
1.380 -178.6890
1.382 -178.7803
1.385 -178.8728
1.387 -178.9664
1.390 -179.0585
1.392 -179.1474
1.395 -179.2363
1.397 -179.3214
1.400 -179.4005
1.402 -179.4740
1.405 -179.5392
1.407 -179.5956
1.410 -179.6424
1.412 -179.6807
1.415 -179.7102
1.417 -179.7373
1.420 -179.7640
1.422 -179.7881
1.425 -179.8112
1.427 -179.8364
1.430 -179.8651
1.432 -179.9037
1.435 -179.9511
1.437 -180.0102
1.440 -180.0799
1.442 -180.1601
1.445 -180.2533
1.447 -180.3510
1.450 -180.4577
1.452 -180.5645
1.455 -180.6672
1.457 -180.7597
1.460 -180.8427
1.462 -180.9100
1.465 -180.9561
1.467 -180.9792
1.470 -180.9757
1.472 -180.9436
1.475 -180.8860
1.477 -180.7981
1.480 -180.6769
1.482 -180.5232
1.485 -180.3431
1.487 -180.1367
1.490 -179.9050
1.492 -179.6523
1.495 -179.3874
1.497 -179.1227
1.500 -178.8654
1.502 -178.6176
1.505 -178.3899
1.507 -178.1920
1.510 -178.0326
1.512 -177.9209
1.515 -177.8639
1.517 -177.8718
1.520 -177.9458
1.522 -178.0834
1.525 -178.2822
1.527 -178.5382
1.530 -178.8431
1.532 -179.1893
1.535 -179.5664
1.537 -179.9616
1.540 -180.3632
1.542 -180.7648
1.545 -181.1535
1.547 -181.5160
1.550 -181.8422
1.552 -182.1246
1.555 -182.3553
1.557 -182.5283
1.560 -182.6408
1.562 -182.6925
1.565 -182.6776
1.567 -182.5997
1.570 -182.4581
1.572 -182.2527
1.575 -181.9878
1.577 -181.6690
1.580 -181.3035
1.582 -180.8950
1.585 -180.4513
1.587 -179.9832
1.590 -179.4977
1.592 -179.0042
1.595 -178.5141
1.597 -178.0366
1.600 -177.5818
1.602 -177.1555
1.605 -176.7679
1.607 -176.4197
1.610 -176.1121
1.612 -175.8481
1.615 -175.6295
1.617 -175.4545
1.620 -175.3217
1.622 -175.2297
1.625 -175.1784
1.627 -175.1674
1.630 -175.1900
1.632 -175.2417
1.635 -175.3191
1.637 -175.4193
1.640 -175.5415
1.642 -175.6792
1.645 -175.8298
1.647 -175.9898
1.650 -176.1530
1.652 -176.3146
1.655 -176.4704
1.657 -176.6165
1.660 -176.7504
1.662 -176.8703
1.665 -176.9689
1.667 -177.0448
1.670 -177.0986
1.672 -177.1310
1.675 -177.1379
1.677 -177.1211
1.680 -177.0802
1.682 -177.0162
1.685 -176.9318
1.687 -176.8302
1.690 -176.7132
1.692 -176.5853
1.695 -176.4503
1.697 -176.3123
1.700 -176.1792
1.702 -176.0556
1.705 -175.9397
1.707 -175.8344
1.710 -175.7432
1.712 -175.6667
1.715 -175.6097
1.717 -175.5690
1.720 -175.5455
1.722 -175.5368
1.725 -175.5442
1.727 -175.5707
1.730 -175.6101
1.732 -175.6560
1.735 -175.7049
1.737 -175.7555
1.740 -175.8043
1.742 -175.8469
1.745 -175.8801
1.747 -175.9012
1.750 -175.9093
1.752 -175.9025
1.755 -175.8779
1.757 -175.8350
1.760 -175.7736
1.762 -175.6946
1.765 -175.6026
1.767 -175.4976
1.770 -175.3822
1.772 -175.2600
1.775 -175.1353
1.777 -175.0126
1.780 -174.8949
1.782 -174.7862
1.785 -174.6918
1.787 -174.6168
1.790 -174.5652
1.792 -174.5398
1.795 -174.5436
1.797 -174.5785
1.800 -174.6445
1.802 -174.7408
1.805 -174.8629
1.807 -175.0068
1.810 -175.1679
1.812 -175.3456
1.815 -175.5338
1.817 -175.7285
1.820 -175.9195
1.822 -176.1048
1.825 -176.2793
1.827 -176.4386
1.830 -176.5827
1.832 -176.7151
1.835 -176.8315
1.837 -176.9292
1.840 -177.0121
1.842 -177.0791
1.845 -177.1309
1.847 -177.1701
1.850 -177.1997
1.852 -177.2225
1.855 -177.2407
1.857 -177.2531
1.860 -177.2616
1.862 -177.2673
1.865 -177.2692
1.867 -177.2670
1.870 -177.2628
1.872 -177.2583
1.875 -177.2477
1.877 -177.2318
1.880 -177.2090
1.882 -177.1797
1.885 -177.1422
1.887 -177.0933
1.890 -177.0326
1.892 -176.9614
1.895 -176.8778
1.897 -176.7893
1.900 -176.6931
1.902 -176.5883
1.905 -176.4759
1.907 -176.3571
1.910 -176.2331
1.912 -176.1052
1.915 -175.9742
1.917 -175.8416
1.920 -175.7090
1.922 -175.5802
1.925 -175.4534
1.927 -175.3294
1.930 -175.2102
1.932 -175.0927
1.935 -174.9750
1.937 -174.8562
1.940 -174.7371
1.942 -174.6149
1.945 -174.4916
1.947 -174.3643
1.950 -174.2317
1.952 -174.0947
1.955 -173.9534
1.957 -173.8122
1.960 -173.6738
1.962 -173.5405
1.965 -173.4183
1.967 -173.3122
1.970 -173.2230
1.972 -173.1541
1.975 -173.1087
1.977 -173.0921
1.980 -173.1105
1.982 -173.1537
1.985 -173.2197
1.987 -173.3054
1.990 -173.4075
1.992 -173.5228
1.995 -173.6470
1.997 -173.7770
2.000 -173.9092
2.002 -174.0410
2.005 -174.1715
2.007 -174.2976
2.010 -174.4202
2.012 -174.5394
2.015 -174.6571
2.017 -174.7704
2.020 -174.8816
2.022 -174.9901
2.025 -175.0970
2.027 -175.2037
2.030 -175.3118
2.032 -175.4230
2.035 -175.5394
2.037 -175.6577
2.040 -175.7788
2.042 -175.9051
2.045 -176.0373
2.047 -176.1700
2.050 -176.3013
2.052 -176.4308
2.055 -176.5567
2.057 -176.6774
2.060 -176.7919
2.062 -176.9020
2.065 -177.0063
2.067 -177.1036
2.070 -177.1959
2.072 -177.2844
2.075 -177.3665
2.077 -177.4376
2.080 -177.5014
2.082 -177.5551
2.085 -177.5965
2.087 -177.6245
2.090 -177.6409
2.092 -177.6421
2.095 -177.6273
2.097 -177.5956
2.100 -177.5500
2.102 -177.4886
2.105 -177.4124
2.107 -177.3238
2.110 -177.2247
2.112 -177.1180
2.115 -177.0075
2.117 -176.8961
2.120 -176.7847
2.122 -176.6768
2.125 -176.5738
2.127 -176.4782
2.130 -176.3906
2.132 -176.3105
2.135 -176.2374
2.137 -176.1728
2.140 -176.1165
2.142 -176.0660
2.145 -176.0196
2.147 -175.9770
2.150 -175.9366
2.152 -175.8962
2.155 -175.8547
2.157 -175.8101
2.160 -175.7632
2.162 -175.7111
2.165 -175.6528
2.167 -175.5868
2.170 -175.5124
2.172 -175.4297
2.175 -175.3396
2.177 -175.2457
2.180 -175.1491
2.182 -175.0502
2.185 -174.9518
2.187 -174.8531
2.190 -174.7515
2.192 -174.6465
2.195 -174.5361
2.197 -174.4181
2.200 -174.2928
2.202 -174.1601
2.205 -174.0202
2.207 -173.8740
2.210 -173.7243
2.212 -173.5756
2.215 -173.4344
2.217 -173.3081
2.220 -173.2071
2.222 -173.1365
2.225 -173.1025
2.227 -173.1117
2.230 -173.1636
2.232 -173.2576
2.235 -173.3947
2.237 -173.5659
2.240 -173.7638
2.242 -173.9768
2.245 -174.1960
2.247 -174.4130
2.250 -174.6195
2.252 -174.8091
2.255 -174.9764
2.257 -175.1213
2.260 -175.2418
2.262 -175.3383
2.265 -175.4124
2.267 -175.4648
2.270 -175.4992
2.272 -175.5203
2.275 -175.5384
2.277 -175.5522
2.280 -175.5667
2.282 -175.5845
2.285 -175.6087
2.287 -175.6413
2.290 -175.6841
2.292 -175.7369
2.295 -175.7990
2.297 -175.8667
2.300 -175.9401
2.302 -176.0118
2.305 -176.0747
2.307 -176.1230
2.310 -176.1495
2.312 -176.1480
2.315 -176.1119
2.317 -176.0361
2.320 -175.9209
2.322 -175.7572
2.325 -175.5431
2.327 -175.2805
2.330 -174.9699
2.332 -174.6077
2.335 -174.1953
2.337 -173.7351
2.340 -173.2318
2.342 -172.6921
2.345 -172.1245
2.347 -171.5370
2.350 -170.9372
2.352 -170.3363
2.355 -169.7444
2.357 -169.1718
2.360 -168.6296
2.362 -168.1297
2.365 -167.6824
2.367 -167.2974
2.370 -166.9823
2.372 -166.7451
2.375 -166.5911
2.377 -166.5210
2.380 -166.5366
2.382 -166.6350
2.385 -166.8129
2.387 -167.0654
2.390 -167.3872
2.392 -167.7690
2.395 -168.2025
2.397 -168.6782
2.400 -169.1862
2.402 -169.7163
2.405 -170.2589
2.407 -170.8054
2.410 -171.3495
2.412 -171.8791
2.415 -172.3858
2.417 -172.8644
2.420 -173.3067
2.422 -173.7070
2.425 -174.0595
2.427 -174.3634
2.430 -174.6209
2.432 -174.8246
2.435 -174.9764
2.437 -175.0744
2.440 -175.1180
2.442 -175.1096
2.445 -175.0534
2.447 -174.9562
2.450 -174.8239
2.452 -174.6621
2.455 -174.4802
2.457 -174.2869
2.460 -174.0888
2.462 -173.8951
2.465 -173.7144
2.467 -173.5568
2.470 -173.4280
2.472 -173.3347
2.475 -173.2819
2.477 -173.2754
2.480 -173.3157
2.482 -173.4026
2.485 -173.5354
2.487 -173.7134
2.490 -173.9317
2.492 -174.1839
2.495 -174.4650
2.497 -174.7680
2.500 -175.0873
2.502 -175.4141
2.505 -175.7414
2.507 -176.0650
2.510 -176.3784
2.512 -176.6795
2.515 -176.9632
2.517 -177.2353
2.520 -177.4849
2.522 -177.7122
2.525 -177.9209
2.527 -178.1100
2.530 -178.2766
2.532 -178.4223
2.535 -178.5496
2.537 -178.6611
2.540 -178.7579
2.542 -178.8462
2.545 -178.9221
2.547 -178.9876
2.550 -179.0495
2.552 -179.1042
2.555 -179.1503
2.557 -179.1912
2.560 -179.2307
2.562 -179.2659
2.565 -179.2945
2.567 -179.3202
2.570 -179.3377
2.572 -179.3475
2.575 -179.3540
2.577 -179.3529
2.580 -179.3417
2.582 -179.3212
2.585 -179.2923
2.587 -179.2582
2.590 -179.2173
2.592 -179.1708
2.595 -179.1206
2.597 -179.0672
2.600 -179.0126
2.602 -178.9593
2.605 -178.9029
2.607 -178.8429
2.610 -178.7791
2.612 -178.7115
2.615 -178.6387
2.617 -178.5587
2.620 -178.4711
2.622 -178.3722
2.625 -178.2580
2.627 -178.1264
2.630 -177.9744
2.632 -177.7990
2.635 -177.5986
2.637 -177.3708
2.640 -177.1172
2.642 -176.8416
2.645 -176.5444
2.647 -176.2256
2.650 -175.8891
2.652 -175.5382
2.655 -175.1743
2.657 -174.8041
2.660 -174.4341
2.662 -174.0735
2.665 -173.7288
2.667 -173.4090
2.670 -173.1237
2.672 -172.8869
2.675 -172.7022
2.677 -172.5756
2.680 -172.5131
2.682 -172.5183
2.685 -172.5933
2.687 -172.7374
2.690 -172.9469
2.692 -173.2169
2.695 -173.5409
2.697 -173.9096
2.700 -174.3154
2.702 -174.7497
2.705 -175.2002
2.707 -175.6573
2.710 -176.1092
2.712 -176.5470
2.715 -176.9640
2.717 -177.3525
2.720 -177.7075
2.722 -178.0238
2.725 -178.2995
2.727 -178.5404
2.730 -178.7404
2.732 -178.9009
2.735 -179.0268
2.737 -179.1140
2.740 -179.1672
2.742 -179.1860
2.745 -179.1742
2.747 -179.1368
2.750 -179.0780
2.752 -179.0022
2.755 -178.9150
2.757 -178.8198
2.760 -178.7210
2.762 -178.6228
2.765 -178.5360
2.767 -178.4594
2.770 -178.3966
2.772 -178.3468
2.775 -178.3074
2.777 -178.2794
2.780 -178.2648
2.782 -178.2609
2.785 -178.2670
2.787 -178.2845
2.790 -178.3126
2.792 -178.3502
2.795 -178.3998
2.797 -178.4599
2.800 -178.5312
2.802 -178.6128
2.805 -178.7024
2.807 -178.7975
2.810 -178.8981
2.812 -179.0005
2.815 -179.1058
2.817 -179.2081
2.820 -179.3060
2.822 -179.4000
2.825 -179.4855
2.827 -179.5587
2.830 -179.6194
2.832 -179.6604
2.835 -179.6775
2.837 -179.6678
2.840 -179.6281
2.842 -179.5550
2.845 -179.4456
2.847 -179.2970
2.850 -179.1101
2.852 -178.8824
2.855 -178.6201
2.857 -178.3162
2.860 -177.9740
2.862 -177.5965
2.865 -177.1882
2.867 -176.7557
2.870 -176.3080
2.872 -175.8559
2.875 -175.4086
2.877 -174.9765
2.880 -174.5742
2.882 -174.2128
2.885 -173.9037
2.887 -173.6593
2.890 -173.4892
2.892 -173.4003
2.895 -173.3999
2.897 -173.4881
2.900 -173.6636
2.902 -173.9162
2.905 -174.2374
2.907 -174.6142
2.910 -175.0288
2.912 -175.4685
2.915 -175.9168
2.917 -176.3603
2.920 -176.7859
2.922 -177.1833
2.925 -177.5452
2.927 -177.8689
2.930 -178.1511
2.932 -178.3943
2.935 -178.5975
2.937 -178.7599
2.940 -178.8853
2.942 -178.9779
2.945 -179.0388
2.947 -179.0731
2.950 -179.0852
2.952 -179.0785
2.955 -179.0600
2.957 -179.0285
2.960 -178.9872
2.962 -178.9386
2.965 -178.8853
2.967 -178.8290
2.970 -178.7718
2.972 -178.7225
2.975 -178.6772
2.977 -178.6385
2.980 -178.6078
2.982 -178.5817
2.985 -178.5597
2.987 -178.5416
2.990 -178.5257
2.992 -178.5130
2.995 -178.5058
2.997 -178.4959
3.000 -178.4816
3.002 -178.4606
3.005 -178.4315
3.007 -178.3928
3.010 -178.3413
3.012 -178.2769
3.015 -178.1973
3.017 -178.1009
3.020 -177.9868
3.022 -177.8559
3.025 -177.7121
3.027 -177.5531
3.030 -177.3797
3.032 -177.1954
3.035 -176.9991
3.037 -176.7938
3.040 -176.5783
3.042 -176.3523
3.045 -176.1155
3.047 -175.8681
3.050 -175.6100
3.052 -175.3423
3.055 -175.0669
3.057 -174.7859
3.060 -174.5033
3.062 -174.2220
3.065 -173.9490
3.067 -173.6868
3.070 -173.4414
3.072 -173.2164
3.075 -173.0179
3.077 -172.8470
3.080 -172.7064
3.082 -172.5974
3.085 -172.5181
3.087 -172.4703
3.090 -172.4507
3.092 -172.4556
3.095 -172.4827
3.097 -172.5285
3.100 -172.5899
3.102 -172.6644
3.105 -172.7476
3.107 -172.8366
3.110 -172.9317
3.112 -173.0280
3.115 -173.1238
3.117 -173.2176
3.120 -173.3081
3.122 -173.3952
3.125 -173.4803
3.127 -173.5635
3.130 -173.6442
3.132 -173.7244
3.135 -173.8073
3.137 -173.8892
3.140 -173.9704
3.142 -174.0510
3.145 -174.1309
3.147 -174.2114
3.150 -174.2915
3.152 -174.3723
3.155 -174.4551
3.157 -174.5433
3.160 -174.6329
3.162 -174.7225
3.165 -174.8114
3.167 -174.8982
3.170 -174.9807
3.172 -175.0561
3.175 -175.1220
3.177 -175.1817
3.180 -175.2281
3.182 -175.2569
3.185 -175.2654
3.187 -175.2524
3.190 -175.2175
3.192 -175.1598
3.195 -175.0820
3.197 -174.9854
3.200 -174.8732
3.202 -174.7492
3.205 -174.6192
3.207 -174.4888
3.210 -174.3625
3.212 -174.2457
3.215 -174.1409
3.217 -174.0489
3.220 -173.9701
3.222 -173.9030
3.225 -173.8484
3.227 -173.8068
3.230 -173.7787
3.232 -173.7652
3.235 -173.7685
3.237 -173.7908
3.240 -173.8348
3.242 -173.9031
3.245 -173.9979
3.247 -174.1210
3.250 -174.2743
3.252 -174.4586
3.255 -174.6735
3.257 -174.9228
3.260 -175.2029
3.262 -175.5093
3.265 -175.8336
3.267 -176.1741
3.270 -176.5289
3.272 -176.8912
3.275 -177.2580
3.277 -177.6266
3.280 -177.9943
3.282 -178.3612
3.285 -178.7248
3.287 -179.0863
3.290 -179.4412
3.292 -179.7851
3.295 -180.1155
3.297 -180.4302
3.300 -180.7302
3.302 -181.0098
3.305 -181.2663
3.307 -181.5019
3.310 -181.7110
3.312 -181.8989
3.315 -182.0642
3.317 -182.2008
3.320 -182.3053
3.322 -182.3795
3.325 -182.4235
3.327 -182.4343
3.330 -182.4101
3.332 -182.3539
3.335 -182.2649
3.337 -182.1429
3.340 -181.9895
3.342 -181.8058
3.345 -181.5933
3.347 -181.3545
3.350 -181.0913
3.352 -180.8058
3.355 -180.4993
3.357 -180.1748
3.360 -179.8350
3.362 -179.4829
3.365 -179.1233
3.367 -178.7583
3.370 -178.3908
3.372 -178.0214
3.375 -177.6529
3.377 -177.2928
3.380 -176.9423
3.382 -176.6092
3.385 -176.2909
3.387 -175.9909
3.390 -175.7135
3.392 -175.4624
3.395 -175.2412
3.397 -175.0535
3.400 -174.9033
3.402 -174.7939
3.405 -174.7266
3.407 -174.7020
3.410 -174.7178
3.412 -174.7720
3.415 -174.8651
3.417 -174.9928
3.420 -175.1496
3.422 -175.3320
3.425 -175.5332
3.427 -175.7481
3.430 -175.9717
3.432 -176.1988
3.435 -176.4226
3.437 -176.6388
3.440 -176.8430
3.442 -177.0325
3.445 -177.2032
3.447 -177.3513
3.450 -177.4744
3.452 -177.5733
3.455 -177.6478
3.457 -177.7014
3.460 -177.7338
3.462 -177.7460
3.465 -177.7413
3.467 -177.7232
3.470 -177.6946
3.472 -177.6612
3.475 -177.6282
3.477 -177.5955
3.480 -177.5658
3.482 -177.5408
3.485 -177.5242
3.487 -177.5155
3.490 -177.5129
3.492 -177.5134
3.495 -177.5149
3.497 -177.5201
3.500 -177.5264
3.502 -177.5295
3.505 -177.5254
3.507 -177.5102
3.510 -177.4769
3.512 -177.4248
3.515 -177.3533
3.517 -177.2639
3.520 -177.1550
3.522 -177.0293
3.525 -176.8903
3.527 -176.7453
3.530 -176.5995
3.532 -176.4591
3.535 -176.3340
3.537 -176.2312
3.540 -176.1547
3.542 -176.1092
3.545 -176.0973
3.547 -176.1196
3.550 -176.1752
3.552 -176.2614
3.555 -176.3729
3.557 -176.5046
3.560 -176.6505
3.562 -176.8036
3.565 -176.9564
3.567 -177.1057
3.570 -177.2432
3.572 -177.3647
3.575 -177.4675
3.577 -177.5502
3.580 -177.6135
3.582 -177.6575
3.585 -177.6841
3.587 -177.6945
3.590 -177.6915
3.592 -177.6779
3.595 -177.6550
3.597 -177.6244
3.600 -177.5880
3.602 -177.5475
3.605 -177.5015
3.607 -177.4503
3.610 -177.3934
3.612 -177.3293
3.615 -177.2583
3.617 -177.1806
3.620 -177.0949
3.622 -176.9995
3.625 -176.8950
3.627 -176.7818
3.630 -176.6568
3.632 -176.5212
3.635 -176.3783
3.637 -176.2298
3.640 -176.0831
3.642 -175.9357
3.645 -175.7912
3.647 -175.6528
3.650 -175.5221
3.652 -175.4027
3.655 -175.2950
3.657 -175.2000
3.660 -175.1178
3.662 -175.0529
3.665 -175.0043
3.667 -174.9698
3.670 -174.9478
3.672 -174.9366
3.675 -174.9371
3.677 -174.9478
3.680 -174.9675
3.682 -174.9943
3.685 -175.0281
3.687 -175.0700
3.690 -175.1178
3.692 -175.1742
3.695 -175.2372
3.697 -175.3024
3.700 -175.3660
3.702 -175.4257
3.705 -175.4768
3.707 -175.5175
3.710 -175.5441
3.712 -175.5551
3.715 -175.5504
3.717 -175.5310
3.720 -175.5009
3.722 -175.4654
3.725 -175.4327
3.727 -175.4092
3.730 -175.4148
3.732 -175.4493
3.735 -175.5213
3.737 -175.6413
3.740 -175.8048
3.742 -176.0075
3.745 -176.2506
3.747 -176.5260
3.750 -176.8276
3.752 -177.1506
3.755 -177.4863
3.757 -177.8254
3.760 -178.1586
3.762 -178.4832
3.765 -178.7881
3.767 -179.0649
3.770 -179.3081
3.772 -179.5148
3.775 -179.6835
3.777 -179.8176
3.780 -179.9121
3.782 -179.9697
3.785 -179.9924
3.787 -179.9849
3.790 -179.9534
3.792 -179.9078
3.795 -179.8552
3.797 -179.8079
3.800 -179.7769
3.802 -179.7671
3.805 -179.7857
3.807 -179.8426
3.810 -179.9366
3.812 -180.0690
3.815 -180.2466
3.817 -180.4614
3.820 -180.7042
3.822 -180.9697
3.825 -181.2500
3.827 -181.5326
3.830 -181.8091
3.832 -182.0713
3.835 -182.3084
3.837 -182.5129
3.840 -182.6832
3.842 -182.8141
3.845 -182.8998
3.847 -182.9379
3.850 -182.9307
3.852 -182.8769
3.855 -182.7781
3.857 -182.6406
3.860 -182.4666
3.862 -182.2638
3.865 -182.0403
3.867 -181.8061
3.870 -181.5669
3.872 -181.3349
3.875 -181.1120
3.877 -180.8991
3.880 -180.6995
3.882 -180.5155
3.885 -180.3499
3.887 -180.2068
3.890 -180.0864
3.892 -179.9902
3.895 -179.9110
3.897 -179.8474
3.900 -179.7959
3.902 -179.7508
3.905 -179.7127
3.907 -179.6784
3.910 -179.6457
3.912 -179.6146
3.915 -179.5845
3.917 -179.5567
3.920 -179.5246
3.922 -179.4886
3.925 -179.4516
3.927 -179.4115
3.930 -179.3686
3.932 -179.3239
3.935 -179.2763
3.937 -179.2256
3.940 -179.1722
3.942 -179.1194
3.945 -179.0694
3.947 -179.0176
3.950 -178.9614
3.952 -178.8991
3.955 -178.8304
3.957 -178.7550
3.960 -178.6737
3.962 -178.5896
3.965 -178.5042
3.967 -178.4165
3.970 -178.3259
3.972 -178.2349
3.975 -178.1429
3.977 -178.0513
3.980 -177.9612
3.982 -177.8719
3.985 -177.7851
3.987 -177.7005
3.990 -177.6175
3.992 -177.5358
3.995 -177.4564
3.997 -177.3804
4.000 -177.3089
4.002 -177.2434
4.005 -177.1837
4.007 -177.1287
4.010 -177.0797
4.012 -177.0385
4.015 -177.0012
4.017 -176.9700
4.020 -176.9424
4.022 -176.9165
4.025 -176.8899
4.027 -176.8623
4.030 -176.8288
4.032 -176.7871
4.035 -176.7402
4.037 -176.6878
4.040 -176.6207
4.042 -176.5363
4.045 -176.4337
4.047 -176.3125
4.050 -176.1723
4.052 -176.0150
4.055 -175.8430
4.057 -175.6611
4.060 -175.4662
4.062 -175.2609
4.065 -175.0471
4.067 -174.8271
4.070 -174.6033
4.072 -174.3773
4.075 -174.1480
4.077 -173.9119
4.080 -173.6669
4.082 -173.4112
4.085 -173.1429
4.087 -172.8602
4.090 -172.5630
4.092 -172.2528
4.095 -171.9337
4.097 -171.6091
4.100 -171.2858
4.102 -170.9710
4.105 -170.6764
4.107 -170.4101
4.110 -170.1802
4.112 -169.9947
4.115 -169.8630
4.117 -169.7910
4.120 -169.7825
4.122 -169.8382
4.125 -169.9574
4.127 -170.1385
4.130 -170.3797
4.132 -170.6732
4.135 -171.0118
4.137 -171.3867
4.140 -171.7896
4.142 -172.2111
4.145 -172.6411
4.147 -173.0695
4.150 -173.4902
4.152 -173.8941
4.155 -174.2733
4.157 -174.6210
4.160 -174.9317
4.162 -175.2029
4.165 -175.4325
4.167 -175.6178
4.170 -175.7604
4.172 -175.8612
4.175 -175.9264
4.177 -175.9567
4.180 -175.9557
4.182 -175.9299
4.185 -175.8877
4.187 -175.8355
4.190 -175.7746
4.192 -175.7117
4.195 -175.6523
4.197 -175.6004
4.200 -175.5626
4.202 -175.5395
4.205 -175.5285
4.207 -175.5310
4.210 -175.5474
4.212 -175.5732
4.215 -175.6051
4.217 -175.6435
4.220 -175.6821
4.222 -175.7173
4.225 -175.7457
4.227 -175.7664
4.230 -175.7791
4.232 -175.7797
4.235 -175.7653
4.237 -175.7340
4.240 -175.6856
4.242 -175.6206
4.245 -175.5402
4.247 -175.4489
4.250 -175.3469
4.252 -175.2363
4.255 -175.1196
4.257 -175.0000
4.260 -174.8806
4.262 -174.7662
4.265 -174.6617
4.267 -174.5699
4.270 -174.4922
4.272 -174.4305
4.275 -174.3873
4.277 -174.3655
4.280 -174.3658
4.282 -174.3909
4.285 -174.4386
4.287 -174.5086
4.290 -174.6010
4.292 -174.7161
4.295 -174.8528
4.297 -175.0129
4.300 -175.1930
4.302 -175.3920
4.305 -175.6043
4.307 -175.8302
4.310 -176.0672
4.312 -176.3123
4.315 -176.5594
4.317 -176.8038
4.320 -177.0448
4.322 -177.2769
4.325 -177.4932
4.327 -177.6917
4.330 -177.8687
4.332 -178.0218
4.335 -178.1488
4.337 -178.2493
4.340 -178.3297
4.342 -178.3885
4.345 -178.4278
4.347 -178.4476
4.350 -178.4523
4.352 -178.4426
4.355 -178.4227
4.357 -178.3964
4.360 -178.3663
4.362 -178.3370
4.365 -178.3099
4.367 -178.2872
4.370 -178.2704
4.372 -178.2614
4.375 -178.2586
4.377 -178.2638
4.380 -178.2791
4.382 -178.2949
4.385 -178.3074
4.387 -178.3137
4.390 -178.3091
4.392 -178.2917
4.395 -178.2587
4.397 -178.2110
4.400 -178.1473
4.402 -178.0699
4.405 -177.9769
4.407 -177.8708
4.410 -177.7535
4.412 -177.6287
4.415 -177.4994
4.417 -177.3690
4.420 -177.2387
4.422 -177.1101
4.425 -176.9841
4.427 -176.8638
4.430 -176.7466
4.432 -176.6328
4.435 -176.5176
4.437 -176.3990
4.440 -176.2761
4.442 -176.1479
4.445 -176.0158
4.447 -175.8819
4.450 -175.7434
4.452 -175.6011
4.455 -175.4581
4.457 -175.3189
4.460 -175.1859
4.462 -175.0639
4.465 -174.9585
4.467 -174.8720
4.470 -174.8039
4.472 -174.7543
4.475 -174.7234
4.478 -174.7108
4.480 -174.7139
4.483 -174.7295
4.485 -174.7528
4.488 -174.7801
4.490 -174.8079
4.493 -174.8354
4.495 -174.8557
4.498 -174.8665
4.500 -174.8653
4.503 -174.8523
4.505 -174.8274
4.508 -174.7924
4.510 -174.7536
4.513 -174.7174
4.515 -174.6837
4.518 -174.6560
4.520 -174.6389
4.523 -174.6370
4.525 -174.6562
4.528 -174.6989
4.530 -174.7678
4.533 -174.8663
4.535 -174.9943
4.538 -175.1501
4.540 -175.3325
4.543 -175.5404
4.545 -175.7715
4.548 -176.0217
4.550 -176.2869
4.553 -176.5637
4.555 -176.8510
4.558 -177.1438
4.560 -177.4409
4.563 -177.7364
4.565 -178.0276
4.568 -178.3160
4.570 -178.5992
4.573 -178.8701
4.575 -179.1313
4.578 -179.3831
4.580 -179.6156
4.583 -179.8284
4.585 -180.0191
4.588 -180.1919
4.590 -180.3425
4.593 -180.4689
4.595 -180.5724
4.598 -180.6514
4.600 -180.7062
4.603 -180.7338
4.605 -180.7364
4.608 -180.7165
4.610 -180.6748
4.613 -180.6170
4.615 -180.5446
4.618 -180.4647
4.620 -180.3725
4.623 -180.2724
4.625 -180.1679
4.628 -180.0601
4.630 -179.9544
4.633 -179.8538
4.635 -179.7544
4.638 -179.6619
4.640 -179.5744
4.643 -179.4983
4.645 -179.4291
4.648 -179.3601
4.650 -179.2874
4.653 -179.2079
4.655 -179.1201
4.658 -179.0228
4.660 -178.9130
4.663 -178.7885
4.665 -178.6493
4.668 -178.4949
4.670 -178.3220
4.673 -178.1301
4.675 -177.9208
4.678 -177.6955
4.680 -177.4560
4.683 -177.2014
4.685 -176.9335
4.688 -176.6563
4.690 -176.3754
4.693 -176.0972
4.695 -175.8229
4.698 -175.5567
4.700 -175.3038
4.703 -175.0682
4.705 -174.8544
4.708 -174.6660
4.710 -174.5096
4.713 -174.3873
4.715 -174.2999
4.718 -174.2532
4.720 -174.2380
4.723 -174.2516
4.725 -174.2973
4.728 -174.3728
4.730 -174.4701
4.733 -174.5829
4.735 -174.7101
4.738 -174.8457
4.740 -174.9850
4.743 -175.1306
4.745 -175.2767
4.748 -175.4200
4.750 -175.5606
4.753 -175.6995
4.755 -175.8362
4.758 -175.9730
4.760 -176.1104
4.763 -176.2497
4.765 -176.3934
4.768 -176.5417
4.770 -176.6955
4.773 -176.8539
4.775 -177.0127
4.778 -177.1688
4.780 -177.3205
4.783 -177.4655
4.785 -177.6036
4.788 -177.7330
4.790 -177.8441
4.793 -177.9319
4.795 -177.9955
4.798 -178.0332
4.800 -178.0450
4.803 -178.0301
4.805 -177.9919
4.808 -177.9306
4.810 -177.8510
4.813 -177.7573
4.815 -177.6534
4.818 -177.5455
4.820 -177.4370
4.823 -177.3315
4.825 -177.2311
4.828 -177.1377
4.830 -177.0538
4.833 -176.9860
4.835 -176.9290
4.838 -176.8844
4.840 -176.8530
4.843 -176.8324
4.845 -176.8192
4.848 -176.8103
4.850 -176.8033
4.853 -176.7976
4.855 -176.7928
4.858 -176.7888
4.860 -176.7840
4.863 -176.7837
4.865 -176.7902
4.868 -176.8069
4.870 -176.8355
4.873 -176.8815
4.875 -176.9502
4.878 -177.0471
4.880 -177.1744
4.883 -177.3309
4.885 -177.5156
4.888 -177.7249
4.890 -177.9558
4.893 -178.2006
4.895 -178.4506
4.898 -178.6990
4.900 -178.9407
4.903 -179.1705
4.905 -179.3770
4.908 -179.5516
4.910 -179.6908
4.913 -179.7928
4.915 -179.8593
4.918 -179.8870
4.920 -179.8719
4.923 -179.8146
4.925 -179.7177
4.928 -179.5833
4.930 -179.4096
4.933 -179.2009
4.935 -178.9623
4.938 -178.7010
4.940 -178.4292
4.943 -178.1564
4.945 -177.8938
4.948 -177.6519
4.950 -177.4462
4.953 -177.2832
4.955 -177.1685
4.958 -177.1055
4.960 -177.0947
4.963 -177.1334
4.965 -177.2132
4.968 -177.3247
4.970 -177.4621
4.973 -177.6103
4.975 -177.7589
4.978 -177.8976
4.980 -178.0200
4.983 -178.1205
4.985 -178.1941
4.988 -178.2376
4.990 -178.2529
4.993 -178.2397
4.995 -178.1936
4.998 -178.1149
5.000 -178.0045
5.003 -177.8654
5.005 -177.7017
5.008 -177.5125
5.010 -177.3064
5.013 -177.0876
5.015 -176.8602
5.018 -176.6297
5.020 -176.4047
5.023 -176.1953
5.025 -176.0147
5.028 -175.8729
5.030 -175.7797
5.033 -175.7448
5.035 -175.7765
5.038 -175.8810
5.040 -176.0638
5.043 -176.3189
5.045 -176.6418
5.048 -177.0265
5.050 -177.4593
5.053 -177.9262
5.055 -178.4144
5.058 -178.9116
5.060 -179.4044
5.063 -179.8759
5.065 -180.3152
5.068 -180.7138
5.070 -181.0642
5.073 -181.3659
5.075 -181.6092
5.078 -181.7901
5.080 -181.9088
5.083 -181.9635
5.085 -181.9593
5.088 -181.8921
5.090 -181.7632
5.093 -181.5761
5.095 -181.3337
5.098 -181.0413
5.100 -180.7061
5.103 -180.3358
5.105 -179.9434
5.108 -179.5319
5.110 -179.1065
5.113 -178.6744
5.115 -178.2431
5.118 -177.8218
5.120 -177.4178
5.123 -177.0386
5.125 -176.6894
5.128 -176.3755
5.130 -176.0984
5.133 -175.8592
5.135 -175.6587
5.138 -175.4981
5.140 -175.3730
5.143 -175.2800
5.145 -175.2162
5.148 -175.1787
5.150 -175.1638
5.153 -175.1682
5.155 -175.1892
5.158 -175.2237
5.160 -175.2685
5.163 -175.3218
5.165 -175.3829
5.168 -175.4509
5.170 -175.5251
5.173 -175.6056
5.175 -175.6972
5.178 -175.7998
5.180 -175.9072
5.183 -176.0202
5.185 -176.1392
5.188 -176.2654
5.190 -176.3954
5.193 -176.5269
5.195 -176.6561
5.198 -176.7814
5.200 -176.9016
5.203 -177.0153
5.205 -177.1223
5.208 -177.2201
5.210 -177.3087
5.213 -177.3870
5.215 -177.4573
5.218 -177.5192
5.220 -177.5727
5.223 -177.6208
5.225 -177.6660
5.228 -177.7117
5.230 -177.7589
5.233 -177.8080
5.235 -177.8615
5.238 -177.9226
5.240 -177.9907
5.243 -178.0666
5.245 -178.1516
5.248 -178.2418
5.250 -178.3366
5.253 -178.4366
5.255 -178.5348
5.258 -178.6317
5.260 -178.7167
5.263 -178.7854
5.265 -178.8409
5.268 -178.8728
5.270 -178.8788
5.273 -178.8553
5.275 -178.7981
5.278 -178.7055
5.280 -178.5739
5.283 -178.4049
5.285 -178.1983
5.288 -177.9533
5.290 -177.6714
5.293 -177.3567
5.295 -177.0109
5.298 -176.6386
5.300 -176.2452
5.303 -175.8384
5.305 -175.4247
5.308 -175.0132
5.310 -174.6144
5.313 -174.2339
5.315 -173.8804
5.318 -173.5641
5.320 -173.2907
5.323 -173.0645
5.325 -172.8897
5.328 -172.7700
5.330 -172.7081
5.333 -172.7040
5.335 -172.7549
5.338 -172.8598
5.340 -173.0156
5.343 -173.2188
5.345 -173.4632
5.348 -173.7442
5.350 -174.0545
5.353 -174.3899
5.355 -174.7450
5.358 -175.1118
5.360 -175.4826
5.363 -175.8508
5.365 -176.2110
5.368 -176.5547
5.370 -176.8755
5.373 -177.1642
5.375 -177.4158
5.378 -177.6166
5.380 -177.7596
5.383 -177.8408
5.385 -177.8568
5.388 -177.8022
5.390 -177.6787
5.393 -177.4889
5.395 -177.2381
5.398 -176.9376
5.400 -176.6090
5.403 -176.2669
5.405 -175.9323
5.408 -175.6233
5.410 -175.3641
5.413 -175.1667
5.415 -175.0404
5.418 -174.9903
5.420 -175.0242
5.423 -175.1294
5.425 -175.2921
5.428 -175.4986
5.430 -175.7331
5.433 -175.9794
5.435 -176.2227
5.438 -176.4506
5.440 -176.6526
5.443 -176.8189
5.445 -176.9432
5.448 -177.0211
5.450 -177.0481
5.453 -177.0203
5.455 -176.9369
5.458 -176.7985
5.460 -176.6084
5.463 -176.3709
5.465 -176.0924
5.468 -175.7777
5.470 -175.4324
5.473 -175.0667
5.475 -174.6945
5.478 -174.3199
5.480 -173.9501
5.483 -173.5976
5.485 -173.2681
5.488 -172.9679
5.490 -172.7025
5.493 -172.4807
5.495 -172.3038
5.498 -172.1704
5.500 -172.0793
5.503 -172.0282
5.505 -172.0152
5.508 -172.0370
5.510 -172.0896
5.513 -172.1678
5.515 -172.2677
5.518 -172.3853
5.520 -172.5165
5.523 -172.6585
5.525 -172.8089
5.528 -172.9643
5.530 -173.1222
5.533 -173.2820
5.535 -173.4424
5.538 -173.6019
5.540 -173.7583
5.543 -173.9096
5.545 -174.0552
5.548 -174.1923
5.550 -174.3206
5.553 -174.4385
5.555 -174.5446
5.558 -174.6389
5.560 -174.7205
5.563 -174.7915
5.565 -174.8503
5.568 -174.8989
5.570 -174.9383
5.573 -174.9725
5.575 -175.0009
5.578 -175.0241
5.580 -175.0459
5.583 -175.0677
5.585 -175.0909
5.588 -175.1196
5.590 -175.1507
5.593 -175.1870
5.595 -175.2291
5.598 -175.2749
5.600 -175.3266
5.603 -175.3837
5.605 -175.4446
5.608 -175.5091
5.610 -175.5724
5.613 -175.6351
5.615 -175.6963
5.618 -175.7562
5.620 -175.8125
5.623 -175.8640
5.625 -175.9147
5.628 -175.9644
5.630 -176.0103
5.633 -176.0523
5.635 -176.0913
5.638 -176.1286
5.640 -176.1669
5.643 -176.2047
5.645 -176.2420
5.648 -176.2806
5.650 -176.3219
5.653 -176.3644
5.655 -176.4075
5.658 -176.4525
5.660 -176.4979
5.663 -176.5406
5.665 -176.5799
5.668 -176.6133
5.670 -176.6381
5.673 -176.6541
5.675 -176.6569
5.678 -176.6475
5.680 -176.6234
5.683 -176.5826
5.685 -176.5242
5.688 -176.4470
5.690 -176.3552
5.693 -176.2481
5.695 -176.1277
5.698 -175.9967
5.700 -175.8591
5.703 -175.7187
5.705 -175.5783
5.708 -175.4408
5.710 -175.3147
5.713 -175.1955
5.715 -175.0851
5.718 -174.9831
5.720 -174.8933
5.723 -174.8078
5.725 -174.7221
5.728 -174.6376
5.730 -174.5493
5.733 -174.4565
5.735 -174.3611
5.738 -174.2673
5.740 -174.1781
5.743 -174.0966
5.745 -174.0284
5.748 -173.9803
5.750 -173.9583
5.753 -173.9690
5.755 -174.0180
5.758 -174.1158
5.760 -174.2591
5.763 -174.4454
5.765 -174.6720
5.768 -174.9357
5.770 -175.2300
5.773 -175.5460
5.775 -175.8780
5.778 -176.2199
5.780 -176.5626
5.783 -176.9012
5.785 -177.2342
5.788 -177.5508
5.790 -177.8469
5.793 -178.1201
5.795 -178.3638
5.798 -178.5742
5.800 -178.7480
5.803 -178.8814
5.805 -178.9764
5.808 -179.0283
5.810 -179.0344
5.813 -178.9993
5.815 -178.9226
5.818 -178.8049
5.820 -178.6493
5.823 -178.4586
5.825 -178.2369
5.828 -177.9907
5.830 -177.7257
5.833 -177.4465
5.835 -177.1586
5.838 -176.8728
5.840 -176.5909
5.843 -176.3141
5.845 -176.0451
5.848 -175.7862
5.850 -175.5393
5.853 -175.3045
5.855 -175.0831
5.858 -174.8729
5.860 -174.6709
5.863 -174.4762
5.865 -174.2868
5.868 -174.1012
5.870 -173.9194
5.873 -173.7407
5.875 -173.5660
5.878 -173.3980
5.880 -173.2418
5.883 -173.1018
5.885 -172.9824
5.888 -172.8901
5.890 -172.8319
5.893 -172.8127
5.895 -172.8424
5.898 -172.9252
5.900 -173.0619
5.903 -173.2526
5.905 -173.4954
5.908 -173.7868
5.910 -174.1235
5.913 -174.4993
5.915 -174.9069
5.918 -175.3373
5.920 -175.7813
5.923 -176.2302
5.925 -176.6774
5.928 -177.1143
5.930 -177.5364
5.933 -177.9385
5.935 -178.3217
5.938 -178.6768
5.940 -179.0019
5.943 -179.2952
5.945 -179.5566
5.948 -179.7921
5.950 -179.9957
5.953 -180.1693
5.955 -180.3154
5.958 -180.4412
5.960 -180.5413
5.963 -180.6184
5.965 -180.6744
5.968 -180.7095
5.970 -180.7249
5.973 -180.7271
5.975 -180.7185
5.978 -180.6953
5.980 -180.6575
5.983 -180.6051
5.985 -180.5387
5.988 -180.4599
5.990 -180.3664
5.993 -180.2572
5.995 -180.1314
5.998 -179.9880
6.000 -179.8270
6.003 -179.6495
6.005 -179.4588
6.008 -179.2545
6.010 -179.0393
6.013 -178.8188
6.015 -178.5967
6.018 -178.3786
6.020 -178.1719
6.023 -177.9832
6.025 -177.8210
6.028 -177.6898
6.030 -177.5915
6.033 -177.5312
6.035 -177.5130
6.038 -177.5303
6.040 -177.5824
6.043 -177.6672
6.045 -177.7787
6.048 -177.9134
6.050 -178.0685
6.053 -178.2357
6.055 -178.4079
6.058 -178.5816
6.060 -178.7493
6.063 -178.9078
6.065 -179.0534
6.068 -179.1793
6.070 -179.2851
6.073 -179.3669
6.075 -179.4230
6.078 -179.4510
6.080 -179.4505
6.083 -179.4293
6.085 -179.3818
6.088 -179.3095
6.090 -179.2146
6.093 -179.0989
6.095 -178.9659
6.098 -178.8213
6.100 -178.6645
6.103 -178.4985
6.105 -178.3242
6.108 -178.1444
6.110 -177.9584
6.113 -177.7681
6.115 -177.5728
6.118 -177.3692
6.120 -177.1565
6.123 -176.9300
6.125 -176.6880
6.128 -176.4293
6.130 -176.1511
6.133 -175.8533
6.135 -175.5384
6.138 -175.2052
6.140 -174.8563
6.143 -174.4953
6.145 -174.1265
6.148 -173.7557
6.150 -173.3887
6.153 -173.0310
6.155 -172.6896
6.158 -172.3676
6.160 -172.0702
6.163 -171.8004
6.165 -171.5607
6.168 -171.3532
6.170 -171.1818
6.173 -171.0458
6.175 -170.9435
6.178 -170.8763
6.180 -170.8431
6.183 -170.8440
6.185 -170.8817
6.188 -170.9519
6.190 -171.0520
6.193 -171.1768
6.195 -171.3269
6.198 -171.4996
6.200 -171.6900
6.203 -171.8932
6.205 -172.1050
6.208 -172.3254
6.210 -172.5475
6.213 -172.7685
6.215 -172.9848
6.218 -173.2004
6.220 -173.4089
6.223 -173.6083
6.225 -173.7973
6.228 -173.9785
6.230 -174.1511
6.233 -174.3169
6.235 -174.4760
6.238 -174.6314
6.240 -174.7879
6.243 -174.9448
6.245 -175.1045
6.248 -175.2670
6.250 -175.4309
6.253 -175.5958
6.255 -175.7607
6.258 -175.9250
6.260 -176.0910
6.263 -176.2557
6.265 -176.4136
6.268 -176.5639
6.270 -176.7044
6.273 -176.8333
6.275 -176.9501
6.278 -177.0585
6.280 -177.1541
6.283 -177.2422
6.285 -177.3177
6.288 -177.3798
6.290 -177.4287
6.293 -177.4639
6.295 -177.4865
6.298 -177.4971
6.300 -177.4954
6.303 -177.4815
6.305 -177.4572
6.308 -177.4237
6.310 -177.3819
6.313 -177.3289
6.315 -177.2641
6.318 -177.1884
6.320 -177.1013
6.323 -177.0049
6.325 -176.8959
6.328 -176.7735
6.330 -176.6377
6.333 -176.4883
6.335 -176.3264
6.338 -176.1523
6.340 -175.9675
6.343 -175.7742
6.345 -175.5754
6.348 -175.3769
6.350 -175.1814
6.353 -174.9906
6.355 -174.8078
6.358 -174.6390
6.360 -174.4851
6.363 -174.3476
6.365 -174.2279
6.368 -174.1279
6.370 -174.0500
6.373 -173.9927
6.375 -173.9578
6.378 -173.9417
6.380 -173.9424
6.383 -173.9587
6.385 -173.9883
6.388 -174.0279
6.390 -174.0741
6.393 -174.1223
6.395 -174.1751
6.398 -174.2258
6.400 -174.2680
6.403 -174.3017
6.405 -174.3209
6.408 -174.3230
6.410 -174.3058
6.413 -174.2680
6.415 -174.2113
6.418 -174.1378
6.420 -174.0514
6.423 -173.9524
6.425 -173.8424
6.428 -173.7258
6.430 -173.6061
6.433 -173.4872
6.435 -173.3728
6.438 -173.2656
6.440 -173.1677
6.443 -173.0801
6.445 -173.0034
6.448 -172.9382
6.450 -172.8896
6.453 -172.8515
6.455 -172.8231
6.458 -172.8036
6.460 -172.7934
6.463 -172.7950
6.465 -172.8068
6.468 -172.8303
6.470 -172.8693
6.473 -172.9255
6.475 -173.0000
6.478 -173.0953
6.480 -173.2121
6.483 -173.3532
6.485 -173.5161
6.488 -173.6982
6.490 -173.8977
6.493 -174.1122
6.495 -174.3369
6.498 -174.5692
6.500 -174.8054
6.503 -175.0433
6.505 -175.2823
6.508 -175.5219
6.510 -175.7556
6.513 -175.9831
6.515 -176.2001
6.518 -176.4087
6.520 -176.6046
6.523 -176.7914
6.525 -176.9639
6.528 -177.1192
6.530 -177.2553
6.533 -177.3709
6.535 -177.4654
6.538 -177.5367
6.540 -177.5819
6.543 -177.5994
6.545 -177.5896
6.548 -177.5529
6.550 -177.4874
6.553 -177.3944
6.555 -177.2743
6.558 -177.1283
6.560 -176.9630
6.563 -176.7805
6.565 -176.5832
6.568 -176.3740
6.570 -176.1568
6.573 -175.9365
6.575 -175.7184
6.578 -175.5128
6.580 -175.3235
6.583 -175.1546
6.585 -175.0115
6.588 -174.8994
6.590 -174.8227
6.593 -174.7838
6.595 -174.7854
6.598 -174.8266
6.600 -174.9068
6.603 -175.0237
6.605 -175.1742
6.608 -175.3505
6.610 -175.5470
6.613 -175.7538
6.615 -175.9633
6.618 -176.1694
6.620 -176.3679
6.623 -176.5488
6.625 -176.7063
6.628 -176.8352
6.630 -176.9321
6.633 -176.9954
6.635 -177.0248
6.638 -177.0210
6.640 -176.9858
6.643 -176.9215
6.645 -176.8317
6.648 -176.7186
6.650 -176.5865
6.653 -176.4400
6.655 -176.2820
6.658 -176.1171
6.660 -175.9464
6.663 -175.7732
6.665 -175.5990
6.668 -175.4272
6.670 -175.2565
6.673 -175.0865
6.675 -174.9189
6.678 -174.7498
6.680 -174.5784
6.683 -174.4051
6.685 -174.2303
6.688 -174.0517
6.690 -173.8698
6.693 -173.6852
6.695 -173.4990
6.698 -173.3112
6.700 -173.1226
6.703 -172.9345
6.705 -172.7490
6.708 -172.5671
6.710 -172.3911
6.713 -172.2218
6.715 -172.0657
6.718 -171.9220
6.720 -171.7953
6.723 -171.6846
6.725 -171.5928
6.728 -171.5186
6.730 -171.4708
6.733 -171.4424
6.735 -171.4324
6.738 -171.4390
6.740 -171.4619
6.743 -171.5001
6.745 -171.5511
6.748 -171.6140
6.750 -171.6876
6.753 -171.7689
6.755 -171.8557
6.758 -171.9473
6.760 -172.0421
6.763 -172.1386
6.765 -172.2356
6.768 -172.3330
6.770 -172.4377
6.773 -172.5433
6.775 -172.6504
6.778 -172.7588
6.780 -172.8695
6.783 -172.9837
6.785 -173.1042
6.788 -173.2308
6.790 -173.3618
6.793 -173.4972
6.795 -173.6365
6.798 -173.7801
6.800 -173.9271
6.803 -174.0764
6.805 -174.2243
6.808 -174.3687
6.810 -174.5061
6.813 -174.6347
6.815 -174.7523
6.818 -174.8571
6.820 -174.9466
6.823 -175.0206
6.825 -175.0795
6.828 -175.1270
6.830 -175.1657
6.833 -175.1985
6.835 -175.2282
6.838 -175.2603
6.840 -175.3013
6.843 -175.3562
6.845 -175.4312
6.848 -175.5313
6.850 -175.6559
6.853 -175.8085
6.855 -175.9894
6.858 -176.1909
6.860 -176.4088
6.863 -176.6395
6.865 -176.8776
6.868 -177.1152
6.870 -177.3473
6.873 -177.5687
6.875 -177.7790
6.878 -177.9656
6.880 -178.1249
6.883 -178.2544
6.885 -178.3526
6.888 -178.4171
6.890 -178.4472
6.893 -178.4428
6.895 -178.4026
6.898 -178.3262
6.900 -178.2121
6.903 -178.0633
6.905 -177.8742
6.908 -177.6445
6.910 -177.3749
6.913 -177.0701
6.915 -176.7343
6.918 -176.3736
6.920 -175.9959
6.923 -175.6110
6.925 -175.2338
6.928 -174.8743
6.930 -174.5430
6.933 -174.2500
6.935 -174.0051
6.938 -173.8077
6.940 -173.6584
6.943 -173.5570
6.945 -173.5019
6.948 -173.4922
6.950 -173.5266
6.953 -173.6028
6.955 -173.7215
6.958 -173.8844
6.960 -174.0928
6.963 -174.3451
6.965 -174.6399
6.968 -174.9739
6.970 -175.3418
6.973 -175.7362
6.975 -176.1469
6.978 -176.5630
6.980 -176.9728
6.983 -177.3638
6.985 -177.7257
6.988 -178.0477
6.990 -178.3184
6.993 -178.5344
6.995 -178.6864
6.998 -178.7650
7.000 -178.7664
7.003 -178.6889
7.005 -178.5339
7.008 -178.3014
7.010 -177.9919
7.013 -177.6078
7.015 -177.1546
7.018 -176.6367
7.020 -176.0630
7.023 -175.4478
7.025 -174.8051
7.028 -174.1431
7.030 -173.4792
7.033 -172.8311
7.035 -172.2159
7.038 -171.6518
7.040 -171.1567
7.043 -170.7439
7.045 -170.4275
7.048 -170.2175
7.050 -170.1154
7.053 -170.1208
7.055 -170.2299
7.058 -170.4357
7.060 -170.7257
7.063 -171.0848
7.065 -171.4992
7.068 -171.9554
7.070 -172.4361
7.073 -172.9280
7.075 -173.4225
7.078 -173.9086
7.080 -174.3786
7.083 -174.8251
7.085 -175.2436
7.088 -175.6313
7.090 -175.9889
7.093 -176.3161
7.095 -176.6127
7.098 -176.8793
7.100 -177.1187
7.103 -177.3318
7.105 -177.5196
7.108 -177.6799
7.110 -177.8135
7.113 -177.9182
7.115 -177.9930
7.118 -178.0413
7.120 -178.0631
7.123 -178.0554
7.125 -178.0226
7.128 -177.9657
7.130 -177.8839
7.133 -177.7826
7.135 -177.6618
7.138 -177.5252
7.140 -177.3777
7.143 -177.2216
7.145 -177.0617
7.148 -176.9012
7.150 -176.7447
7.153 -176.5937
7.155 -176.4502
7.158 -176.3162
7.160 -176.1928
7.163 -176.0816
7.165 -175.9827
7.168 -175.8946
7.170 -175.8161
7.173 -175.7452
7.175 -175.6813
7.178 -175.6249
7.180 -175.5754
7.183 -175.5311
7.185 -175.4904
7.188 -175.4523
7.190 -175.4151
7.193 -175.3778
7.195 -175.3415
7.198 -175.3064
7.200 -175.2707
7.203 -175.2366
7.205 -175.2117
7.208 -175.1907
7.210 -175.1714
7.213 -175.1554
7.215 -175.1443
7.218 -175.1397
7.220 -175.1429
7.223 -175.1549
7.225 -175.1784
7.228 -175.2146
7.230 -175.2652
7.233 -175.3333
7.235 -175.4154
7.238 -175.5114
7.240 -175.6278
7.243 -175.7585
7.245 -175.9039
7.248 -176.0658
7.250 -176.2445
7.253 -176.4411
7.255 -176.6653
7.258 -176.9134
7.260 -177.1868
7.263 -177.4842
7.265 -177.8038
7.268 -178.1451
7.270 -178.5027
7.273 -178.8714
7.275 -179.2494
7.278 -179.6294
7.280 -180.0027
7.283 -180.3610
7.285 -180.6983
7.288 -181.0094
7.290 -181.2889
7.293 -181.5322
7.295 -181.7329
7.298 -181.8874
7.300 -181.9927
7.303 -182.0474
7.305 -182.0501
7.308 -181.9997
7.310 -181.8999
7.313 -181.7550
7.315 -181.5729
7.318 -181.3704
7.320 -181.1593
7.323 -180.9565
7.325 -180.7816
7.328 -180.6528
7.330 -180.5886
7.333 -180.6000
7.335 -180.6912
7.338 -180.8582
7.340 -181.0883
7.343 -181.3666
7.345 -181.6698
7.348 -181.9795
7.350 -182.2795
7.353 -182.5533
7.355 -182.7835
7.358 -182.9594
7.360 -183.0745
7.363 -183.1254
7.365 -183.1195
7.368 -183.0528
7.370 -182.9335
7.373 -182.7697
7.375 -182.5533
7.378 -182.2884
7.380 -181.9855
7.383 -181.6437
7.385 -181.2664
7.388 -180.8608
7.390 -180.4357
7.393 -179.9992
7.395 -179.5590
7.398 -179.1287
7.400 -178.7211
7.403 -178.3544
7.405 -178.0335
7.408 -177.7693
7.410 -177.5710
7.413 -177.4465
7.415 -177.3997
7.418 -177.4327
7.420 -177.5456
7.423 -177.7368
7.425 -178.0017
7.428 -178.3292
7.430 -178.7106
7.433 -179.1340
7.435 -179.5895
7.438 -180.0577
7.440 -180.5211
7.443 -180.9686
7.445 -181.3846
7.448 -181.7558
7.450 -182.0707
7.453 -182.3211
7.455 -182.5007
7.458 -182.6099
7.460 -182.6439
7.463 -182.5999
7.465 -182.4791
7.468 -182.2904
7.470 -182.0323
7.473 -181.7101
7.475 -181.3322
7.478 -180.9023
7.480 -180.4320
7.483 -179.9329
7.485 -179.4120
7.488 -178.8789
7.490 -178.3467
7.493 -177.8275
7.495 -177.3355
7.498 -176.8806
7.500 -176.4740
7.503 -176.1237
7.505 -175.8406
7.508 -175.6326
7.510 -175.4949
7.513 -175.4267
7.515 -175.4246
7.518 -175.4865
7.520 -175.6032
7.523 -175.7641
7.525 -175.9581
7.528 -176.1745
7.530 -176.4048
7.533 -176.6367
7.535 -176.8577
7.538 -177.0599
7.540 -177.2371
7.543 -177.3827
7.545 -177.4906
7.548 -177.5582
7.550 -177.5848
7.553 -177.5703
7.555 -177.5118
7.558 -177.4099
7.560 -177.2655
7.563 -177.0811
7.565 -176.8615
7.568 -176.6114
7.570 -176.3388
7.573 -176.0468
7.575 -175.7372
7.578 -175.4150
7.580 -175.0908
7.583 -174.7767
7.585 -174.4694
7.588 -174.1766
7.590 -173.9058
7.593 -173.6627
7.595 -173.4523
7.598 -173.2793
7.600 -173.1471
7.603 -173.0582
7.605 -173.0150
7.608 -173.0154
7.610 -173.0615
7.613 -173.1542
7.615 -173.2851
7.618 -173.4490
7.620 -173.6415
7.623 -173.8596
7.625 -174.0985
7.628 -174.3519
7.630 -174.6149
7.633 -174.8835
7.635 -175.1533
7.638 -175.4194
7.640 -175.6799
7.643 -175.9303
7.645 -176.1666
7.648 -176.3888
7.650 -176.5980
7.653 -176.7876
7.655 -176.9575
7.658 -177.1105
7.660 -177.2436
7.663 -177.3544
7.665 -177.4436
7.668 -177.5066
7.670 -177.5444
7.673 -177.5549
7.675 -177.5377
7.678 -177.4973
7.680 -177.4323
7.683 -177.3477
7.685 -177.2402
7.688 -177.1104
7.690 -176.9691
7.693 -176.8201
7.695 -176.6607
7.698 -176.4983
7.700 -176.3370
7.703 -176.1828
7.705 -176.0410
7.708 -175.9161
7.710 -175.8146
7.713 -175.7425
7.715 -175.7038
7.718 -175.7029
7.720 -175.7427
7.723 -175.8240
7.725 -175.9448
7.728 -176.1041
7.730 -176.3014
7.733 -176.5296
7.735 -176.7846
7.738 -177.0598
7.740 -177.3485
7.743 -177.6469
7.745 -177.9470
7.748 -178.2417
7.750 -178.5253
7.753 -178.7934
7.755 -179.0406
7.758 -179.2629
7.760 -179.4612
7.763 -179.6289
7.765 -179.7637
7.768 -179.8647
7.770 -179.9331
7.773 -179.9704
7.775 -179.9813
7.778 -179.9696
7.780 -179.9373
7.783 -179.8876
7.785 -179.8269
7.788 -179.7629
7.790 -179.6981
7.793 -179.6380
7.795 -179.5904
7.798 -179.5526
7.800 -179.5269
7.803 -179.5102
7.805 -179.5015
7.808 -179.4949
7.810 -179.4868
7.813 -179.4765
7.815 -179.4616
7.818 -179.4403
7.820 -179.4071
7.823 -179.3609
7.825 -179.3007
7.828 -179.2287
7.830 -179.1510
7.833 -179.0716
7.835 -178.9880
7.838 -178.9040
7.840 -178.8223
7.843 -178.7475
7.845 -178.6873
7.848 -178.6347
7.850 -178.5886
7.853 -178.5481
7.855 -178.5124
7.858 -178.4801
7.860 -178.4527
7.863 -178.4311
7.865 -178.4075
7.868 -178.3757
7.870 -178.3326
7.873 -178.2796
7.875 -178.2195
7.878 -178.1453
7.880 -178.0554
7.883 -177.9530
7.885 -177.8304
7.888 -177.6910
7.890 -177.5341
7.893 -177.3560
7.895 -177.1549
7.898 -176.9314
7.900 -176.6849
7.903 -176.4196
7.905 -176.1375
7.908 -175.8381
7.910 -175.5263
7.913 -175.2072
7.915 -174.8848
7.918 -174.5640
7.920 -174.2511
7.923 -173.9521
7.925 -173.6731
7.928 -173.4246
7.930 -173.2147
7.933 -173.0492
7.935 -172.9326
7.938 -172.8700
7.940 -172.8698
7.943 -172.9341
7.945 -173.0599
7.948 -173.2502
7.950 -173.5026
7.953 -173.8091
7.955 -174.1647
7.958 -174.5624
7.960 -174.9960
7.963 -175.4585
7.965 -175.9408
7.968 -176.4391
7.970 -176.9452
7.973 -177.4504
7.975 -177.9459
7.978 -178.4268
7.980 -178.8872
7.983 -179.3241
7.985 -179.7358
7.988 -180.1167
7.990 -180.4634
7.993 -180.7781
7.995 -181.0617
7.998 -181.3101
8.000 -181.5233
8.003 -181.7040
8.005 -181.8481
8.008 -181.9566
8.010 -182.0316
8.013 -182.0748
8.015 -182.0900
8.018 -182.0818
8.020 -182.0483
8.023 -181.9913
8.025 -181.9115
8.028 -181.8117
8.030 -181.6921
8.033 -181.5540
8.035 -181.4002
8.038 -181.2325
8.040 -181.0508
8.043 -180.8608
8.045 -180.6624
8.048 -180.4559
8.050 -180.2430
8.053 -180.0250
8.055 -179.8034
8.058 -179.5829
8.060 -179.3653
8.063 -179.1527
8.065 -178.9483
8.068 -178.7558
8.070 -178.5813
8.073 -178.4247
8.075 -178.2861
8.078 -178.1659
8.080 -178.0643
8.083 -177.9794
8.085 -177.9097
8.088 -177.8526
8.090 -177.8072
8.093 -177.7689
8.095 -177.7362
8.098 -177.7056
8.100 -177.6759
8.103 -177.6462
8.105 -177.6095
8.108 -177.5628
8.110 -177.5089
8.113 -177.4381
8.115 -177.3462
8.118 -177.2298
8.120 -177.0903
8.123 -176.9228
8.125 -176.7230
8.128 -176.4880
8.130 -176.2157
8.133 -175.9065
8.135 -175.5647
8.138 -175.1949
8.140 -174.8084
8.143 -174.4168
8.145 -174.0352
8.148 -173.6799
8.150 -173.3670
8.153 -173.1090
8.155 -172.9152
8.158 -172.7924
8.160 -172.7394
8.163 -172.7530
8.165 -172.8226
8.168 -172.9335
8.170 -173.0711
8.173 -173.2219
8.175 -173.3755
8.178 -173.5227
8.180 -173.6614
8.183 -173.7948
8.185 -173.9151
8.188 -174.0255
8.190 -174.1358
8.193 -174.2509
8.195 -174.3750
8.198 -174.5159
8.200 -174.6815
8.203 -174.8748
8.205 -175.1005
8.208 -175.3582
8.210 -175.6489
8.213 -175.9651
8.215 -176.3001
8.218 -176.6471
8.220 -176.9979
8.223 -177.3460
8.225 -177.6850
8.228 -178.0068
8.230 -178.3049
8.233 -178.5763
8.235 -178.8215
8.238 -179.0340
8.240 -179.2150
8.243 -179.3647
8.245 -179.4849
8.248 -179.5752
8.250 -179.6356
8.253 -179.6726
8.255 -179.6876
8.258 -179.6758
8.260 -179.6403
8.263 -179.5798
8.265 -179.4941
8.268 -179.3875
8.270 -179.2616
8.273 -179.1128
8.275 -178.9413
8.278 -178.7488
8.280 -178.5409
8.283 -178.3221
8.285 -178.0874
8.288 -177.8470
8.290 -177.5986
8.293 -177.3432
8.295 -177.0859
8.298 -176.8257
8.300 -176.5637
8.303 -176.3032
8.305 -176.0459
8.308 -175.7947
8.310 -175.5519
8.313 -175.3209
8.315 -175.1028
8.318 -174.9038
8.320 -174.7222
8.323 -174.5595
8.325 -174.4198
8.328 -174.3034
8.330 -174.2136
8.333 -174.1530
8.335 -174.1244
8.338 -174.1263
8.340 -174.1572
8.343 -174.2178
8.345 -174.3067
8.348 -174.4232
8.350 -174.5653
8.353 -174.7300
8.355 -174.9150
8.358 -175.1176
8.360 -175.3367
8.363 -175.5706
8.365 -175.8178
8.368 -176.0739
8.370 -176.3411
8.373 -176.6215
8.375 -176.9141
8.378 -177.2138
8.380 -177.5211
8.383 -177.8319
8.385 -178.1448
8.388 -178.4592
8.390 -178.7709
8.393 -179.0802
8.395 -179.3878
8.398 -179.6905
8.400 -179.9884
8.403 -180.2764
8.405 -180.5521
8.408 -180.8140
8.410 -181.0656
8.413 -181.3106
8.415 -181.5448
8.418 -181.7697
8.420 -181.9847
8.423 -182.1900
8.425 -182.3834
8.428 -182.5647
8.430 -182.7283
8.433 -182.8719
8.435 -182.9919
8.438 -183.0821
8.440 -183.1376
8.443 -183.1558
8.445 -183.1350
8.448 -183.0722
8.450 -182.9648
8.453 -182.8089
8.455 -182.6048
8.458 -182.3583
8.460 -182.0682
8.463 -181.7364
8.465 -181.3668
8.468 -180.9674
8.470 -180.5464
8.473 -180.1138
8.475 -179.6835
8.478 -179.2683
8.480 -178.8804
8.483 -178.5319
8.485 -178.2334
8.488 -177.9916
8.490 -177.8120
8.493 -177.6959
8.495 -177.6398
8.498 -177.6360
8.500 -177.6765
8.503 -177.7484
8.505 -177.8426
8.508 -177.9458
8.510 -178.0497
8.513 -178.1462
8.515 -178.2322
8.518 -178.3016
8.520 -178.3523
8.523 -178.3830
8.525 -178.4001
8.528 -178.3999
8.530 -178.3816
8.533 -178.3464
8.535 -178.2974
8.538 -178.2369
8.540 -178.1638
8.543 -178.0828
8.545 -177.9913
8.548 -177.8916
8.550 -177.7813
8.553 -177.6579
8.555 -177.5209
8.558 -177.3733
8.560 -177.2184
8.563 -177.0537
8.565 -176.8850
8.568 -176.7125
8.570 -176.5373
8.573 -176.3602
8.575 -176.1876
8.578 -176.0188
8.580 -175.8590
8.583 -175.7126
8.585 -175.5866
8.588 -175.4894
8.590 -175.4184
8.593 -175.3764
8.595 -175.3655
8.598 -175.3855
8.600 -175.4347
8.603 -175.5106
8.605 -175.6083
8.608 -175.7241
8.610 -175.8543
8.613 -175.9964
8.615 -176.1434
8.618 -176.2902
8.620 -176.4341
8.623 -176.5685
8.625 -176.6925
8.628 -176.8034
8.630 -176.9021
8.633 -176.9886
8.635 -177.0641
8.638 -177.1266
8.640 -177.1795
8.643 -177.2220
8.645 -177.2542
8.648 -177.2790
8.650 -177.2943
8.653 -177.3007
8.655 -177.3033
8.658 -177.2997
8.660 -177.2881
8.663 -177.2702
8.665 -177.2458
8.668 -177.2166
8.670 -177.1855
8.673 -177.1537
8.675 -177.1283
8.678 -177.1138
8.680 -177.1045
8.683 -177.0980
8.685 -177.0957
8.688 -177.0994
8.690 -177.1080
8.693 -177.1229
8.695 -177.1451
8.698 -177.1799
8.700 -177.2223
8.703 -177.2720
8.705 -177.3269
8.708 -177.3845
8.710 -177.4433
8.713 -177.5019
8.715 -177.5602
8.718 -177.6170
8.720 -177.6720
8.723 -177.7261
8.725 -177.7766
8.728 -177.8229
8.730 -177.8641
8.733 -177.9005
8.735 -177.9325
8.738 -177.9634
8.740 -177.9951
8.743 -178.0272
8.745 -178.0601
8.748 -178.0967
8.750 -178.1479
8.753 -178.2087
8.755 -178.2792
8.758 -178.3639
8.760 -178.4626
8.763 -178.5713
8.765 -178.6889
8.768 -178.8155
8.770 -178.9446
8.773 -179.0765
8.775 -179.2105
8.778 -179.3314
8.780 -179.4313
8.783 -179.5033
8.785 -179.5440
8.788 -179.5468
8.790 -179.5059
8.793 -179.4200
8.795 -179.2857
8.798 -179.1029
8.800 -178.8752
8.803 -178.6087
8.805 -178.3072
8.808 -177.9790
8.810 -177.6293
8.813 -177.2674
8.815 -176.9040
8.818 -176.5514
8.820 -176.2151
8.823 -175.8991
8.825 -175.6095
8.828 -175.3484
8.830 -175.1173
8.833 -174.9172
8.835 -174.7571
8.838 -174.6268
8.840 -174.5263
8.843 -174.4466
8.845 -174.3836
8.848 -174.3357
8.850 -174.3035
8.853 -174.2877
8.855 -174.2907
8.858 -174.3157
8.860 -174.3668
8.863 -174.4494
8.865 -174.5666
8.868 -174.7250
8.870 -174.9259
8.873 -175.1706
8.875 -175.4626
8.878 -175.7961
8.880 -176.1662
8.883 -176.5683
8.885 -177.0002
8.888 -177.4580
8.890 -177.9333
8.893 -178.4145
8.895 -178.8899
8.898 -179.3524
8.900 -179.7957
8.903 -180.2129
8.905 -180.6020
8.908 -180.9553
8.910 -181.2708
8.913 -181.5509
8.915 -181.7884
8.918 -181.9816
8.920 -182.1296
8.923 -182.2334
8.925 -182.2942
8.928 -182.3155
8.930 -182.2972
8.933 -182.2388
8.935 -182.1423
8.938 -182.0103
8.940 -181.8455
8.943 -181.6556
8.945 -181.4443
8.948 -181.2156
8.950 -180.9702
8.953 -180.7140
8.955 -180.4519
8.958 -180.1888
8.960 -179.9359
8.963 -179.6943
8.965 -179.4686
8.968 -179.2639
8.970 -179.0791
8.973 -178.9153
8.975 -178.7774
8.978 -178.6729
8.980 -178.5934
8.983 -178.5379
8.985 -178.5049
8.988 -178.4911
8.990 -178.4939
8.993 -178.5132
8.995 -178.5448
8.998 -178.5813
9.000 -178.6183
9.003 -178.6557
9.005 -178.6859
9.008 -178.7046
9.010 -178.7075
9.013 -178.6917
9.015 -178.6548
9.018 -178.5945
9.020 -178.5098
9.023 -178.3995
9.025 -178.2622
9.028 -178.0974
9.030 -177.9054
9.033 -177.6872
9.035 -177.4456
9.038 -177.1889
9.040 -176.9124
9.043 -176.6189
9.045 -176.3118
9.048 -175.9986
9.050 -175.6800
9.053 -175.3592
9.055 -175.0411
9.058 -174.7311
9.060 -174.4339
9.063 -174.1540
9.065 -173.8963
9.068 -173.6654
9.070 -173.4676
9.073 -173.3031
9.075 -173.1731
9.078 -173.0784
9.080 -173.0209
9.083 -172.9994
9.085 -173.0090
9.088 -173.0452
9.090 -173.1042
9.093 -173.1811
9.095 -173.2701
9.098 -173.3663
9.100 -173.4652
9.103 -173.5630
9.105 -173.6570
9.108 -173.7437
9.110 -173.8217
9.113 -173.8888
9.115 -173.9459
9.118 -173.9970
9.120 -174.0449
9.123 -174.0842
9.125 -174.1181
9.128 -174.1476
9.130 -174.1787
9.133 -174.2125
9.135 -174.2485
9.138 -174.2895
9.140 -174.3369
9.143 -174.3900
9.145 -174.4474
9.148 -174.5074
9.150 -174.5677
9.153 -174.6243
9.155 -174.6738
9.158 -174.7118
9.160 -174.7297
9.163 -174.7220
9.165 -174.6834
9.168 -174.6095
9.170 -174.4981
9.173 -174.3481
9.175 -174.1638
9.178 -173.9498
9.180 -173.7122
9.183 -173.4547
9.185 -173.1899
9.188 -172.9255
9.190 -172.6732
9.193 -172.4443
9.195 -172.2493
9.198 -172.1007
9.200 -172.0063
9.203 -171.9694
9.205 -171.9932
9.208 -172.0770
9.210 -172.2194
9.213 -172.4157
9.215 -172.6611
9.218 -172.9497
9.220 -173.2750
9.223 -173.6264
9.225 -173.9952
9.228 -174.3739
9.230 -174.7534
9.233 -175.1266
9.235 -175.4938
9.238 -175.8465
9.240 -176.1795
9.243 -176.4886
9.245 -176.7714
9.248 -177.0266
9.250 -177.2613
9.253 -177.4751
9.255 -177.6664
9.258 -177.8344
9.260 -177.9834
9.263 -178.1167
9.265 -178.2373
9.268 -178.3514
9.270 -178.4591
9.273 -178.5695
9.275 -178.6820
9.278 -178.7985
9.280 -178.9243
9.283 -179.0631
9.285 -179.2122
9.288 -179.3729
9.290 -179.5481
9.293 -179.7362
9.295 -179.9327
9.298 -180.1348
9.300 -180.3413
9.303 -180.5467
9.305 -180.7478
9.308 -180.9431
9.310 -181.1274
9.313 -181.3017
9.315 -181.4572
9.318 -181.5888
9.320 -181.6984
9.323 -181.7822
9.325 -181.8341
9.328 -181.8507
9.330 -181.8357
9.333 -181.7864
9.335 -181.6975
9.338 -181.5718
9.340 -181.4110
9.343 -181.2172
9.345 -180.9920
9.348 -180.7383
9.350 -180.4638
9.353 -180.1735
9.355 -179.8736
9.358 -179.5731
9.360 -179.2754
9.363 -178.9895
9.365 -178.7210
9.368 -178.4768
9.370 -178.2590
9.373 -178.0705
9.375 -177.9138
9.378 -177.7905
9.380 -177.6996
9.383 -177.6405
9.385 -177.6107
9.388 -177.6085
9.390 -177.6317
9.393 -177.6773
9.395 -177.7411
9.398 -177.8177
9.400 -177.9054
9.403 -178.0021
9.405 -178.1060
9.408 -178.2158
9.410 -178.3299
9.413 -178.4496
9.415 -178.5734
9.418 -178.6993
9.420 -178.8344
9.423 -178.9715
9.425 -179.1084
9.428 -179.2424
9.430 -179.3749
9.433 -179.5041
9.435 -179.6252
9.438 -179.7383
9.440 -179.8488
9.443 -179.9491
9.445 -180.0385
9.448 -180.1204
9.450 -180.1937
9.453 -180.2598
9.455 -180.3203
9.458 -180.3733
9.460 -180.4173
9.463 -180.4517
9.465 -180.4785
9.468 -180.4969
9.470 -180.5031
9.473 -180.4954
9.475 -180.4788
9.478 -180.4430
9.480 -180.3851
9.483 -180.3050
9.485 -180.1977
9.488 -180.0622
9.490 -179.8967
9.493 -179.7017
9.495 -179.4778
9.498 -179.2247
9.500 -178.9417
9.503 -178.6301
9.505 -178.2957
9.508 -177.9405
9.510 -177.5693
9.513 -177.1822
9.515 -176.7835
9.518 -176.3740
9.520 -175.9583
9.523 -175.5395
9.525 -175.1259
9.528 -174.7142
9.530 -174.3073
9.533 -173.9066
9.535 -173.5144
9.538 -173.1332
9.540 -172.7649
9.543 -172.4120
9.545 -172.0769
9.548 -171.7630
9.550 -171.4756
9.553 -171.2170
9.555 -170.9909
9.558 -170.8028
9.560 -170.6567
9.563 -170.5544
9.565 -170.5004
9.568 -170.4946
9.570 -170.5347
9.573 -170.6174
9.575 -170.7392
9.578 -170.8939
9.580 -171.0751
9.583 -171.2756
9.585 -171.4899
9.588 -171.7102
9.590 -171.9282
9.593 -172.1389
9.595 -172.3364
9.598 -172.5165
9.600 -172.6757
9.603 -172.8114
9.605 -172.9228
9.608 -173.0101
9.610 -173.0728
9.613 -173.1179
9.615 -173.1419
9.618 -173.1464
9.620 -173.1354
9.623 -173.1110
9.625 -173.0777
9.628 -173.0398
9.630 -173.0135
9.633 -172.9892
9.635 -172.9716
9.638 -172.9661
9.640 -172.9746
9.643 -172.9994
9.645 -173.0439
9.648 -173.1082
9.650 -173.1987
9.653 -173.3089
9.655 -173.4381
9.658 -173.5845
9.660 -173.7431
9.663 -173.9104
9.665 -174.0833
9.668 -174.2573
9.670 -174.4286
9.673 -174.5945
9.675 -174.7563
9.678 -174.9078
9.680 -175.0461
9.683 -175.1718
9.685 -175.2840
9.688 -175.3836
9.690 -175.4767
9.693 -175.5595
9.695 -175.6369
9.698 -175.7060
9.700 -175.7700
9.703 -175.8338
9.705 -175.8955
9.708 -175.9568
9.710 -176.0174
9.713 -176.0798
9.715 -176.1442
9.718 -176.2104
9.720 -176.2786
9.723 -176.3479
9.725 -176.4179
9.728 -176.4885
9.730 -176.5601
9.733 -176.6304
9.735 -176.7004
9.738 -176.7666
9.740 -176.8280
9.743 -176.8835
9.745 -176.9309
9.748 -176.9684
9.750 -176.9936
9.753 -177.0067
9.755 -177.0097
9.758 -176.9983
9.760 -176.9721
9.763 -176.9270
9.765 -176.8642
9.768 -176.7799
9.770 -176.6737
9.773 -176.5477
9.775 -176.4029
9.778 -176.2345
9.780 -176.0419
9.783 -175.8265
9.785 -175.5893
9.788 -175.3315
9.790 -175.0559
9.793 -174.7669
9.795 -174.4681
9.798 -174.1613
9.800 -173.8495
9.803 -173.5379
9.805 -173.2318
9.808 -172.9344
9.810 -172.6507
9.813 -172.3842
9.815 -172.1408
9.818 -171.9215
9.820 -171.7306
9.823 -171.5707
9.825 -171.4495
9.828 -171.3687
9.830 -171.3227
9.833 -171.3114
9.835 -171.3347
9.838 -171.3944
9.840 -171.4883
9.843 -171.6133
9.845 -171.7667
9.848 -171.9466
9.850 -172.1573
9.853 -172.3942
9.855 -172.6524
9.858 -172.9288
9.860 -173.2223
9.863 -173.5319
9.865 -173.8594
9.868 -174.2016
9.870 -174.5556
9.873 -174.9195
9.875 -175.2925
9.878 -175.6739
9.880 -176.0658
9.883 -176.4628
9.885 -176.8607
9.888 -177.2575
9.890 -177.6480
9.893 -178.0289
9.895 -178.3972
9.898 -178.7508
9.900 -179.0856
9.903 -179.4004
9.905 -179.6933
9.908 -179.9630
9.910 -180.2091
9.913 -180.4294
9.915 -180.6242
9.918 -180.7929
9.920 -180.9356
9.923 -181.0533
9.925 -181.1493
9.928 -181.2235
9.930 -181.2760
9.933 -181.3073
9.935 -181.3232
9.938 -181.3222
9.940 -181.3040
9.943 -181.2678
9.945 -181.2160
9.948 -181.1474
9.950 -181.0678
9.953 -180.9770
9.955 -180.8729
9.958 -180.7542
9.960 -180.6264
9.963 -180.4873
9.965 -180.3329
9.968 -180.1615
9.970 -179.9728
9.973 -179.7674
9.975 -179.5454
9.978 -179.3066
9.980 -179.0559
9.983 -178.7924
9.985 -178.5185
9.988 -178.2390
9.990 -177.9543
9.993 -177.6688
9.995 -177.3885
9.998 -177.1191
