0.000 -218.8449
0.050 -217.5764
0.100 -215.3455
0.150 -216.7125
0.200 -217.0743
0.250 -216.5826
0.300 -217.0826
0.350 -217.3108
0.400 -217.4701
0.450 -217.5692
0.500 -216.7347
0.550 -216.6059
0.600 -216.7285
0.650 -217.4267
0.700 -217.0249
0.750 -216.8691
0.800 -217.1902
0.850 -217.4085
0.900 -217.1551
0.950 -216.9398
1.000 -216.9807
1.050 -217.1287
1.100 -217.0999
1.150 -216.6142
1.200 -216.8558
1.250 -217.6723
1.300 -217.5288
1.350 -216.5928
1.400 -216.6889
1.450 -217.3972
1.500 -216.5572
1.550 -216.8400
1.600 -217.4265
1.650 -217.2628
1.700 -217.2860
1.750 -217.0227
1.800 -216.2710
1.850 -216.9001
1.900 -217.5698
1.950 -217.1276
2.000 -216.4272
2.050 -217.0852
2.100 -217.5493
2.150 -216.7316
2.200 -216.6787
2.250 -217.3453
2.300 -216.8219
2.350 -216.6131
2.400 -217.2823
2.450 -216.9923
2.500 -217.0054
2.550 -216.9946
2.600 -216.6264
2.650 -216.9422
2.700 -216.9735
2.750 -217.0580
2.800 -216.6548
2.850 -216.8342
2.900 -217.5248
2.950 -216.7338
3.000 -216.3040
3.050 -216.6243
3.100 -216.8946
3.150 -217.2838
3.200 -216.9878
3.250 -216.7672
3.300 -217.0410
3.350 -216.8682
3.400 -216.5568
3.450 -216.5899
3.500 -217.1977
3.550 -217.3524
3.600 -216.8369
3.650 -216.0620
3.700 -217.1081
3.750 -217.4259
3.800 -216.4727
3.850 -216.6470
3.900 -217.1579
3.950 -216.6465
4.000 -216.9709
4.050 -216.5873
4.100 -216.8139
4.150 -217.1696
4.200 -217.0641
4.250 -216.7599
4.300 -216.7910
4.350 -216.5477
4.400 -216.8996
4.450 -217.2443
4.500 -216.2694
4.550 -216.3276
4.600 -217.3076
4.650 -216.6951
4.700 -216.3844
4.750 -217.0282
4.800 -217.2126
4.850 -217.2216
4.900 -216.4895
4.950 -216.1358
5.000 -216.7113
5.050 -216.6080
5.100 -216.5047
5.150 -217.2284
5.200 -217.0880
5.250 -216.7039
5.300 -216.3146
5.350 -216.0781
5.400 -216.5450
5.450 -217.3682
5.500 -217.3578
5.550 -216.3153
5.600 -215.6653
5.650 -216.9522
5.700 -217.2035
5.750 -216.4634
5.800 -216.5557
5.850 -216.6821
5.900 -216.2579
5.950 -217.0253
6.000 -217.0153
6.050 -216.2413
6.100 -216.3070
6.150 -217.0897
6.200 -216.9198
6.250 -215.8320
6.300 -216.7433
6.350 -216.9549
6.400 -216.4800
6.450 -216.6372
6.500 -217.0428
6.550 -215.9683
6.600 -216.3110
6.650 -216.6609
6.700 -216.5784
6.750 -217.1063
6.800 -217.1174
6.850 -216.1302
6.900 -216.0464
6.950 -216.3803
7.000 -216.6513
7.050 -216.5540
7.100 -216.6927
7.150 -216.8957
7.200 -216.6745
7.250 -216.4335
7.300 -216.7988
7.350 -216.4045
7.400 -216.4602
7.450 -216.1884
7.500 -216.2877
7.550 -216.5125
7.600 -216.3974
7.650 -216.9139
7.700 -216.6210
7.750 -216.3285
7.800 -216.3504
7.850 -216.6491
7.900 -216.1268
7.950 -216.0392
8.000 -217.1314
8.050 -216.6172
8.100 -215.9266
8.150 -215.8123
8.200 -216.3903
8.250 -216.7461
8.300 -216.7935
8.350 -216.2995
8.400 -216.4050
8.450 -216.4500
8.500 -216.4247
8.550 -216.1430
8.600 -216.2442
8.650 -216.0788
8.700 -216.4052
8.750 -217.1426
8.800 -216.0676
8.850 -216.0152
8.900 -216.4385
8.950 -216.0306
9.000 -216.0904
9.050 -216.5786
9.100 -216.7904
9.150 -216.2835
9.200 -216.4284
9.250 -216.0282
9.300 -216.1698
9.350 -216.6464
9.400 -216.5170
9.450 -215.6169
9.500 -216.4928
9.550 -216.6394
9.600 -216.4326
9.650 -216.6178
9.700 -216.1232
9.750 -216.0160
9.800 -215.4687
9.850 -216.5186
9.900 -217.3571
9.950 -215.5946
