0.0 4.8000
0.05 3.0607
0.1 1.2071
0.15 2.1802
0.2 2.5924
0.25 2.2284
0.3 2.6014
0.35 2.8296
0.4 3.0602
0.45 3.0648
0.5 2.3765
0.55 2.1911
0.6 2.3902
0.65 2.9097
0.7 2.6292
0.75 2.4312
0.8 2.7403
0.85 2.9137
0.9 2.7226
0.95 2.5416
1.0 2.5504
1.05 2.6914
1.1 2.6238
1.15 2.2195
1.2 2.4974
1.25 3.2361
1.3 3.1066
1.35 2.2663
1.4 2.3256
1.45 2.8749
1.5 2.2846
1.55 2.4757
1.6 2.9520
1.65 2.9039
1.7 2.9100
1.75 2.6219
1.8 2.0487
1.85 2.5660
1.9 3.2402
1.95 2.8236
2.0 2.2084
2.05 2.7376
2.1 3.1316
2.15 2.4875
2.2 2.4434
2.25 2.9548
2.3 2.5808
2.35 2.4402
2.4 2.9297
2.45 2.7690
2.5 2.7290
2.55 2.6625
2.6 2.4366
2.65 2.6859
2.7 2.8362
2.75 2.8931
2.8 2.5333
2.85 2.7098
2.9 3.2368
2.95 2.6346
3.0 2.2597
3.05 2.4924
3.1 2.7577
3.15 3.1008
3.2 2.8776
3.25 2.6962
3.3 2.8476
3.35 2.6665
3.4 2.3790
3.45 2.4615
3.5 3.0319
3.55 3.2261
3.6 2.7001
3.65 2.1371
3.7 2.9777
3.75 3.2424
3.8 2.4955
3.85 2.6415
3.9 3.0644
3.95 2.7160
4.0 2.8823
4.05 2.6396
4.1 2.7883
4.15 3.1654
4.2 3.0584
4.25 2.8483
4.3 2.8421
4.35 2.7359
4.4 3.0929
4.45 3.3491
4.5 2.5355
4.55 2.5738
4.6 3.3559
4.65 2.8876
4.7 2.6130
4.75 3.1741
4.8 3.3304
4.85 3.2998
4.9 2.6882
4.95 2.4019
5.0 2.9250
5.05 2.9711
5.1 2.9476
5.15 3.5016
5.2 3.4511
5.25 3.0172
5.3 2.6910
5.35 2.5060
5.4 2.9746
5.45 3.6990
5.5 3.6660
5.55 2.6982
5.6 2.1844
5.65 3.2606
5.7 3.5965
5.75 3.0090
5.8 3.0011
5.85 3.0454
5.9 2.7854
5.95 3.3694
6.0 3.3844
6.05 2.7228
6.1 2.7712
6.15 3.4346
6.2 3.2765
6.25 2.5004
6.3 3.1586
6.35 3.4306
6.4 3.0394
6.45 3.2407
6.5 3.4493
6.55 2.6399
6.6 2.8580
6.65 3.2083
6.7 3.1843
6.75 3.6536
6.8 3.6414
6.85 2.8040
6.9 2.6530
6.95 2.9325
7.0 3.1629
7.05 3.1418
7.1 3.2737
7.15 3.4671
7.2 3.2595
7.25 3.1128
7.3 3.4078
7.35 3.1660
7.4 3.1147
7.45 2.9418
7.5 3.0171
7.55 3.1333
7.6 3.0991
7.65 3.5068
7.7 3.3684
7.75 3.0636
7.8 3.0783
7.85 3.3315
7.9 2.9010
7.95 2.9083
8.0 3.7966
8.05 3.4075
8.1 2.6486
8.15 2.5898
8.2 3.0519
8.25 3.4306
8.3 3.4915
8.35 3.0455
8.4 3.0749
8.45 3.1998
8.5 3.1789
8.55 2.9769
8.6 3.0463
8.65 2.9523
8.7 3.3123
8.75 3.8997
8.8 3.0643
8.85 2.9502
8.9 3.2628
8.95 3.0084
9.0 3.0719
9.05 3.4848
9.1 3.6282
9.15 3.2670
9.2 3.3036
9.25 3.0777
9.3 3.1736
9.35 3.5951
9.4 3.3962
9.45 2.6843
9.5 3.3035
9.55 3.5245
9.6 3.4561
9.65 3.5825
9.7 3.2032
9.75 3.0315
9.8 2.6608
9.85 3.5979
9.9 4.2384
9.95 2.9756
