0.000 -1.1797
0.005 -1.1797
0.010 -1.1798
0.015 -1.1800
0.020 -1.1804
0.025 -1.1809
0.030 -1.1815
0.035 -1.1822
0.040 -1.1830
0.045 -1.1840
0.050 -1.1851
0.055 -1.1863
0.060 -1.1877
0.065 -1.1893
0.070 -1.1911
0.075 -1.1931
0.080 -1.1952
0.085 -1.1975
0.090 -1.2001
0.095 -1.2029
0.100 -1.2058
0.105 -1.2090
0.110 -1.2124
0.115 -1.2159
0.120 -1.2197
0.125 -1.2236
0.130 -1.2278
0.135 -1.2323
0.140 -1.2370
0.145 -1.2420
0.150 -1.2471
0.155 -1.2524
0.160 -1.2580
0.165 -1.2638
0.170 -1.2698
0.175 -1.2760
0.180 -1.2824
0.185 -1.2890
0.190 -1.2958
0.195 -1.3028
0.200 -1.3101
0.205 -1.3176
0.210 -1.3253
0.215 -1.3333
0.220 -1.3415
0.225 -1.3500
0.230 -1.3588
0.235 -1.3677
0.240 -1.3770
0.245 -1.3865
0.250 -1.3964
0.255 -1.4065
0.260 -1.4169
0.265 -1.4276
0.270 -1.4386
0.275 -1.4499
0.280 -1.4616
0.285 -1.4736
0.290 -1.4860
0.295 -1.4987
0.300 -1.5118
0.305 -1.5254
0.310 -1.5393
0.315 -1.5538
0.320 -1.5687
0.325 -1.5841
0.330 -1.6000
0.335 -1.6165
0.340 -1.6335
0.345 -1.6511
0.350 -1.6693
0.355 -1.6881
0.360 -1.7076
0.365 -1.7278
0.370 -1.7488
0.375 -1.7705
0.380 -1.7932
0.385 -1.8167
0.390 -1.8411
0.395 -1.8665
0.400 -1.8930
0.405 -1.9205
0.410 -1.9491
0.415 -1.9790
0.420 -2.0101
0.425 -2.0425
0.430 -2.0764
0.435 -2.1117
0.440 -2.1487
0.445 -2.1872
0.450 -2.2276
0.455 -2.2698
0.460 -2.3140
0.465 -2.3604
0.470 -2.4089
0.475 -2.4598
0.480 -2.5132
0.485 -2.5691
0.490 -2.6277
0.495 -2.6893
0.500 -2.7539
0.505 -2.8216
0.510 -2.8927
0.515 -2.9672
0.520 -3.0452
0.525 -3.1269
0.530 -3.2123
0.535 -3.3013
0.540 -3.3940
0.545 -3.4901
0.550 -3.5894
0.555 -3.6913
0.560 -3.7950
0.565 -3.8996
0.570 -4.0033
0.575 -4.1040
0.580 -4.1986
0.585 -4.2830
0.590 -4.3520
0.595 -4.3985
0.600 -4.4141
0.605 -4.3886
0.610 -4.3106
0.615 -4.1694
0.620 -3.9570
0.625 -3.6731
0.630 -3.3303
0.635 -2.9600
0.640 -2.6139
0.645 -2.3578
0.650 -2.2556
0.655 -2.3478
0.660 -2.6353
0.665 -3.0792
0.670 -3.6161
0.675 -4.1796
0.680 -4.7172
0.685 -5.1963
0.690 -5.6035
0.695 -5.9385
0.700 -6.2088
0.705 -6.4252
0.710 -6.5988
0.715 -6.7396
0.720 -6.8559
0.725 -6.9542
0.730 -7.0390
0.735 -7.1131
0.740 -7.1774
0.745 -7.2307
0.750 -7.2700
0.755 -7.2900
0.760 -7.2827
0.765 -7.2372
0.770 -7.1400
0.775 -6.9757
0.780 -6.7289
0.785 -6.3888
0.790 -5.9553
0.795 -5.4479
0.800 -4.9133
0.805 -4.4253
0.810 -4.0717
0.815 -3.9255
0.820 -4.0151
0.825 -4.3104
0.830 -4.7358
0.835 -5.2015
0.840 -5.6316
0.845 -5.9790
0.850 -6.2262
0.855 -6.3777
0.860 -6.4519
0.865 -6.4735
0.870 -6.4682
0.875 -6.4589
0.880 -6.4628
0.885 -6.4904
0.890 -6.5446
0.895 -6.6224
0.900 -6.7166
0.905 -6.8178
0.910 -6.9171
0.915 -7.0068
0.920 -7.0815
0.925 -7.1382
0.930 -7.1759
0.935 -7.1952
0.940 -7.1979
0.945 -7.1860
0.950 -7.1619
0.955 -7.1283
0.960 -7.0872
0.965 -7.0408
0.970 -6.9909
0.975 -6.9389
0.980 -6.8862
0.985 -6.8337
0.990 -6.7823
0.995 -6.7327
1.000 -6.6854
1.005 -6.6406
1.010 -6.5988
1.015 -6.5600
1.020 -6.5244
1.025 -6.4921
1.030 -6.4631
1.035 -6.4373
1.040 -6.4148
1.045 -6.3953
1.050 -6.3789
1.055 -6.3655
1.060 -6.3547
1.065 -6.3463
1.070 -6.3400
1.075 -6.3355
1.080 -6.3324
1.085 -6.3304
1.090 -6.3288
1.095 -6.3270
1.100 -6.3243
1.105 -6.3200
1.110 -6.3130
1.115 -6.3024
1.120 -6.2870
1.125 -6.2654
1.130 -6.2364
1.135 -6.1985
1.140 -6.1505
1.145 -6.0909
1.150 -6.0193
1.155 -5.9353
1.160 -5.8398
1.165 -5.7348
1.170 -5.6234
1.175 -5.5105
1.180 -5.4021
1.185 -5.3053
1.190 -5.2271
1.195 -5.1739
1.200 -5.1504
1.205 -5.1588
1.210 -5.1982
1.215 -5.2650
1.220 -5.3536
1.225 -5.4571
1.230 -5.5683
1.235 -5.6807
1.240 -5.7890
1.245 -5.8892
1.250 -5.9787
1.255 -6.0564
1.260 -6.1221
1.265 -6.1761
1.270 -6.2195
1.275 -6.2535
1.280 -6.2795
1.285 -6.2989
1.290 -6.3129
1.295 -6.3227
1.300 -6.3295
1.305 -6.3340
1.310 -6.3372
1.315 -6.3398
1.320 -6.3422
1.325 -6.3452
1.330 -6.3491
1.335 -6.3542
1.340 -6.3607
1.345 -6.3691
1.350 -6.3793
1.355 -6.3917
1.360 -6.4064
1.365 -6.4236
1.370 -6.4433
1.375 -6.4657
1.380 -6.4909
1.385 -6.5189
1.390 -6.5500
1.395 -6.5841
1.400 -6.6215
1.405 -6.6622
1.410 -6.7064
1.415 -6.7541
1.420 -6.8053
1.425 -6.8604
1.430 -6.9193
1.435 -6.9823
1.440 -7.0493
1.445 -7.1205
1.450 -7.1960
1.455 -7.2759
1.460 -7.3601
1.465 -7.4486
1.470 -7.5411
1.475 -7.6372
1.480 -7.7360
1.485 -7.8363
1.490 -7.9362
1.495 -8.0328
1.500 -8.1218
1.505 -8.1970
1.510 -8.2495
1.515 -8.2669
1.520 -8.2321
1.525 -8.1229
1.530 -7.9120
1.535 -7.5700
1.540 -7.0728
1.545 -6.4160
1.550 -5.6367
1.555 -4.8344
1.560 -4.1700
1.565 -3.8226
1.570 -3.9082
1.575 -4.4148
1.580 -5.2101
1.585 -6.1146
1.590 -6.9780
1.595 -7.7145
1.600 -8.2971
1.605 -8.7355
1.610 -9.0556
1.615 -9.2864
1.620 -9.4537
1.625 -9.5778
1.630 -9.6738
1.635 -9.7523
1.640 -9.8204
1.645 -9.8825
1.650 -9.9413
1.655 -9.9981
1.660 -10.0534
1.665 -10.1073
1.670 -10.1591
1.675 -10.2081
1.680 -10.2538
1.685 -10.2955
1.690 -10.3327
1.695 -10.3650
1.700 -10.3927
1.705 -10.4163
1.710 -10.4365
1.715 -10.4548
1.720 -10.4731
1.725 -10.4933
1.730 -10.5178
1.735 -10.5487
1.740 -10.5877
1.745 -10.6361
1.750 -10.6941
1.755 -10.7613
1.760 -10.8360
1.765 -10.9155
1.770 -10.9968
1.775 -11.0759
1.780 -11.1489
1.785 -11.2116
1.790 -11.2605
1.795 -11.2922
1.800 -11.3041
1.805 -11.2942
1.810 -11.2617
1.815 -11.2067
1.820 -11.1308
1.825 -11.0365
1.830 -10.9283
1.835 -10.8115
1.840 -10.6927
1.845 -10.5791
1.850 -10.4781
1.855 -10.3962
1.860 -10.3388
1.865 -10.3088
1.870 -10.3071
1.875 -10.3318
1.880 -10.3790
1.885 -10.4431
1.890 -10.5176
1.895 -10.5959
1.900 -10.6720
1.905 -10.7407
1.910 -10.7980
1.915 -10.8415
1.920 -10.8698
1.925 -10.8825
1.930 -10.8798
1.935 -10.8629
1.940 -10.8328
1.945 -10.7910
1.950 -10.7386
1.955 -10.6770
1.960 -10.6071
1.965 -10.5298
1.970 -10.4459
1.975 -10.3560
1.980 -10.2608
1.985 -10.1607
1.990 -10.0564
1.995 -9.9487
2.000 -9.8383
2.005 -9.7261
2.010 -9.6131
2.015 -9.5004
2.020 -9.3891
2.025 -9.2805
2.030 -9.1757
2.035 -9.0758
2.040 -8.9817
2.045 -8.8941
2.050 -8.8136
2.055 -8.7406
2.060 -8.6751
2.065 -8.6169
2.070 -8.5657
2.075 -8.5210
2.080 -8.4821
2.085 -8.4484
2.090 -8.4190
2.095 -8.3932
2.100 -8.3705
2.105 -8.3501
2.110 -8.3315
2.115 -8.3143
2.120 -8.2980
2.125 -8.2823
2.130 -8.2670
2.135 -8.2521
2.140 -8.2371
2.145 -8.2221
2.150 -8.2069
2.155 -8.1914
2.160 -8.1756
2.165 -8.1596
2.170 -8.1433
2.175 -8.1268
2.180 -8.1104
2.185 -8.0940
2.190 -8.0780
2.195 -8.0627
2.200 -8.0483
2.205 -8.0349
2.210 -8.0229
2.215 -8.0125
2.220 -8.0036
2.225 -7.9960
2.230 -7.9894
2.235 -7.9829
2.240 -7.9754
2.245 -7.9652
2.250 -7.9503
2.255 -7.9280
2.260 -7.8950
2.265 -7.8474
2.270 -7.7810
2.275 -7.6915
2.280 -7.5748
2.285 -7.4281
2.290 -7.2505
2.295 -7.0445
2.300 -6.8173
2.305 -6.5813
2.310 -6.3545
2.315 -6.1584
2.320 -6.0148
2.325 -5.9414
2.330 -5.9471
2.335 -6.0300
2.340 -6.1776
2.345 -6.3706
2.350 -6.5870
2.355 -6.8064
2.360 -7.0131
2.365 -7.1967
2.370 -7.3521
2.375 -7.4781
2.380 -7.5761
2.385 -7.6493
2.390 -7.7018
2.395 -7.7374
2.400 -7.7602
2.405 -7.7736
2.410 -7.7805
2.415 -7.7834
2.420 -7.7844
2.425 -7.7854
2.430 -7.7875
2.435 -7.7918
2.440 -7.7993
2.445 -7.8106
2.450 -7.8261
2.455 -7.8461
2.460 -7.8708
2.465 -7.9002
2.470 -7.9341
2.475 -7.9722
2.480 -8.0140
2.485 -8.0585
2.490 -8.1046
2.495 -8.1507
2.500 -8.1946
2.505 -8.2336
2.510 -8.2641
2.515 -8.2815
2.520 -8.2801
2.525 -8.2529
2.530 -8.1920
2.535 -8.0880
2.540 -7.9311
2.545 -7.7118
2.550 -7.4221
2.555 -7.0580
2.560 -6.6222
2.565 -6.1271
2.570 -5.5974
2.575 -5.0712
2.580 -4.5986
2.585 -4.2355
2.590 -4.0346
2.595 -4.0322
2.600 -4.2369
2.605 -4.6250
2.610 -5.1458
2.615 -5.7345
2.620 -6.3289
2.625 -6.8801
2.630 -7.3577
2.635 -7.7484
2.640 -8.0517
2.645 -8.2751
2.650 -8.4299
2.655 -8.5287
2.660 -8.5831
2.665 -8.6037
2.670 -8.5990
2.675 -8.5762
2.680 -8.5407
2.685 -8.4968
2.690 -8.4479
2.695 -8.3963
2.700 -8.3437
2.705 -8.2915
2.710 -8.2405
2.715 -8.1913
2.720 -8.1444
2.725 -8.0999
2.730 -8.0580
2.735 -8.0188
2.740 -7.9825
2.745 -7.9489
2.750 -7.9184
2.755 -7.8911
2.760 -7.8670
2.765 -7.8465
2.770 -7.8301
2.775 -7.8180
2.780 -7.8109
2.785 -7.8092
2.790 -7.8134
2.795 -7.8241
2.800 -7.8417
2.805 -7.8667
2.810 -7.8993
2.815 -7.9395
2.820 -7.9874
2.825 -8.0428
2.830 -8.1053
2.835 -8.1743
2.840 -8.2491
2.845 -8.3288
2.850 -8.4124
2.855 -8.4988
2.860 -8.5865
2.865 -8.6740
2.870 -8.7596
2.875 -8.8411
2.880 -8.9160
2.885 -8.9808
2.890 -9.0314
2.895 -9.0621
2.900 -9.0655
2.905 -9.0316
2.910 -8.9473
2.915 -8.7960
2.920 -8.5581
2.925 -8.2132
2.930 -7.7463
2.935 -7.1584
2.940 -6.4825
2.945 -5.7987
2.950 -5.2341
2.955 -4.9334
2.960 -5.0004
2.965 -5.4452
2.970 -6.1766
2.975 -7.0489
2.980 -7.9229
2.985 -8.7040
2.990 -9.3479
2.995 -9.8477
3.000 -10.2166
3.005 -10.4758
3.010 -10.6464
3.015 -10.7459
3.020 -10.7863
3.025 -10.7736
3.030 -10.7069
3.035 -10.5770
3.040 -10.3652
3.045 -10.0419
3.050 -9.5689
3.055 -8.9068
3.060 -8.0350
3.065 -6.9868
3.070 -5.8913
3.075 -4.9853
3.080 -4.5463
3.085 -4.7462
3.090 -5.5354
3.095 -6.6751
3.100 -7.8827
3.105 -8.9550
3.110 -9.8009
3.115 -10.4113
3.120 -10.8175
3.125 -11.0619
3.130 -11.1831
3.135 -11.2107
3.140 -11.1652
3.145 -11.0586
3.150 -10.8971
3.155 -10.6827
3.160 -10.4154
3.165 -10.0962
3.170 -9.7295
3.175 -9.3273
3.180 -8.9118
3.185 -8.5158
3.190 -8.1801
3.195 -7.9452
3.200 -7.8409
3.205 -7.8766
3.210 -8.0383
3.215 -8.2932
3.220 -8.6001
3.225 -8.9196
3.230 -9.2216
3.235 -9.4874
3.240 -9.7083
3.245 -9.8835
3.250 -10.0164
3.255 -10.1129
3.260 -10.1792
3.265 -10.2214
3.270 -10.2444
3.275 -10.2524
3.280 -10.2483
3.285 -10.2342
3.290 -10.2114
3.295 -10.1804
3.300 -10.1414
3.305 -10.0940
3.310 -10.0377
3.315 -9.9715
3.320 -9.8947
3.325 -9.8066
3.330 -9.7067
3.335 -9.5949
3.340 -9.4719
3.345 -9.3391
3.350 -9.1988
3.355 -9.0544
3.360 -8.9101
3.365 -8.7711
3.370 -8.6433
3.375 -8.5324
3.380 -8.4440
3.385 -8.3828
3.390 -8.3520
3.395 -8.3530
3.400 -8.3853
3.405 -8.4466
3.410 -8.5329
3.415 -8.6389
3.420 -8.7587
3.425 -8.8864
3.430 -9.0163
3.435 -9.1436
3.440 -9.2643
3.445 -9.3757
3.450 -9.4759
3.455 -9.5638
3.460 -9.6394
3.465 -9.7029
3.470 -9.7553
3.475 -9.7976
3.480 -9.8309
3.485 -9.8566
3.490 -9.8759
3.495 -9.8900
3.500 -9.9001
3.505 -9.9071
3.510 -9.9119
3.515 -9.9154
3.520 -9.9181
3.525 -9.9207
3.530 -9.9236
3.535 -9.9272
3.540 -9.9319
3.545 -9.9379
3.550 -9.9453
3.555 -9.9544
3.560 -9.9651
3.565 -9.9775
3.570 -9.9914
3.575 -10.0067
3.580 -10.0232
3.585 -10.0405
3.590 -10.0583
3.595 -10.0761
3.600 -10.0935
3.605 -10.1097
3.610 -10.1243
3.615 -10.1366
3.620 -10.1460
3.625 -10.1523
3.630 -10.1551
3.635 -10.1545
3.640 -10.1511
3.645 -10.1459
3.650 -10.1405
3.655 -10.1374
3.660 -10.1395
3.665 -10.1503
3.670 -10.1734
3.675 -10.2126
3.680 -10.2708
3.685 -10.3504
3.690 -10.4524
3.695 -10.5763
3.700 -10.7205
3.705 -10.8819
3.710 -11.0565
3.715 -11.2402
3.720 -11.4283
3.725 -11.6165
3.730 -11.8007
3.735 -11.9773
3.740 -12.1429
3.745 -12.2943
3.750 -12.4283
3.755 -12.5416
3.760 -12.6307
3.765 -12.6914
3.770 -12.7193
3.775 -12.7093
3.780 -12.6559
3.785 -12.5536
3.790 -12.3974
3.795 -12.1833
3.800 -11.9093
3.805 -11.5767
3.810 -11.1917
3.815 -10.7671
3.820 -10.3227
3.825 -9.8862
3.830 -9.4918
3.835 -9.1764
3.840 -8.9745
3.845 -8.9118
3.850 -8.9996
3.855 -9.2319
3.860 -9.5866
3.865 -10.0306
3.870 -10.5257
3.875 -11.0352
3.880 -11.5286
3.885 -11.9827
3.890 -12.3831
3.895 -12.7219
3.900 -12.9970
3.905 -13.2101
3.910 -13.3652
3.915 -13.4676
3.920 -13.5233
3.925 -13.5381
3.930 -13.5175
3.935 -13.4667
3.940 -13.3903
3.945 -13.2928
3.950 -13.1781
3.955 -13.0500
3.960 -12.9123
3.965 -12.7688
3.970 -12.6235
3.975 -12.4803
3.980 -12.3432
3.985 -12.2156
3.990 -12.1010
3.995 -12.0020
4.000 -11.9205
4.005 -11.8574
4.010 -11.8129
4.015 -11.7859
4.020 -11.7748
4.025 -11.7773
4.030 -11.7907
4.035 -11.8121
4.040 -11.8388
4.045 -11.8680
4.050 -11.8970
4.055 -11.9234
4.060 -11.9448
4.065 -11.9586
4.070 -11.9620
4.075 -11.9514
4.080 -11.9225
4.085 -11.8700
4.090 -11.7871
4.095 -11.6656
4.100 -11.4963
4.105 -11.2694
4.110 -10.9772
4.115 -10.6163
4.120 -10.1931
4.125 -9.7285
4.130 -9.2615
4.135 -8.8472
4.140 -8.5477
4.145 -8.4138
4.150 -8.4672
4.155 -8.6924
4.160 -9.0424
4.165 -9.4562
4.170 -9.8768
4.175 -10.2628
4.180 -10.5910
4.185 -10.8537
4.190 -11.0535
4.195 -11.1985
4.200 -11.2986
4.205 -11.3640
4.210 -11.4036
4.215 -11.4249
4.220 -11.4338
4.225 -11.4350
4.230 -11.4320
4.235 -11.4272
4.240 -11.4224
4.245 -11.4187
4.250 -11.4171
4.255 -11.4175
4.260 -11.4202
4.265 -11.4247
4.270 -11.4306
4.275 -11.4370
4.280 -11.4429
4.285 -11.4472
4.290 -11.4482
4.295 -11.4442
4.300 -11.4330
4.305 -11.4124
4.310 -11.3798
4.315 -11.3324
4.320 -11.2671
4.325 -11.1808
4.330 -11.0701
4.335 -10.9318
4.340 -10.7628
4.345 -10.5606
4.350 -10.3234
4.355 -10.0514
4.360 -9.7478
4.365 -9.4200
4.370 -9.0817
4.375 -8.7529
4.380 -8.4601
4.385 -8.2327
4.390 -8.0973
4.395 -8.0714
4.400 -8.1582
4.405 -8.3457
4.410 -8.6101
4.415 -8.9221
4.420 -9.2534
4.425 -9.5805
4.430 -9.8871
4.435 -10.1630
4.440 -10.4034
4.445 -10.6066
4.450 -10.7734
4.455 -10.9056
4.460 -11.0057
4.465 -11.0765
4.470 -11.1208
4.475 -11.1415
4.480 -11.1410
4.485 -11.1219
4.490 -11.0863
4.495 -11.0363
4.500 -10.9738
4.505 -10.9004
4.510 -10.8178
4.515 -10.7278
4.520 -10.6322
4.525 -10.5330
4.530 -10.4324
4.535 -10.3326
4.540 -10.2361
4.545 -10.1451
4.550 -10.0615
4.555 -9.9871
4.560 -9.9228
4.565 -9.8691
4.570 -9.8259
4.575 -9.7923
4.580 -9.7670
4.585 -9.7484
4.590 -9.7347
4.595 -9.7242
4.600 -9.7156
4.605 -9.7075
4.610 -9.6991
4.615 -9.6899
4.620 -9.6797
4.625 -9.6686
4.630 -9.6568
4.635 -9.6448
4.640 -9.6331
4.645 -9.6224
4.650 -9.6133
4.655 -9.6064
4.660 -9.6023
4.665 -9.6016
4.670 -9.6047
4.675 -9.6121
4.680 -9.6240
4.685 -9.6408
4.690 -9.6627
4.695 -9.6898
4.700 -9.7221
4.705 -9.7599
4.710 -9.8030
4.715 -9.8514
4.720 -9.9050
4.725 -9.9635
4.730 -10.0267
4.735 -10.0944
4.740 -10.1662
4.745 -10.2416
4.750 -10.3201
4.755 -10.4013
4.760 -10.4843
4.765 -10.5686
4.770 -10.6532
4.775 -10.7372
4.780 -10.8195
4.785 -10.8988
4.790 -10.9738
4.795 -11.0427
4.800 -11.1034
4.805 -11.1536
4.810 -11.1901
4.815 -11.2089
4.820 -11.2048
4.825 -11.1707
4.830 -11.0971
4.835 -10.9715
4.840 -10.7776
4.845 -10.4956
4.850 -10.1030
4.855 -9.5797
4.860 -8.9162
4.865 -8.1281
4.870 -7.2738
4.875 -6.4647
4.880 -5.8521
4.885 -5.5797
4.890 -5.7195
4.895 -6.2366
4.900 -7.0104
4.905 -7.8937
4.910 -8.7658
4.915 -9.5529
4.920 -10.2234
4.925 -10.7726
4.930 -11.2091
4.935 -11.5465
4.940 -11.7989
4.945 -11.9795
4.950 -12.1001
4.955 -12.1711
4.960 -12.2017
4.965 -12.2000
4.970 -12.1731
4.975 -12.1270
4.980 -12.0671
4.985 -11.9979
4.990 -11.9231
4.995 -11.8461
5.000 -11.7691
5.005 -11.6942
5.010 -11.6230
5.015 -11.5564
5.020 -11.4952
5.025 -11.4397
5.030 -11.3901
5.035 -11.3464
5.040 -11.3086
5.045 -11.2763
5.050 -11.2496
5.055 -11.2282
5.060 -11.2119
5.065 -11.2008
5.070 -11.1947
5.075 -11.1935
5.080 -11.1973
5.085 -11.2061
5.090 -11.2195
5.095 -11.2373
5.100 -11.2588
5.105 -11.2828
5.110 -11.3078
5.115 -11.3309
5.120 -11.3481
5.125 -11.3536
5.130 -11.3388
5.135 -11.2919
5.140 -11.1969
5.145 -11.0324
5.150 -10.7726
5.155 -10.3896
5.160 -9.8596
5.165 -9.1769
5.170 -8.3739
5.175 -7.5411
5.180 -6.8302
5.185 -6.4166
5.190 -6.4242
5.195 -6.8579
5.200 -7.6011
5.205 -8.4796
5.210 -9.3386
5.215 -10.0829
5.220 -10.6769
5.225 -11.1246
5.230 -11.4491
5.235 -11.6787
5.240 -11.8396
5.245 -11.9533
5.250 -12.0361
5.255 -12.1000
5.260 -12.1532
5.265 -12.2013
5.270 -12.2477
5.275 -12.2945
5.280 -12.3423
5.285 -12.3914
5.290 -12.4412
5.295 -12.4909
5.300 -12.5390
5.305 -12.5842
5.310 -12.6249
5.315 -12.6595
5.320 -12.6864
5.325 -12.7040
5.330 -12.7110
5.335 -12.7059
5.340 -12.6879
5.345 -12.6560
5.350 -12.6099
5.355 -12.5492
5.360 -12.4746
5.365 -12.3873
5.370 -12.2893
5.375 -12.1842
5.380 -12.0770
5.385 -11.9744
5.390 -11.8839
5.395 -11.8118
5.400 -11.7614
5.405 -11.7294
5.410 -11.7037
5.415 -11.6621
5.420 -11.5740
5.425 -11.4057
5.430 -11.1301
5.435 -10.7412
5.440 -10.2706
5.445 -9.7986
5.450 -9.4465
5.455 -9.3402
5.460 -9.5550
5.465 -10.0770
5.470 -10.8101
5.475 -11.6239
5.480 -12.4038
5.485 -13.0784
5.490 -13.6187
5.495 -14.0259
5.500 -14.3167
5.505 -14.5128
5.510 -14.6354
5.515 -14.7028
5.520 -14.7295
5.525 -14.7267
5.530 -14.7025
5.535 -14.6631
5.540 -14.6127
5.545 -14.5543
5.550 -14.4901
5.555 -14.4216
5.560 -14.3500
5.565 -14.2761
5.570 -14.2006
5.575 -14.1243
5.580 -14.0478
5.585 -13.9719
5.590 -13.8972
5.595 -13.8245
5.600 -13.7545
5.605 -13.6878
5.610 -13.6248
5.615 -13.5660
5.620 -13.5114
5.625 -13.4610
5.630 -13.4145
5.635 -13.3713
5.640 -13.3310
5.645 -13.2927
5.650 -13.2558
5.655 -13.2195
5.660 -13.1829
5.665 -13.1454
5.670 -13.1062
5.675 -13.0646
5.680 -13.0199
5.685 -12.9708
5.690 -12.9162
5.695 -12.8540
5.700 -12.7811
5.705 -12.6928
5.710 -12.5825
5.715 -12.4410
5.720 -12.2567
5.725 -12.0157
5.730 -11.7040
5.735 -11.3106
5.740 -10.8342
5.745 -10.2911
5.750 -9.7230
5.755 -9.1996
5.760 -8.8067
5.765 -8.6215
5.770 -8.6814
5.775 -8.9673
5.780 -9.4117
5.785 -9.9267
5.790 -10.4330
5.795 -10.8770
5.800 -11.2326
5.805 -11.4949
5.810 -11.6718
5.815 -11.7771
5.820 -11.8257
5.825 -11.8315
5.830 -11.8060
5.835 -11.7588
5.840 -11.6970
5.845 -11.6260
5.850 -11.5501
5.855 -11.4723
5.860 -11.3946
5.865 -11.3188
5.870 -11.2458
5.875 -11.1765
5.880 -11.1112
5.885 -11.0503
5.890 -10.9939
5.895 -10.9420
5.900 -10.8946
5.905 -10.8515
5.910 -10.8125
5.915 -10.7775
5.920 -10.7461
5.925 -10.7182
5.930 -10.6933
5.935 -10.6712
5.940 -10.6514
5.945 -10.6338
5.950 -10.6180
5.955 -10.6036
5.960 -10.5903
5.965 -10.5777
5.970 -10.5655
5.975 -10.5535
5.980 -10.5415
5.985 -10.5293
5.990 -10.5170
5.995 -10.5045
6.000 -10.4920
6.005 -10.4799
6.010 -10.4684
6.015 -10.4581
6.020 -10.4496
6.025 -10.4436
6.030 -10.4407
6.035 -10.4417
6.040 -10.4473
6.045 -10.4580
6.050 -10.4743
6.055 -10.4965
6.060 -10.5247
6.065 -10.5587
6.070 -10.5980
6.075 -10.6421
6.080 -10.6900
6.085 -10.7406
6.090 -10.7925
6.095 -10.8443
6.100 -10.8941
6.105 -10.9399
6.110 -10.9797
6.115 -11.0111
6.120 -11.0319
6.125 -11.0394
6.130 -11.0310
6.135 -11.0040
6.140 -10.9562
6.145 -10.8860
6.150 -10.7929
6.155 -10.6782
6.160 -10.5455
6.165 -10.4012
6.170 -10.2551
6.175 -10.1194
6.180 -10.0077
6.185 -9.9334
6.190 -9.9067
6.195 -9.9333
6.200 -10.0122
6.205 -10.1368
6.210 -10.2959
6.215 -10.4761
6.220 -10.6642
6.225 -10.8487
6.230 -11.0212
6.235 -11.1760
6.240 -11.3101
6.245 -11.4230
6.250 -11.5153
6.255 -11.5885
6.260 -11.6445
6.265 -11.6856
6.270 -11.7136
6.275 -11.7304
6.280 -11.7377
6.285 -11.7368
6.290 -11.7287
6.295 -11.7145
6.300 -11.6949
6.305 -11.6709
6.310 -11.6430
6.315 -11.6122
6.320 -11.5792
6.325 -11.5449
6.330 -11.5102
6.335 -11.4761
6.340 -11.4435
6.345 -11.4132
6.350 -11.3859
6.355 -11.3620
6.360 -11.3416
6.365 -11.3244
6.370 -11.3098
6.375 -11.2967
6.380 -11.2835
6.385 -11.2684
6.390 -11.2493
6.395 -11.2241
6.400 -11.1907
6.405 -11.1473
6.410 -11.0925
6.415 -11.0257
6.420 -10.9473
6.425 -10.8588
6.430 -10.7624
6.435 -10.6618
6.440 -10.5618
6.445 -10.4678
6.450 -10.3860
6.455 -10.3223
6.460 -10.2817
6.465 -10.2683
6.470 -10.2840
6.475 -10.3293
6.480 -10.4021
6.485 -10.4990
6.490 -10.6149
6.495 -10.7441
6.500 -10.8804
6.505 -11.0179
6.510 -11.1504
6.515 -11.2722
6.520 -11.3774
6.525 -11.4593
6.530 -11.5104
6.535 -11.5207
6.540 -11.4776
6.545 -11.3650
6.550 -11.1632
6.555 -10.8501
6.560 -10.4058
6.565 -9.8214
6.570 -9.1135
6.575 -8.3404
6.580 -7.6108
6.585 -7.0681
6.590 -6.8421
6.595 -6.9889
6.600 -7.4604
6.605 -8.1303
6.610 -8.8539
6.615 -9.5183
6.620 -10.0601
6.625 -10.4585
6.630 -10.7183
6.635 -10.8555
6.640 -10.8877
6.645 -10.8291
6.650 -10.6896
6.655 -10.4753
6.660 -10.1900
6.665 -9.8379
6.670 -9.4275
6.675 -8.9745
6.680 -8.5043
6.685 -8.0521
6.690 -7.6584
6.695 -7.3602
6.700 -7.1813
6.705 -7.1253
6.710 -7.1751
6.715 -7.3000
6.720 -7.4655
6.725 -7.6424
6.730 -7.8111
6.735 -7.9618
6.740 -8.0925
6.745 -8.2052
6.750 -8.3037
6.755 -8.3913
6.760 -8.4701
6.765 -8.5412
6.770 -8.6045
6.775 -8.6598
6.780 -8.7065
6.785 -8.7445
6.790 -8.7739
6.795 -8.7954
6.800 -8.8096
6.805 -8.8176
6.810 -8.8204
6.815 -8.8190
6.820 -8.8144
6.825 -8.8074
6.830 -8.7985
6.835 -8.7882
6.840 -8.7765
6.845 -8.7633
6.850 -8.7481
6.855 -8.7302
6.860 -8.7087
6.865 -8.6826
6.870 -8.6505
6.875 -8.6110
6.880 -8.5624
6.885 -8.5035
6.890 -8.4329
6.895 -8.3501
6.900 -8.2550
6.905 -8.1484
6.910 -8.0321
6.915 -7.9094
6.920 -7.7849
6.925 -7.6640
6.930 -7.5530
6.935 -7.4582
6.940 -7.3852
6.945 -7.3379
6.950 -7.3185
6.955 -7.3266
6.960 -7.3594
6.965 -7.4121
6.970 -7.4780
6.975 -7.5494
6.980 -7.6179
6.985 -7.6747
6.990 -7.7112
6.995 -7.7193
7.000 -7.6921
7.005 -7.6252
7.010 -7.5170
7.015 -7.3711
7.020 -7.1969
7.025 -7.0103
7.030 -6.8324
7.035 -6.6873
7.040 -6.5965
7.045 -6.5748
7.050 -6.6255
7.055 -6.7401
7.060 -6.9005
7.065 -7.0844
7.070 -7.2695
7.075 -7.4379
7.080 -7.5773
7.085 -7.6813
7.090 -7.7478
7.095 -7.7781
7.100 -7.7753
7.105 -7.7432
7.110 -7.6857
7.115 -7.6065
7.120 -7.5089
7.125 -7.3958
7.130 -7.2695
7.135 -7.1327
7.140 -6.9876
7.145 -6.8371
7.150 -6.6843
7.155 -6.5330
7.160 -6.3872
7.165 -6.2514
7.170 -6.1300
7.175 -6.0271
7.180 -5.9459
7.185 -5.8885
7.190 -5.8553
7.195 -5.8454
7.200 -5.8563
7.205 -5.8844
7.210 -5.9258
7.215 -5.9761
7.220 -6.0314
7.225 -6.0883
7.230 -6.1441
7.235 -6.1969
7.240 -6.2454
7.245 -6.2891
7.250 -6.3277
7.255 -6.3618
7.260 -6.3914
7.265 -6.4173
7.270 -6.4402
7.275 -6.4605
7.280 -6.4790
7.285 -6.4962
7.290 -6.5126
7.295 -6.5285
7.300 -6.5445
7.305 -6.5607
7.310 -6.5774
7.315 -6.5946
7.320 -6.6124
7.325 -6.6311
7.330 -6.6504
7.335 -6.6705
7.340 -6.6914
7.345 -6.7130
7.350 -6.7353
7.355 -6.7585
7.360 -6.7824
7.365 -6.8072
7.370 -6.8329
7.375 -6.8597
7.380 -6.8877
7.385 -6.9168
7.390 -6.9472
7.395 -6.9789
7.400 -7.0116
7.405 -7.0453
7.410 -7.0794
7.415 -7.1134
7.420 -7.1464
7.425 -7.1771
7.430 -7.2039
7.435 -7.2252
7.440 -7.2386
7.445 -7.2418
7.450 -7.2321
7.455 -7.2068
7.460 -7.1637
7.465 -7.1012
7.470 -7.0191
7.475 -6.9192
7.480 -6.8061
7.485 -6.6875
7.490 -6.5745
7.495 -6.4807
7.500 -6.4207
7.505 -6.4078
7.510 -6.4514
7.515 -6.5548
7.520 -6.7143
7.525 -6.9198
7.530 -7.1570
7.535 -7.4095
7.540 -7.6610
7.545 -7.8964
7.550 -8.1022
7.555 -8.2654
7.560 -8.3730
7.565 -8.4098
7.570 -8.3573
7.575 -8.1932
7.580 -7.8922
7.585 -7.4310
7.590 -6.7974
7.595 -6.0070
7.600 -5.1220
7.605 -4.2616
7.610 -3.5853
7.615 -3.2388
7.620 -3.2867
7.625 -3.6815
7.630 -4.2961
7.635 -4.9892
7.640 -5.6566
7.645 -6.2446
7.650 -6.7394
7.655 -7.1477
7.660 -7.4830
7.665 -7.7581
7.670 -7.9830
7.675 -8.1650
7.680 -8.3098
7.685 -8.4219
7.690 -8.5059
7.695 -8.5660
7.700 -8.6064
7.705 -8.6312
7.710 -8.6436
7.715 -8.6470
7.720 -8.6439
7.725 -8.6366
7.730 -8.6270
7.735 -8.6165
7.740 -8.6063
7.745 -8.5970
7.750 -8.5891
7.755 -8.5831
7.760 -8.5788
7.765 -8.5764
7.770 -8.5755
7.775 -8.5757
7.780 -8.5764
7.785 -8.5770
7.790 -8.5767
7.795 -8.5747
7.800 -8.5699
7.805 -8.5614
7.810 -8.5479
7.815 -8.5285
7.820 -8.5021
7.825 -8.4677
7.830 -8.4247
7.835 -8.3727
7.840 -8.3120
7.845 -8.2433
7.850 -8.1678
7.855 -8.0880
7.860 -8.0068
7.865 -7.9282
7.870 -7.8566
7.875 -7.7968
7.880 -7.7534
7.885 -7.7307
7.890 -7.7319
7.895 -7.7586
7.900 -7.8112
7.905 -7.8882
7.910 -7.9867
7.915 -8.1025
7.920 -8.2306
7.925 -8.3660
7.930 -8.5036
7.935 -8.6389
7.940 -8.7683
7.945 -8.8889
7.950 -8.9988
7.955 -9.0968
7.960 -9.1826
7.965 -9.2564
7.970 -9.3189
7.975 -9.3710
7.980 -9.4141
7.985 -9.4495
7.990 -9.4784
7.995 -9.5021
8.000 -9.5219
8.005 -9.5387
8.010 -9.5534
8.015 -9.5667
8.020 -9.5792
8.025 -9.5910
8.030 -9.6025
8.035 -9.6135
8.040 -9.6240
8.045 -9.6337
8.050 -9.6426
8.055 -9.6503
8.060 -9.6567
8.065 -9.6616
8.070 -9.6651
8.075 -9.6670
8.080 -9.6674
8.085 -9.6665
8.090 -9.6642
8.095 -9.6608
8.100 -9.6561
8.105 -9.6496
8.110 -9.6405
8.115 -9.6273
8.120 -9.6074
8.125 -9.5776
8.130 -9.5333
8.135 -9.4689
8.140 -9.3778
8.145 -9.2536
8.150 -9.0907
8.155 -8.8863
8.160 -8.6427
8.165 -8.3697
8.170 -8.0858
8.175 -7.8179
8.180 -7.5969
8.185 -7.4513
8.190 -7.3983
8.195 -7.4392
8.200 -7.5586
8.205 -7.7295
8.210 -7.9215
8.215 -8.1077
8.220 -8.2694
8.225 -8.3965
8.230 -8.4869
8.235 -8.5436
8.240 -8.5725
8.245 -8.5808
8.250 -8.5752
8.255 -8.5619
8.260 -8.5456
8.265 -8.5303
8.270 -8.5183
8.275 -8.5113
8.280 -8.5103
8.285 -8.5158
8.290 -8.5281
8.295 -8.5471
8.300 -8.5728
8.305 -8.6050
8.310 -8.6435
8.315 -8.6880
8.320 -8.7377
8.325 -8.7921
8.330 -8.8497
8.335 -8.9088
8.340 -8.9667
8.345 -9.0195
8.350 -9.0619
8.355 -9.0862
8.360 -9.0826
8.365 -9.0378
8.370 -8.9354
8.375 -8.7563
8.380 -8.4799
8.385 -8.0891
8.390 -7.5771
8.395 -6.9582
8.400 -6.2787
8.405 -5.6193
8.410 -5.0822
8.415 -4.7569
8.420 -4.6822
8.425 -4.8282
8.430 -5.1141
8.435 -5.4471
8.440 -5.7570
8.445 -6.0096
8.450 -6.2007
8.455 -6.3421
8.460 -6.4494
8.465 -6.5359
8.470 -6.6130
8.475 -6.6923
8.480 -6.7877
8.485 -6.9142
8.490 -7.0839
8.495 -7.3018
8.500 -7.5632
8.505 -7.8549
8.510 -8.1586
8.515 -8.4553
8.520 -8.7292
8.525 -8.9693
8.530 -9.1692
8.535 -9.3266
8.540 -9.4412
8.545 -9.5130
8.550 -9.5413
8.555 -9.5234
8.560 -9.4539
8.565 -9.3246
8.570 -9.1259
8.575 -8.8481
8.580 -8.4863
8.585 -8.0463
8.590 -7.5526
8.595 -7.0540
8.600 -6.6221
8.605 -6.3373
8.610 -6.2630
8.615 -6.4204
8.620 -6.7789
8.625 -7.2695
8.630 -7.8116
8.635 -8.3372
8.640 -8.8021
8.645 -9.1859
8.650 -9.4856
8.655 -9.7077
8.660 -9.8622
8.665 -9.9591
8.670 -10.0065
8.675 -10.0097
8.680 -9.9713
8.685 -9.8919
8.690 -9.7701
8.695 -9.6043
8.700 -9.3933
8.705 -9.1382
8.710 -8.8433
8.715 -8.5179
8.720 -8.1770
8.725 -7.8410
8.730 -7.5344
8.735 -7.2827
8.740 -7.1087
8.745 -7.0281
8.750 -7.0467
8.755 -7.1585
8.760 -7.3472
8.765 -7.5891
8.770 -7.8570
8.775 -8.1252
8.780 -8.3724
8.785 -8.5841
8.790 -8.7527
8.795 -8.8768
8.800 -8.9603
8.805 -9.0103
8.810 -9.0359
8.815 -9.0465
8.820 -9.0508
8.825 -9.0556
8.830 -9.0657
8.835 -9.0830
8.840 -9.1078
8.845 -9.1380
8.850 -9.1712
8.855 -9.2040
8.860 -9.2334
8.865 -9.2569
8.870 -9.2729
8.875 -9.2801
8.880 -9.2784
8.885 -9.2677
8.890 -9.2487
8.895 -9.2221
8.900 -9.1889
8.905 -9.1499
8.910 -9.1062
8.915 -9.0585
8.920 -9.0073
8.925 -8.9533
8.930 -8.8967
8.935 -8.8378
8.940 -8.7766
8.945 -8.7130
8.950 -8.6470
8.955 -8.5783
8.960 -8.5066
8.965 -8.4316
8.970 -8.3529
8.975 -8.2704
8.980 -8.1838
8.985 -8.0930
8.990 -7.9983
8.995 -7.9000
9.000 -7.7988
9.005 -7.6955
9.010 -7.5915
9.015 -7.4881
9.020 -7.3870
9.025 -7.2901
9.030 -7.1994
9.035 -7.1168
9.040 -7.0439
9.045 -6.9822
9.050 -6.9328
9.055 -6.8962
9.060 -6.8724
9.065 -6.8612
9.070 -6.8615
9.075 -6.8721
9.080 -6.8913
9.085 -6.9173
9.090 -6.9482
9.095 -6.9821
9.100 -7.0172
9.105 -7.0519
9.110 -7.0850
9.115 -7.1152
9.120 -7.1417
9.125 -7.1640
9.130 -7.1819
9.135 -7.1954
9.140 -7.2046
9.145 -7.2097
9.150 -7.2112
9.155 -7.2094
9.160 -7.2048
9.165 -7.1980
9.170 -7.1895
9.175 -7.1799
9.180 -7.1695
9.185 -7.1588
9.190 -7.1482
9.195 -7.1381
9.200 -7.1290
9.205 -7.1211
9.210 -7.1148
9.215 -7.1104
9.220 -7.1080
9.225 -7.1078
9.230 -7.1102
9.235 -7.1153
9.240 -7.1234
9.245 -7.1346
9.250 -7.1491
9.255 -7.1671
9.260 -7.1889
9.265 -7.2145
9.270 -7.2442
9.275 -7.2779
9.280 -7.3159
9.285 -7.3581
9.290 -7.4044
9.295 -7.4546
9.300 -7.5080
9.305 -7.5637
9.310 -7.6198
9.315 -7.6737
9.320 -7.7208
9.325 -7.7544
9.330 -7.7639
9.335 -7.7335
9.340 -7.6396
9.345 -7.4486
9.350 -7.1146
9.355 -6.5810
9.360 -5.7897
9.365 -4.7093
9.370 -3.3863
9.375 -2.0066
9.380 -0.9073
9.385 -0.4556
9.390 -0.8225
9.395 -1.8551
9.400 -3.1921
9.405 -4.4914
9.410 -5.5584
9.415 -6.3409
9.420 -6.8677
9.425 -7.1959
9.430 -7.3821
9.435 -7.4722
9.440 -7.4997
9.445 -7.4876
9.450 -7.4513
9.455 -7.4006
9.460 -7.3419
9.465 -7.2790
9.470 -7.2143
9.475 -7.1490
9.480 -7.0839
9.485 -7.0195
9.490 -6.9559
9.495 -6.8932
9.500 -6.8312
9.505 -6.7700
9.510 -6.7096
9.515 -6.6499
9.520 -6.5909
9.525 -6.5325
9.530 -6.4748
9.535 -6.4178
9.540 -6.3614
9.545 -6.3058
9.550 -6.2509
9.555 -6.1969
9.560 -6.1439
9.565 -6.0918
9.570 -6.0407
9.575 -5.9907
9.580 -5.9419
9.585 -5.8943
9.590 -5.8482
9.595 -5.8035
9.600 -5.7604
9.605 -5.7190
9.610 -5.6794
9.615 -5.6416
9.620 -5.6059
9.625 -5.5722
9.630 -5.5406
9.635 -5.5112
9.640 -5.4841
9.645 -5.4593
9.650 -5.4368
9.655 -5.4168
9.660 -5.3994
9.665 -5.3845
9.670 -5.3722
9.675 -5.3624
9.680 -5.3553
9.685 -5.3507
9.690 -5.3489
9.695 -5.3497
9.700 -5.3530
9.705 -5.3589
9.710 -5.3672
9.715 -5.3779
9.720 -5.3909
9.725 -5.4062
9.730 -5.4235
9.735 -5.4429
9.740 -5.4641
9.745 -5.4870
9.750 -5.5113
9.755 -5.5369
9.760 -5.5636
9.765 -5.5909
9.770 -5.6187
9.775 -5.6467
9.780 -5.6745
9.785 -5.7019
9.790 -5.7284
9.795 -5.7539
9.800 -5.7781
9.805 -5.8007
9.810 -5.8216
9.815 -5.8406
9.820 -5.8578
9.825 -5.8731
9.830 -5.8868
9.835 -5.8990
9.840 -5.9100
9.845 -5.9203
9.850 -5.9301
9.855 -5.9400
9.860 -5.9504
9.865 -5.9616
9.870 -5.9740
9.875 -5.9878
9.880 -6.0032
9.885 -6.0203
9.890 -6.0392
9.895 -6.0601
9.900 -6.0832
9.905 -6.1090
9.910 -6.1379
9.915 -6.1704
9.920 -6.2073
9.925 -6.2492
9.930 -6.2968
9.935 -6.3506
9.940 -6.4107
9.945 -6.4771
9.950 -6.5489
9.955 -6.6248
9.960 -6.7029
9.965 -6.7802
9.970 -6.8533
9.975 -6.9174
9.980 -6.9669
9.985 -6.9944
9.990 -6.9914
9.995 -6.9477
10.000 -6.8523
10.005 -6.6939
10.010 -6.4632
10.015 -6.1571
10.020 -5.7833
10.025 -5.3662
10.030 -4.9500
10.035 -4.5959
10.040 -4.3694
10.045 -4.3202
10.050 -4.4639
10.055 -4.7756
10.060 -5.2000
10.065 -5.6718
10.070 -6.1342
10.075 -6.5490
10.080 -6.8970
10.085 -7.1745
10.090 -7.3867
10.095 -7.5438
10.100 -7.6567
10.105 -7.7359
10.110 -7.7904
10.115 -7.8272
10.120 -7.8516
10.125 -7.8672
10.130 -7.8761
10.135 -7.8792
10.140 -7.8758
10.145 -7.8644
10.150 -7.8420
10.155 -7.8046
10.160 -7.7471
10.165 -7.6638
10.170 -7.5482
10.175 -7.3950
10.180 -7.2006
10.185 -6.9656
10.190 -6.6968
10.195 -6.4096
10.200 -6.1281
10.205 -5.8833
10.210 -5.7071
10.215 -5.6248
10.220 -5.6468
10.225 -5.7655
10.230 -5.9573
10.235 -6.1900
10.240 -6.4311
10.245 -6.6548
10.250 -6.8450
10.255 -6.9953
10.260 -7.1076
10.265 -7.1890
10.270 -7.2493
10.275 -7.2990
10.280 -7.3473
10.285 -7.4017
10.290 -7.4665
10.295 -7.5437
10.300 -7.6327
10.305 -7.7315
10.310 -7.8365
10.315 -7.9434
10.320 -8.0471
10.325 -8.1416
10.330 -8.2186
10.335 -8.2667
10.340 -8.2683
10.345 -8.1975
10.350 -8.0148
10.355 -7.6640
10.360 -7.0707
10.365 -6.1521
10.370 -4.8520
10.375 -3.2149
10.380 -1.4865
10.385 -0.1390
10.390 0.3232
10.395 -0.2780
10.400 -1.6440
10.405 -3.2494
10.410 -4.6828
10.415 -5.7684
10.420 -6.5040
10.425 -6.9624
10.430 -7.2284
10.435 -7.3729
10.440 -7.4470
10.445 -7.4846
10.450 -7.5066
10.455 -7.5249
10.460 -7.5456
10.465 -7.5712
10.470 -7.6020
10.475 -7.6373
10.480 -7.6761
10.485 -7.7173
10.490 -7.7597
10.495 -7.8025
10.500 -7.8448
10.505 -7.8859
10.510 -7.9247
10.515 -7.9606
10.520 -7.9920
10.525 -8.0175
10.530 -8.0351
10.535 -8.0425
10.540 -8.0369
10.545 -8.0151
10.550 -7.9738
10.555 -7.9098
10.560 -7.8203
10.565 -7.7038
10.570 -7.5603
10.575 -7.3929
10.580 -7.2070
10.585 -7.0106
10.590 -6.8133
10.595 -6.6235
10.600 -6.4461
10.605 -6.2806
10.610 -6.1201
10.615 -5.9546
10.620 -5.7759
10.625 -5.5845
10.630 -5.3957
10.635 -5.2404
10.640 -5.1596
10.645 -5.1914
10.650 -5.3563
10.655 -5.6477
10.660 -6.0336
10.665 -6.4672
10.670 -6.9015
10.675 -7.2998
10.680 -7.6394
10.685 -7.9115
10.690 -8.1169
10.695 -8.2623
10.700 -8.3571
10.705 -8.4109
10.710 -8.4329
10.715 -8.4308
10.720 -8.4108
10.725 -8.3779
10.730 -8.3361
10.735 -8.2882
10.740 -8.2363
10.745 -8.1818
10.750 -8.1259
10.755 -8.0691
10.760 -8.0120
10.765 -7.9548
10.770 -7.8976
10.775 -7.8406
10.780 -7.7841
10.785 -7.7285
10.790 -7.6740
10.795 -7.6214
10.800 -7.5715
10.805 -7.5249
10.810 -7.4829
10.815 -7.4466
10.820 -7.4170
10.825 -7.3954
10.830 -7.3826
10.835 -7.3798
10.840 -7.3872
10.845 -7.4053
10.850 -7.4341
10.855 -7.4731
10.860 -7.5219
10.865 -7.5797
10.870 -7.6455
10.875 -7.7181
10.880 -7.7960
10.885 -7.8775
10.890 -7.9599
10.895 -8.0399
10.900 -8.1127
10.905 -8.1716
10.910 -8.2078
10.915 -8.2097
10.920 -8.1628
10.925 -8.0510
10.930 -7.8582
10.935 -7.5725
10.940 -7.1937
10.945 -6.7426
10.950 -6.2690
10.955 -5.8523
10.960 -5.5869
10.965 -5.5513
10.970 -5.7751
10.975 -6.2253
10.980 -6.8213
10.985 -7.4684
10.990 -8.0876
10.995 -8.6299
11.000 -9.0747
11.005 -9.4219
11.010 -9.6821
11.015 -9.8699
11.020 -9.9995
11.025 -10.0827
11.030 -10.1278
11.035 -10.1396
11.040 -10.1196
11.045 -10.0655
11.050 -9.9717
11.055 -9.8299
11.060 -9.6289
11.065 -9.3566
11.070 -9.0028
11.075 -8.5640
11.080 -8.0500
11.085 -7.4915
11.090 -6.9444
11.095 -6.4842
11.100 -6.1889
11.105 -6.1116
11.110 -6.2590
11.115 -6.5881
11.120 -7.0250
11.125 -7.4914
11.130 -7.9265
11.135 -8.2940
11.140 -8.5800
11.145 -8.7866
11.150 -8.9239
11.155 -9.0055
11.160 -9.0448
11.165 -9.0535
11.170 -9.0413
11.175 -9.0156
11.180 -8.9820
11.185 -8.9444
11.190 -8.9055
11.195 -8.8670
11.200 -8.8300
11.205 -8.7949
11.210 -8.7621
11.215 -8.7315
11.220 -8.7031
11.225 -8.6767
11.230 -8.6522
11.235 -8.6298
11.240 -8.6093
11.245 -8.5908
11.250 -8.5745
11.255 -8.5607
11.260 -8.5494
11.265 -8.5409
11.270 -8.5355
11.275 -8.5335
11.280 -8.5351
11.285 -8.5405
11.290 -8.5500
11.295 -8.5637
11.300 -8.5817
11.305 -8.6040
11.310 -8.6306
11.315 -8.6612
11.320 -8.6955
11.325 -8.7327
11.330 -8.7721
11.335 -8.8122
11.340 -8.8513
11.345 -8.8869
11.350 -8.9158
11.355 -8.9340
11.360 -8.9364
11.365 -8.9166
11.370 -8.8674
11.375 -8.7810
11.380 -8.6496
11.385 -8.4676
11.390 -8.2335
11.395 -7.9531
11.400 -7.6433
11.405 -7.3331
11.410 -7.0623
11.415 -6.8744
11.420 -6.8052
11.425 -6.8713
11.430 -7.0641
11.435 -7.3525
11.440 -7.6928
11.445 -8.0412
11.450 -8.3626
11.455 -8.6340
11.460 -8.8448
11.465 -8.9930
11.470 -9.0829
11.475 -9.1221
11.480 -9.1198
11.485 -9.0861
11.490 -9.0310
11.495 -8.9644
11.500 -8.8956
11.505 -8.8331
11.510 -8.7839
11.515 -8.7534
11.520 -8.7441
11.525 -8.7567
11.530 -8.7893
11.535 -8.8384
11.540 -8.8997
11.545 -8.9681
11.550 -9.0393
11.555 -9.1094
11.560 -9.1757
11.565 -9.2362
11.570 -9.2901
11.575 -9.3370
11.580 -9.3771
11.585 -9.4110
11.590 -9.4392
11.595 -9.4623
11.600 -9.4809
11.605 -9.4954
11.610 -9.5060
11.615 -9.5130
11.620 -9.5164
11.625 -9.5164
11.630 -9.5128
11.635 -9.5059
11.640 -9.4957
11.645 -9.4827
11.650 -9.4670
11.655 -9.4494
11.660 -9.4303
11.665 -9.4106
11.670 -9.3909
11.675 -9.3721
11.680 -9.3548
11.685 -9.3394
11.690 -9.3257
11.695 -9.3133
11.700 -9.3006
11.705 -9.2857
11.710 -9.2651
11.715 -9.2350
11.720 -9.1902
11.725 -9.1256
11.730 -9.0359
11.735 -8.9172
11.740 -8.7681
11.745 -8.5913
11.750 -8.3952
11.755 -8.1947
11.760 -8.0107
11.765 -7.8671
11.770 -7.7866
11.775 -7.7845
11.780 -7.8648
11.785 -8.0187
11.790 -8.2274
11.795 -8.4667
11.800 -8.7128
11.805 -8.9464
11.810 -9.1540
11.815 -9.3289
11.820 -9.4692
11.825 -9.5767
11.830 -9.6551
11.835 -9.7090
11.840 -9.7434
11.845 -9.7630
11.850 -9.7720
11.855 -9.7739
11.860 -9.7717
11.865 -9.7677
11.870 -9.7641
11.875 -9.7622
11.880 -9.7634
11.885 -9.7687
11.890 -9.7787
11.895 -9.7939
11.900 -9.8147
11.905 -9.8412
11.910 -9.8733
11.915 -9.9109
11.920 -9.9532
11.925 -9.9994
11.930 -10.0482
11.935 -10.0977
11.940 -10.1452
11.945 -10.1872
11.950 -10.2191
11.955 -10.2351
11.960 -10.2282
11.965 -10.1902
11.970 -10.1124
11.975 -9.9867
11.980 -9.8078
11.985 -9.5762
11.990 -9.3016
11.995 -9.0066
12.000 -8.7267
12.005 -8.5063
12.010 -8.3885
12.015 -8.4019
12.020 -8.5506
12.025 -8.8120
12.030 -9.1452
12.035 -9.5032
12.040 -9.8448
12.045 -10.1407
12.050 -10.3746
12.055 -10.5403
12.060 -10.6383
12.065 -10.6723
12.070 -10.6466
12.075 -10.5654
12.080 -10.4317
12.085 -10.2479
12.090 -10.0163
12.095 -9.7401
12.100 -9.4246
12.105 -9.0786
12.110 -8.7160
12.115 -8.3557
12.120 -8.0218
12.125 -7.7410
12.130 -7.5388
12.135 -7.4347
12.140 -7.4376
12.145 -7.5432
12.150 -7.7352
12.155 -7.9884
12.160 -8.2748
12.165 -8.5680
12.170 -8.8469
12.175 -9.0970
12.180 -9.3099
12.185 -9.4827
12.190 -9.6161
12.195 -9.7129
12.200 -9.7773
12.205 -9.8136
12.210 -9.8258
12.215 -9.8176
12.220 -9.7914
12.225 -9.7492
12.230 -9.6917
12.235 -9.6190
12.240 -9.5301
12.245 -9.4234
12.250 -9.2966
12.255 -9.1473
12.260 -8.9727
12.265 -8.7712
12.270 -8.5423
12.275 -8.2880
12.280 -8.0134
12.285 -7.7280
12.290 -7.4449
12.295 -7.1805
12.300 -6.9521
12.305 -6.7751
12.310 -6.6598
12.315 -6.6097
12.320 -6.6204
12.325 -6.6817
12.330 -6.7800
12.335 -6.9008
12.340 -7.0317
12.345 -7.1629
12.350 -7.2877
12.355 -7.4019
12.360 -7.5037
12.365 -7.5923
12.370 -7.6680
12.375 -7.7311
12.380 -7.7827
12.385 -7.8235
12.390 -7.8546
12.395 -7.8772
12.400 -7.8922
12.405 -7.9007
12.410 -7.9037
12.415 -7.9025
12.420 -7.8978
12.425 -7.8908
12.430 -7.8823
12.435 -7.8731
12.440 -7.8640
12.445 -7.8558
12.450 -7.8491
12.455 -7.8443
12.460 -7.8421
12.465 -7.8430
12.470 -7.8476
12.475 -7.8564
12.480 -7.8698
12.485 -7.8880
12.490 -7.9114
12.495 -7.9398
12.500 -7.9728
12.505 -8.0093
12.510 -8.0476
12.515 -8.0846
12.520 -8.1158
12.525 -8.1340
12.530 -8.1291
12.535 -8.0865
12.540 -7.9869
12.545 -7.8054
12.550 -7.5127
12.555 -7.0793
12.560 -6.4863
12.565 -5.7431
12.570 -4.9108
12.575 -4.1177
12.580 -3.5417
12.585 -3.3468
12.590 -3.5987
12.595 -4.2260
12.600 -5.0619
12.605 -5.9286
12.610 -6.6997
12.615 -7.3157
12.620 -7.7680
12.625 -8.0759
12.630 -8.2686
12.635 -8.3751
12.640 -8.4202
12.645 -8.4234
12.650 -8.3994
12.655 -8.3588
12.660 -8.3094
12.665 -8.2567
12.670 -8.2046
12.675 -8.1560
12.680 -8.1129
12.685 -8.0766
12.690 -8.0481
12.695 -8.0276
12.700 -8.0154
12.705 -8.0112
12.710 -8.0149
12.715 -8.0259
12.720 -8.0434
12.725 -8.0670
12.730 -8.0959
12.735 -8.1294
12.740 -8.1670
12.745 -8.2081
12.750 -8.2524
12.755 -8.2995
12.760 -8.3491
12.765 -8.4010
12.770 -8.4553
12.775 -8.5119
12.780 -8.5707
12.785 -8.6320
12.790 -8.6955
12.795 -8.7615
12.800 -8.8299
12.805 -8.9007
12.810 -8.9739
12.815 -9.0495
12.820 -9.1274
12.825 -9.2073
12.830 -9.2891
12.835 -9.3725
12.840 -9.4571
12.845 -9.5425
12.850 -9.6283
12.855 -9.7141
12.860 -9.7993
12.865 -9.8834
12.870 -9.9660
12.875 -10.0466
12.880 -10.1249
12.885 -10.2008
12.890 -10.2742
12.895 -10.3452
12.900 -10.4145
12.905 -10.4822
12.910 -10.5490
12.915 -10.6155
12.920 -10.6820
12.925 -10.7489
12.930 -10.8156
12.935 -10.8812
12.940 -10.9439
12.945 -11.0015
12.950 -11.0508
12.955 -11.0883
12.960 -11.1100
12.965 -11.1115
12.970 -11.0880
12.975 -11.0342
12.980 -10.9435
12.985 -10.8072
12.990 -10.6139
12.995 -10.3496
13.000 -9.9991
13.005 -9.5511
13.010 -9.0078
13.015 -8.3982
13.020 -7.7894
13.025 -7.2859
13.030 -7.0040
13.035 -7.0259
13.040 -7.3579
13.045 -7.9253
13.050 -8.6076
13.055 -9.2875
13.060 -9.8832
13.065 -10.3549
13.070 -10.6962
13.075 -10.9196
13.080 -11.0456
13.085 -11.0957
13.090 -11.0892
13.095 -11.0418
13.100 -10.9653
13.105 -10.8689
13.110 -10.7590
13.115 -10.6404
13.120 -10.5163
13.125 -10.3891
13.130 -10.2604
13.135 -10.1313
13.140 -10.0027
13.145 -9.8752
13.150 -9.7491
13.155 -9.6247
13.160 -9.5023
13.165 -9.3821
13.170 -9.2642
13.175 -9.1488
13.180 -9.0361
13.185 -8.9262
13.190 -8.8190
13.195 -8.7149
13.200 -8.6138
13.205 -8.5158
13.210 -8.4211
13.215 -8.3298
13.220 -8.2418
13.225 -8.1573
13.230 -8.0761
13.235 -7.9984
13.240 -7.9241
13.245 -7.8530
13.250 -7.7851
13.255 -7.7203
13.260 -7.6583
13.265 -7.5991
13.270 -7.5423
13.275 -7.4880
13.280 -7.4358
13.285 -7.3856
13.290 -7.3374
13.295 -7.2911
13.300 -7.2467
13.305 -7.2040
13.310 -7.1631
13.315 -7.1239
13.320 -7.0866
13.325 -7.0510
13.330 -7.0172
13.335 -6.9853
13.340 -6.9553
13.345 -6.9272
13.350 -6.9010
13.355 -6.8766
13.360 -6.8541
13.365 -6.8334
13.370 -6.8145
13.375 -6.7973
13.380 -6.7818
13.385 -6.7679
13.390 -6.7555
13.395 -6.7447
13.400 -6.7356
13.405 -6.7280
13.410 -6.7221
13.415 -6.7177
13.420 -6.7152
13.425 -6.7144
13.430 -6.7155
13.435 -6.7187
13.440 -6.7241
13.445 -6.7318
13.450 -6.7420
13.455 -6.7549
13.460 -6.7708
13.465 -6.7896
13.470 -6.8117
13.475 -6.8371
13.480 -6.8661
13.485 -6.8987
13.490 -6.9350
13.495 -6.9749
13.500 -7.0183
13.505 -7.0649
13.510 -7.1141
13.515 -7.1651
13.520 -7.2165
13.525 -7.2666
13.530 -7.3123
13.535 -7.3497
13.540 -7.3729
13.545 -7.3739
13.550 -7.3417
13.555 -7.2613
13.560 -7.1139
13.565 -6.8764
13.570 -6.5243
13.575 -6.0371
13.580 -5.4092
13.585 -4.6666
13.590 -3.8840
13.595 -3.1881
13.600 -2.7312
13.605 -2.6315
13.610 -2.9142
13.615 -3.4976
13.620 -4.2372
13.625 -4.9905
13.630 -5.6600
13.635 -6.2004
13.640 -6.6060
13.645 -6.8924
13.650 -7.0831
13.655 -7.2019
13.660 -7.2689
13.665 -7.3000
13.670 -7.3070
13.675 -7.2985
13.680 -7.2804
13.685 -7.2568
13.690 -7.2304
13.695 -7.2030
13.700 -7.1758
13.705 -7.1494
13.710 -7.1243
13.715 -7.1004
13.720 -7.0778
13.725 -7.0560
13.730 -7.0346
13.735 -7.0128
13.740 -6.9898
13.745 -6.9640
13.750 -6.9340
13.755 -6.8978
13.760 -6.8531
13.765 -6.7973
13.770 -6.7276
13.775 -6.6413
13.780 -6.5360
13.785 -6.4101
13.790 -6.2638
13.795 -6.0993
13.800 -5.9221
13.805 -5.7413
13.810 -5.5697
13.815 -5.4228
13.820 -5.3162
13.825 -5.2636
13.830 -5.2733
13.835 -5.3464
13.840 -5.4768
13.845 -5.6524
13.850 -5.8576
13.855 -6.0770
13.860 -6.2967
13.865 -6.5067
13.870 -6.7001
13.875 -6.8738
13.880 -7.0266
13.885 -7.1593
13.890 -7.2734
13.895 -7.3706
13.900 -7.4526
13.905 -7.5204
13.910 -7.5745
13.915 -7.6142
13.920 -7.6383
13.925 -7.6441
13.930 -7.6281
13.935 -7.5858
13.940 -7.5123
13.945 -7.4020
13.950 -7.2506
13.955 -7.0555
13.960 -6.8183
13.965 -6.5466
13.970 -6.2558
13.975 -5.9698
13.980 -5.7188
13.985 -5.5346
13.990 -5.4433
13.995 -5.4586
14.000 -5.5783
14.005 -5.7849
14.010 -6.0524
14.015 -6.3522
14.020 -6.6601
14.025 -6.9584
14.030 -7.2367
14.035 -7.4902
14.040 -7.7183
14.045 -7.9224
14.050 -8.1047
14.055 -8.2674
14.060 -8.4125
14.065 -8.5417
14.070 -8.6560
14.075 -8.7562
14.080 -8.8425
14.085 -8.9143
14.090 -8.9709
14.095 -9.0103
14.100 -9.0298
14.105 -9.0253
14.110 -8.9913
14.115 -8.9207
14.120 -8.8052
14.125 -8.6351
14.130 -8.4011
14.135 -8.0957
14.140 -7.7171
14.145 -7.2735
14.150 -6.7880
14.155 -6.3010
14.160 -5.8678
14.165 -5.5480
14.170 -5.3891
14.175 -5.4101
14.180 -5.5955
14.185 -5.9021
14.190 -6.2744
14.195 -6.6612
14.200 -7.0245
14.205 -7.3420
14.210 -7.6046
14.215 -7.8117
14.220 -7.9677
14.225 -8.0789
14.230 -8.1520
14.235 -8.1933
14.240 -8.2083
14.245 -8.2020
14.250 -8.1782
14.255 -8.1406
14.260 -8.0920
14.265 -8.0351
14.270 -7.9720
14.275 -7.9045
14.280 -7.8341
14.285 -7.7623
14.290 -7.6900
14.295 -7.6182
14.300 -7.5476
14.305 -7.4787
14.310 -7.4122
14.315 -7.3484
14.320 -7.2876
14.325 -7.2301
14.330 -7.1762
14.335 -7.1260
14.340 -7.0796
14.345 -7.0371
14.350 -6.9985
14.355 -6.9637
14.360 -6.9328
14.365 -6.9056
14.370 -6.8821
14.375 -6.8622
14.380 -6.8456
14.385 -6.8321
14.390 -6.8213
14.395 -6.8129
14.400 -6.8064
14.405 -6.8010
14.410 -6.7962
14.415 -6.7907
14.420 -6.7836
14.425 -6.7733
14.430 -6.7582
14.435 -6.7363
14.440 -6.7057
14.445 -6.6638
14.450 -6.6081
14.455 -6.5363
14.460 -6.4464
14.465 -6.3375
14.470 -6.2098
14.475 -6.0657
14.480 -5.9104
14.485 -5.7519
14.490 -5.6010
14.495 -5.4704
14.500 -5.3733
14.505 -5.3206
14.510 -5.3193
14.515 -5.3707
14.520 -5.4700
14.525 -5.6076
14.530 -5.7709
14.535 -5.9469
14.540 -6.1236
14.545 -6.2918
14.550 -6.4452
14.555 -6.5803
14.560 -6.6960
14.565 -6.7927
14.570 -6.8721
14.575 -6.9364
14.580 -6.9880
14.585 -7.0294
14.590 -7.0629
14.595 -7.0904
14.600 -7.1137
14.605 -7.1343
14.610 -7.1536
14.615 -7.1725
14.620 -7.1919
14.625 -7.2126
14.630 -7.2352
14.635 -7.2602
14.640 -7.2879
14.645 -7.3186
14.650 -7.3526
14.655 -7.3900
14.660 -7.4311
14.665 -7.4758
14.670 -7.5244
14.675 -7.5767
14.680 -7.6328
14.685 -7.6926
14.690 -7.7560
14.695 -7.8227
14.700 -7.8923
14.705 -7.9644
14.710 -8.0383
14.715 -8.1132
14.720 -8.1881
14.725 -8.2616
14.730 -8.3322
14.735 -8.3975
14.740 -8.4551
14.745 -8.5019
14.750 -8.5340
14.755 -8.5469
14.760 -8.5357
14.765 -8.4946
14.770 -8.4178
14.775 -8.2992
14.780 -8.1343
14.785 -7.9201
14.790 -7.6575
14.795 -7.3529
14.800 -7.0197
14.805 -6.6795
14.810 -6.3616
14.815 -6.1000
14.820 -5.9280
14.825 -5.8712
14.830 -5.9416
14.835 -6.1340
14.840 -6.4273
14.845 -6.7903
14.850 -7.1882
14.855 -7.5888
14.860 -7.9671
14.865 -8.3063
14.870 -8.5971
14.875 -8.8367
14.880 -9.0266
14.885 -9.1710
14.890 -9.2752
14.895 -9.3453
14.900 -9.3869
14.905 -9.4053
14.910 -9.4051
14.915 -9.3903
14.920 -9.3642
14.925 -9.3297
14.930 -9.2890
14.935 -9.2439
14.940 -9.1961
14.945 -9.1467
14.950 -9.0968
14.955 -9.0473
14.960 -8.9991
14.965 -8.9527
14.970 -8.9089
14.975 -8.8680
14.980 -8.8307
14.985 -8.7973
14.990 -8.7683
14.995 -8.7439
15.000 -8.7244
15.005 -8.7098
15.010 -8.7003
15.015 -8.6958
15.020 -8.6961
15.025 -8.7009
15.030 -8.7098
15.035 -8.7225
15.040 -8.7383
15.045 -8.7566
15.050 -8.7766
15.055 -8.7974
15.060 -8.8179
15.065 -8.8371
15.070 -8.8536
15.075 -8.8658
15.080 -8.8719
15.085 -8.8701
15.090 -8.8579
15.095 -8.8330
15.100 -8.7926
15.105 -8.7346
15.110 -8.6566
15.115 -8.5576
15.120 -8.4376
15.125 -8.2991
15.130 -8.1473
15.135 -7.9907
15.140 -7.8410
15.145 -7.7122
15.150 -7.6192
15.155 -7.5747
15.160 -7.5873
15.165 -7.6591
15.170 -7.7855
15.175 -7.9564
15.180 -8.1581
15.185 -8.3761
15.190 -8.5974
15.195 -8.8118
15.200 -9.0120
15.205 -9.1942
15.210 -9.3570
15.215 -9.5008
15.220 -9.6270
15.225 -9.7376
15.230 -9.8347
15.235 -9.9204
15.240 -9.9963
15.245 -10.0636
15.250 -10.1231
15.255 -10.1748
15.260 -10.2187
15.265 -10.2537
15.270 -10.2788
15.275 -10.2920
15.280 -10.2912
15.285 -10.2738
15.290 -10.2368
15.295 -10.1773
15.300 -10.0925
15.305 -9.9801
15.310 -9.8393
15.315 -9.6713
15.320 -9.4808
15.325 -9.2768
15.330 -9.0734
15.335 -8.8898
15.340 -8.7485
15.345 -8.6708
15.350 -8.6724
15.355 -8.7572
15.360 -8.9147
15.365 -9.1205
15.370 -9.3406
15.375 -9.5380
15.380 -9.6797
15.385 -9.7423
15.390 -9.7155
15.395 -9.6038
15.400 -9.4240
15.405 -9.1997
15.410 -8.9509
15.415 -8.6834
15.420 -8.3839
15.425 -8.0255
15.430 -7.5897
15.435 -7.0959
15.440 -6.6232
15.445 -6.3023
15.450 -6.2653
15.455 -6.5738
15.460 -7.1802
15.465 -7.9532
15.470 -8.7439
15.475 -9.4411
15.480 -9.9892
15.485 -10.3788
15.490 -10.6272
15.495 -10.7623
15.500 -10.8128
15.505 -10.8036
15.510 -10.7545
15.515 -10.6803
15.520 -10.5918
15.525 -10.4962
15.530 -10.3987
15.535 -10.3024
15.540 -10.2090
15.545 -10.1197
15.550 -10.0345
15.555 -9.9531
15.560 -9.8749
15.565 -9.7991
15.570 -9.7247
15.575 -9.6505
15.580 -9.5757
15.585 -9.4993
15.590 -9.4207
15.595 -9.3391
15.600 -9.2544
15.605 -9.1665
15.610 -9.0759
15.615 -8.9830
15.620 -8.8887
15.625 -8.7936
15.630 -8.6985
15.635 -8.6037
15.640 -8.5091
15.645 -8.4144
15.650 -8.3189
15.655 -8.2220
15.660 -8.1231
15.665 -8.0226
15.670 -7.9217
15.675 -7.8231
15.680 -7.7310
15.685 -7.6509
15.690 -7.5888
15.695 -7.5507
15.700 -7.5409
15.705 -7.5616
15.710 -7.6119
15.715 -7.6881
15.720 -7.7841
15.725 -7.8921
15.730 -8.0043
15.735 -8.1136
15.740 -8.2139
15.745 -8.3009
15.750 -8.3720
15.755 -8.4260
15.760 -8.4631
15.765 -8.4843
15.770 -8.4911
15.775 -8.4853
15.780 -8.4690
15.785 -8.4441
15.790 -8.4124
15.795 -8.3757
15.800 -8.3354
15.805 -8.2930
15.810 -8.2495
15.815 -8.2059
15.820 -8.1631
15.825 -8.1219
15.830 -8.0828
15.835 -8.0462
15.840 -8.0125
15.845 -7.9820
15.850 -7.9548
15.855 -7.9310
15.860 -7.9105
15.865 -7.8931
15.870 -7.8782
15.875 -7.8655
15.880 -7.8540
15.885 -7.8429
15.890 -7.8309
15.895 -7.8164
15.900 -7.7975
15.905 -7.7719
15.910 -7.7372
15.915 -7.6906
15.920 -7.6293
15.925 -7.5509
15.930 -7.4538
15.935 -7.3376
15.940 -7.2041
15.945 -7.0579
15.950 -6.9070
15.955 -6.7627
15.960 -6.6384
15.965 -6.5482
15.970 -6.5040
15.975 -6.5127
15.980 -6.5742
15.985 -6.6812
15.990 -6.8199
15.995 -6.9727
16.000 -7.1207
16.005 -7.2462
16.010 -7.3338
16.015 -7.3719
16.020 -7.3529
16.025 -7.2736
16.030 -7.1365
16.035 -6.9508
16.040 -6.7337
16.045 -6.5102
16.050 -6.3113
16.055 -6.1691
16.060 -6.1094
16.065 -6.1455
16.070 -6.2744
16.075 -6.4775
16.080 -6.7265
16.085 -6.9907
16.090 -7.2427
16.095 -7.4623
16.100 -7.6373
16.105 -7.7621
16.110 -7.8368
16.115 -7.8647
16.120 -7.8518
16.125 -7.8056
16.130 -7.7348
16.135 -7.6488
16.140 -7.5574
16.145 -7.4705
16.150 -7.3971
16.155 -7.3447
16.160 -7.3186
16.165 -7.3210
16.170 -7.3513
16.175 -7.4063
16.180 -7.4811
16.185 -7.5698
16.190 -7.6662
16.195 -7.7650
16.200 -7.8616
16.205 -7.9522
16.210 -8.0336
16.215 -8.1028
16.220 -8.1560
16.225 -8.1877
16.230 -8.1893
16.235 -8.1473
16.240 -8.0416
16.245 -7.8427
16.250 -7.5100
16.255 -6.9932
16.260 -6.2407
16.265 -5.2232
16.270 -3.9776
16.275 -2.6617
16.280 -1.5702
16.285 -1.0424
16.290 -1.2684
16.295 -2.1534
16.300 -3.3872
16.305 -4.6419
16.310 -5.7086
16.315 -6.5133
16.320 -7.0679
16.325 -7.4196
16.330 -7.6209
16.335 -7.7157
16.340 -7.7369
16.345 -7.7069
16.350 -7.6401
16.355 -7.5448
16.360 -7.4255
16.365 -7.2836
16.370 -7.1190
16.375 -6.9308
16.380 -6.7183
16.385 -6.4821
16.390 -6.2242
16.395 -5.9499
16.400 -5.6675
16.405 -5.3894
16.410 -5.1308
16.415 -4.9089
16.420 -4.7408
16.425 -4.6402
16.430 -4.6154
16.435 -4.6674
16.440 -4.7892
16.445 -4.9675
16.450 -5.1851
16.455 -5.4238
16.460 -5.6666
16.465 -5.9002
16.470 -6.1148
16.475 -6.3045
16.480 -6.4667
16.485 -6.6016
16.490 -6.7108
16.495 -6.7971
16.500 -6.8639
16.505 -6.9145
16.510 -6.9522
16.515 -6.9798
16.520 -6.9999
16.525 -7.0147
16.530 -7.0257
16.535 -7.0340
16.540 -7.0403
16.545 -7.0445
16.550 -7.0461
16.555 -7.0437
16.560 -7.0351
16.565 -7.0169
16.570 -6.9843
16.575 -6.9311
16.580 -6.8492
16.585 -6.7286
16.590 -6.5581
16.595 -6.3261
16.600 -6.0228
16.605 -5.6445
16.610 -5.1992
16.615 -4.7128
16.620 -4.2325
16.625 -3.8238
16.630 -3.5564
16.635 -3.4817
16.640 -3.6132
16.645 -3.9206
16.650 -4.3424
16.655 -4.8083
16.660 -5.2588
16.665 -5.6549
16.670 -5.9782
16.675 -6.2260
16.680 -6.4049
16.685 -6.5255
16.690 -6.5996
16.695 -6.6380
16.700 -6.6500
16.705 -6.6430
16.710 -6.6229
16.715 -6.5941
16.720 -6.5600
16.725 -6.5229
16.730 -6.4847
16.735 -6.4467
16.740 -6.4098
16.745 -6.3745
16.750 -6.3412
16.755 -6.3102
16.760 -6.2817
16.765 -6.2557
16.770 -6.2323
16.775 -6.2115
16.780 -6.1931
16.785 -6.1772
16.790 -6.1635
16.795 -6.1521
16.800 -6.1428
16.805 -6.1354
16.810 -6.1300
16.815 -6.1263
16.820 -6.1242
16.825 -6.1234
16.830 -6.1239
16.835 -6.1253
16.840 -6.1275
16.845 -6.1302
16.850 -6.1331
16.855 -6.1360
16.860 -6.1385
16.865 -6.1403
16.870 -6.1409
16.875 -6.1400
16.880 -6.1372
16.885 -6.1321
16.890 -6.1243
16.895 -6.1133
16.900 -6.0989
16.905 -6.0807
16.910 -6.0587
16.915 -6.0330
16.920 -6.0038
16.925 -5.9715
16.930 -5.9369
16.935 -5.9011
16.940 -5.8652
16.945 -5.8310
16.950 -5.7999
16.955 -5.7737
16.960 -5.7538
16.965 -5.7416
16.970 -5.7379
16.975 -5.7432
16.980 -5.7571
16.985 -5.7792
16.990 -5.8082
16.995 -5.8429
17.000 -5.8814
17.005 -5.9221
17.010 -5.9633
17.015 -6.0035
17.020 -6.0415
17.025 -6.0761
17.030 -6.1066
17.035 -6.1321
17.040 -6.1524
17.045 -6.1670
17.050 -6.1757
17.055 -6.1783
17.060 -6.1748
17.065 -6.1649
17.070 -6.1487
17.075 -6.1259
17.080 -6.0967
17.085 -6.0612
17.090 -6.0195
17.095 -5.9722
17.100 -5.9201
17.105 -5.8641
17.110 -5.8057
17.115 -5.7467
17.120 -5.6890
17.125 -5.6346
17.130 -5.5853
17.135 -5.5429
17.140 -5.5080
17.145 -5.4809
17.150 -5.4605
17.155 -5.4447
17.160 -5.4306
17.165 -5.4143
17.170 -5.3917
17.175 -5.3583
17.180 -5.3106
17.185 -5.2456
17.190 -5.1625
17.195 -5.0621
17.200 -4.9482
17.205 -4.8271
17.210 -4.7078
17.215 -4.6008
17.220 -4.5168
17.225 -4.4650
17.230 -4.4515
17.235 -4.4779
17.240 -4.5412
17.245 -4.6344
17.250 -4.7481
17.255 -4.8720
17.260 -4.9967
17.265 -5.1145
17.270 -5.2199
17.275 -5.3097
17.280 -5.3827
17.285 -5.4392
17.290 -5.4803
17.295 -5.5078
17.300 -5.5240
17.305 -5.5309
17.310 -5.5309
17.315 -5.5257
17.320 -5.5170
17.325 -5.5065
17.330 -5.4955
17.335 -5.4850
17.340 -5.4761
17.345 -5.4697
17.350 -5.4663
17.355 -5.4667
17.360 -5.4715
17.365 -5.4810
17.370 -5.4958
17.375 -5.5160
17.380 -5.5421
17.385 -5.5741
17.390 -5.6123
17.395 -5.6565
17.400 -5.7066
17.405 -5.7622
17.410 -5.8227
17.415 -5.8869
17.420 -5.9531
17.425 -6.0188
17.430 -6.0807
17.435 -6.1337
17.440 -6.1711
17.445 -6.1839
17.450 -6.1600
17.455 -6.0839
17.460 -5.9362
17.465 -5.6937
17.470 -5.3307
17.475 -4.8230
17.480 -4.1540
17.485 -3.3261
17.490 -2.3751
17.495 -1.3827
17.500 -0.4792
17.505 0.1777
17.510 0.4494
17.515 0.2713
17.520 -0.3181
17.525 -1.1938
17.530 -2.1962
17.535 -3.1837
17.540 -4.0608
17.545 -4.7814
17.550 -5.3370
17.555 -5.7418
17.560 -6.0198
17.565 -6.1973
17.570 -6.2987
17.575 -6.3444
17.580 -6.3510
17.585 -6.3314
17.590 -6.2953
17.595 -6.2499
17.600 -6.2005
17.605 -6.1509
17.610 -6.1037
17.615 -6.0608
17.620 -6.0235
17.625 -5.9925
17.630 -5.9684
17.635 -5.9514
17.640 -5.9417
17.645 -5.9393
17.650 -5.9442
17.655 -5.9561
17.660 -5.9750
17.665 -6.0007
17.670 -6.0330
17.675 -6.0718
17.680 -6.1168
17.685 -6.1678
17.690 -6.2245
17.695 -6.2867
17.700 -6.3540
17.705 -6.4261
17.710 -6.5025
17.715 -6.5828
17.720 -6.6664
17.725 -6.7526
17.730 -6.8406
17.735 -6.9295
17.740 -7.0183
17.745 -7.1057
17.750 -7.1906
17.755 -7.2715
17.760 -7.3474
17.765 -7.4170
17.770 -7.4796
17.775 -7.5348
17.780 -7.5833
17.785 -7.6264
17.790 -7.6664
17.795 -7.7071
17.800 -7.7526
17.805 -7.8073
17.810 -7.8748
17.815 -7.9563
17.820 -8.0498
17.825 -8.1482
17.830 -8.2386
17.835 -8.3020
17.840 -8.3144
17.845 -8.2489
17.850 -8.0805
17.855 -7.7947
17.860 -7.3992
17.865 -6.9379
17.870 -6.4969
17.875 -6.1935
17.880 -6.1385
17.885 -6.3883
17.890 -6.9162
17.895 -7.6268
17.900 -8.4000
17.905 -9.1353
17.910 -9.7718
17.915 -10.2865
17.920 -10.6823
17.925 -10.9750
17.930 -11.1846
17.935 -11.3298
17.940 -11.4263
17.945 -11.4858
17.950 -11.5161
17.955 -11.5222
17.960 -11.5061
17.965 -11.4681
17.970 -11.4067
17.975 -11.3198
17.980 -11.2046
17.985 -11.0595
17.990 -10.8847
17.995 -10.6837
18.000 -10.4645
18.005 -10.2406
18.010 -10.0305
18.015 -9.8559
18.020 -9.7379
18.025 -9.6928
18.030 -9.7280
18.035 -9.8399
18.040 -10.0153
18.045 -10.2344
18.050 -10.4750
18.055 -10.7165
18.060 -10.9419
18.065 -11.1387
18.070 -11.2983
18.075 -11.4156
18.080 -11.4881
18.085 -11.5155
18.090 -11.4995
18.095 -11.4439
18.100 -11.3548
18.105 -11.2408
18.110 -11.1123
18.115 -10.9802
18.120 -10.8547
18.125 -10.7429
18.130 -10.6475
18.135 -10.5656
18.140 -10.4893
18.145 -10.4079
18.150 -10.3103
18.155 -10.1885
18.160 -10.0405
18.165 -9.8724
18.170 -9.6988
18.175 -9.5408
18.180 -9.4222
18.185 -9.3635
18.190 -9.3770
18.195 -9.4631
18.200 -9.6110
18.205 -9.8014
18.210 -10.0126
18.215 -10.2240
18.220 -10.4200
18.225 -10.5904
18.230 -10.7304
18.235 -10.8391
18.240 -10.9182
18.245 -10.9706
18.250 -10.9998
18.255 -11.0091
18.260 -11.0011
18.265 -10.9777
18.270 -10.9402
18.275 -10.8889
18.280 -10.8236
18.285 -10.7434
18.290 -10.6470
18.295 -10.5324
18.300 -10.3972
18.305 -10.2385
18.310 -10.0529
18.315 -9.8363
18.320 -9.5847
18.325 -9.2940
18.330 -8.9620
18.335 -8.5906
18.340 -8.1887
18.345 -7.7762
18.350 -7.3862
18.355 -7.0632
18.360 -6.8553
18.365 -6.8007
18.370 -6.9139
18.375 -7.1790
18.380 -7.5542
18.385 -7.9848
18.390 -8.4185
18.395 -8.8153
18.400 -9.1514
18.405 -9.4169
18.410 -9.6123
18.415 -9.7441
18.420 -9.8217
18.425 -9.8551
18.430 -9.8534
18.435 -9.8250
18.440 -9.7766
18.445 -9.7138
18.450 -9.6410
18.455 -9.5614
18.460 -9.4774
18.465 -9.3909
18.470 -9.3030
18.475 -9.2144
18.480 -9.1253
18.485 -9.0357
18.490 -8.9452
18.495 -8.8532
18.500 -8.7590
18.505 -8.6620
18.510 -8.5613
18.515 -8.4561
18.520 -8.3461
18.525 -8.2312
18.530 -8.1117
18.535 -7.9888
18.540 -7.8642
18.545 -7.7406
18.550 -7.6214
18.555 -7.5105
18.560 -7.4123
18.565 -7.3309
18.570 -7.2697
18.575 -7.2309
18.580 -7.2154
18.585 -7.2224
18.590 -7.2496
18.595 -7.2933
18.600 -7.3494
18.605 -7.4135
18.610 -7.4814
18.615 -7.5493
18.620 -7.6143
18.625 -7.6744
18.630 -7.7281
18.635 -7.7746
18.640 -7.8138
18.645 -7.8457
18.650 -7.8708
18.655 -7.8896
18.660 -7.9028
18.665 -7.9109
18.670 -7.9146
18.675 -7.9146
18.680 -7.9116
18.685 -7.9061
18.690 -7.8989
18.695 -7.8905
18.700 -7.8818
18.705 -7.8732
18.710 -7.8657
18.715 -7.8601
18.720 -7.8570
18.725 -7.8574
18.730 -7.8620
18.735 -7.8713
18.740 -7.8860
18.745 -7.9064
18.750 -7.9328
18.755 -7.9651
18.760 -8.0032
18.765 -8.0467
18.770 -8.0950
18.775 -8.1476
18.780 -8.2035
18.785 -8.2617
18.790 -8.3212
18.795 -8.3804
18.800 -8.4379
18.805 -8.4921
18.810 -8.5413
18.815 -8.5836
18.820 -8.6174
18.825 -8.6411
18.830 -8.6535
18.835 -8.6538
18.840 -8.6415
18.845 -8.6171
18.850 -8.5814
18.855 -8.5358
18.860 -8.4818
18.865 -8.4213
18.870 -8.3557
18.875 -8.2862
18.880 -8.2138
18.885 -8.1394
18.890 -8.0640
18.895 -7.9897
18.900 -7.9195
18.905 -7.8575
18.910 -7.8086
18.915 -7.7776
18.920 -7.7684
18.925 -7.7831
18.930 -7.8210
18.935 -7.8796
18.940 -7.9539
18.945 -8.0384
18.950 -8.1272
18.955 -8.2151
18.960 -8.2982
18.965 -8.3735
18.970 -8.4393
18.975 -8.4943
18.980 -8.5379
18.985 -8.5695
18.990 -8.5886
18.995 -8.5949
19.000 -8.5876
19.005 -8.5666
19.010 -8.5317
19.015 -8.4829
19.020 -8.4210
19.025 -8.3468
19.030 -8.2617
19.035 -8.1678
19.040 -8.0674
19.045 -7.9632
19.050 -7.8584
19.055 -7.7562
19.060 -7.6597
19.065 -7.5716
19.070 -7.4941
19.075 -7.4287
19.080 -7.3760
19.085 -7.3356
19.090 -7.3065
19.095 -7.2870
19.100 -7.2750
19.105 -7.2683
19.110 -7.2647
19.115 -7.2622
19.120 -7.2592
19.125 -7.2544
19.130 -7.2469
19.135 -7.2361
19.140 -7.2219
19.145 -7.2041
19.150 -7.1831
19.155 -7.1593
19.160 -7.1330
19.165 -7.1046
19.170 -7.0748
19.175 -7.0439
19.180 -7.0125
19.185 -6.9809
19.190 -6.9495
19.195 -6.9188
19.200 -6.8890
19.205 -6.8604
19.210 -6.8332
19.215 -6.8076
19.220 -6.7839
19.225 -6.7622
19.230 -6.7427
19.235 -6.7253
19.240 -6.7103
19.245 -6.6975
19.250 -6.6872
19.255 -6.6792
19.260 -6.6738
19.265 -6.6709
19.270 -6.6706
19.275 -6.6730
19.280 -6.6780
19.285 -6.6856
19.290 -6.6958
19.295 -6.7088
19.300 -6.7244
19.305 -6.7427
19.310 -6.7637
19.315 -6.7874
19.320 -6.8137
19.325 -6.8426
19.330 -6.8741
19.335 -6.9081
19.340 -6.9446
19.345 -6.9836
19.350 -7.0249
19.355 -7.0686
19.360 -7.1144
19.365 -7.1623
19.370 -7.2122
19.375 -7.2639
19.380 -7.3173
19.385 -7.3722
19.390 -7.4283
19.395 -7.4854
19.400 -7.5433
19.405 -7.6017
19.410 -7.6602
19.415 -7.7185
19.420 -7.7763
19.425 -7.8333
19.430 -7.8889
19.435 -7.9431
19.440 -7.9952
19.445 -8.0450
19.450 -8.0921
19.455 -8.1362
19.460 -8.1771
19.465 -8.2147
19.470 -8.2488
19.475 -8.2794
19.480 -8.3067
19.485 -8.3310
19.490 -8.3526
19.495 -8.3720
19.500 -8.3899
19.505 -8.4069
19.510 -8.4236
19.515 -8.4410
19.520 -8.4594
19.525 -8.4795
19.530 -8.5016
19.535 -8.5258
19.540 -8.5521
19.545 -8.5801
19.550 -8.6092
19.555 -8.6388
19.560 -8.6680
19.565 -8.6960
19.570 -8.7219
19.575 -8.7450
19.580 -8.7650
19.585 -8.7814
19.590 -8.7943
19.595 -8.8039
19.600 -8.8105
19.605 -8.8148
19.610 -8.8174
19.615 -8.8190
19.620 -8.8200
19.625 -8.8210
19.630 -8.8223
19.635 -8.8239
19.640 -8.8257
19.645 -8.8276
19.650 -8.8289
19.655 -8.8292
19.660 -8.8279
19.665 -8.8243
19.670 -8.8178
19.675 -8.8078
19.680 -8.7940
19.685 -8.7759
19.690 -8.7534
19.695 -8.7264
19.700 -8.6948
19.705 -8.6588
19.710 -8.6185
19.715 -8.5744
19.720 -8.5267
19.725 -8.4759
19.730 -8.4227
19.735 -8.3676
19.740 -8.3114
19.745 -8.2549
19.750 -8.1987
19.755 -8.1438
19.760 -8.0908
19.765 -8.0405
19.770 -7.9934
19.775 -7.9504
19.780 -7.9116
19.785 -7.8776
19.790 -7.8486
19.795 -7.8245
19.800 -7.8055
19.805 -7.7912
19.810 -7.7817
19.815 -7.7765
19.820 -7.7755
19.825 -7.7783
19.830 -7.7847
19.835 -7.7944
19.840 -7.8071
19.845 -7.8227
19.850 -7.8407
19.855 -7.8609
19.860 -7.8829
19.865 -7.9059
19.870 -7.9289
19.875 -7.9502
19.880 -7.9673
19.885 -7.9762
19.890 -7.9712
19.895 -7.9434
19.900 -7.8804
19.905 -7.7639
19.910 -7.5691
19.915 -7.2634
19.920 -6.8077
19.925 -6.1633
19.930 -5.3078
19.935 -4.2649
19.940 -3.1405
19.945 -2.1387
19.950 -1.5158
19.955 -1.4594
19.960 -1.9730
19.965 -2.8744
19.970 -3.9089
19.975 -4.8709
19.980 -5.6525
19.985 -6.2289
19.990 -6.6220
19.995 -6.8702
20.000 -7.0127
20.005 -7.0817
20.010 -7.1020
20.015 -7.0911
20.020 -7.0613
20.025 -7.0207
20.030 -6.9747
20.035 -6.9268
20.040 -6.8793
20.045 -6.8333
20.050 -6.7897
20.055 -6.7489
20.060 -6.7112
20.065 -6.6769
20.070 -6.6459
20.075 -6.6184
20.080 -6.5945
20.085 -6.5740
20.090 -6.5570
20.095 -6.5436
20.100 -6.5338
20.105 -6.5277
20.110 -6.5254
20.115 -6.5271
20.120 -6.5327
20.125 -6.5424
20.130 -6.5563
20.135 -6.5744
20.140 -6.5970
20.145 -6.6241
20.150 -6.6559
20.155 -6.6925
20.160 -6.7339
20.165 -6.7803
20.170 -6.8317
20.175 -6.8881
20.180 -6.9493
20.185 -7.0152
20.190 -7.0855
20.195 -7.1596
20.200 -7.2367
20.205 -7.3154
20.210 -7.3938
20.215 -7.4693
20.220 -7.5380
20.225 -7.5950
20.230 -7.6332
20.235 -7.6435
20.240 -7.6143
20.245 -7.5315
20.250 -7.3792
20.255 -7.1418
20.260 -6.8089
20.265 -6.3823
20.270 -5.8854
20.275 -5.3719
20.280 -4.9252
20.285 -4.6418
20.290 -4.5995
20.295 -4.8242
20.300 -5.2770
20.305 -5.8727
20.310 -6.5137
20.315 -7.1201
20.320 -7.6429
20.325 -8.0617
20.330 -8.3760
20.335 -8.5955
20.340 -8.7341
20.345 -8.8055
20.350 -8.8217
20.355 -8.7929
20.360 -8.7276
20.365 -8.6338
20.370 -8.5193
20.375 -8.3933
20.380 -8.2659
20.385 -8.1485
20.390 -8.0531
20.395 -7.9905
20.400 -7.9693
20.405 -7.9941
20.410 -8.0648
20.415 -8.1769
20.420 -8.3220
20.425 -8.4898
20.430 -8.6699
20.435 -8.8526
20.440 -9.0302
20.445 -9.1974
20.450 -9.3507
20.455 -9.4885
20.460 -9.6104
20.465 -9.7164
20.470 -9.8072
20.475 -9.8829
20.480 -9.9434
20.485 -9.9880
20.490 -10.0152
20.495 -10.0223
20.500 -10.0059
20.505 -9.9612
20.510 -9.8829
20.515 -9.7650
20.520 -9.6022
20.525 -9.3911
20.530 -9.1323
20.535 -8.8332
20.540 -8.5101
20.545 -8.1892
20.550 -7.9053
20.555 -7.6949
20.560 -7.5883
20.565 -7.6002
20.570 -7.7250
20.575 -7.9387
20.580 -8.2065
20.585 -8.4921
20.590 -8.7659
20.595 -9.0079
20.600 -9.2087
20.605 -9.3671
20.610 -9.4877
20.615 -9.5784
20.620 -9.6487
20.625 -9.7078
20.630 -9.7642
20.635 -9.8249
20.640 -9.8948
20.645 -9.9770
20.650 -10.0725
20.655 -10.1805
20.660 -10.2987
20.665 -10.4240
20.670 -10.5531
20.675 -10.6824
20.680 -10.8089
20.685 -10.9302
20.690 -11.0446
20.695 -11.1510
20.700 -11.2487
20.705 -11.3378
20.710 -11.4186
20.715 -11.4915
20.720 -11.5570
20.725 -11.6159
20.730 -11.6685
20.735 -11.7154
20.740 -11.7568
20.745 -11.7928
20.750 -11.8234
20.755 -11.8484
20.760 -11.8671
20.765 -11.8791
20.770 -11.8834
20.775 -11.8792
20.780 -11.8655
20.785 -11.8413
20.790 -11.8056
20.795 -11.7579
20.800 -11.6981
20.805 -11.6268
20.810 -11.5454
20.815 -11.4564
20.820 -11.3636
20.825 -11.2718
20.830 -11.1866
20.835 -11.1143
20.840 -11.0608
20.845 -11.0313
20.850 -11.0290
20.855 -11.0556
20.860 -11.1101
20.865 -11.1898
20.870 -11.2903
20.875 -11.4060
20.880 -11.5309
20.885 -11.6589
20.890 -11.7839
20.895 -11.9000
20.900 -12.0014
20.905 -12.0819
20.910 -12.1355
20.915 -12.1556
20.920 -12.1353
20.925 -12.0681
20.930 -11.9482
20.935 -11.7721
20.940 -11.5399
20.945 -11.2577
20.950 -10.9392
20.955 -10.6064
20.960 -10.2878
20.965 -10.0147
20.970 -9.8141
20.975 -9.7022
20.980 -9.6811
20.985 -9.7390
20.990 -9.8553
20.995 -10.0076
21.000 -10.1759
21.005 -10.3467
21.010 -10.5122
21.015 -10.6690
21.020 -10.8162
21.025 -10.9536
21.030 -11.0804
21.035 -11.1955
21.040 -11.2971
21.045 -11.3833
21.050 -11.4527
21.055 -11.5045
21.060 -11.5387
21.065 -11.5561
21.070 -11.5581
21.075 -11.5465
21.080 -11.5235
21.085 -11.4914
21.090 -11.4523
21.095 -11.4082
21.100 -11.3610
21.105 -11.3123
21.110 -11.2632
21.115 -11.2146
21.120 -11.1671
21.125 -11.1209
21.130 -11.0759
21.135 -11.0318
21.140 -10.9878
21.145 -10.9430
21.150 -10.8962
21.155 -10.8457
21.160 -10.7898
21.165 -10.7265
21.170 -10.6537
21.175 -10.5691
21.180 -10.4705
21.185 -10.3564
21.190 -10.2256
21.195 -10.0778
21.200 -9.9141
21.205 -9.7374
21.210 -9.5527
21.215 -9.3670
21.220 -9.1894
21.225 -9.0304
21.230 -8.9009
21.235 -8.8111
21.240 -8.7690
21.245 -8.7789
21.250 -8.8411
21.255 -8.9516
21.260 -9.1026
21.265 -9.2839
21.270 -9.4842
21.275 -9.6921
21.280 -9.8972
21.285 -10.0908
21.290 -10.2659
21.295 -10.4169
21.300 -10.5399
21.305 -10.6320
21.310 -10.6910
21.315 -10.7156
21.320 -10.7051
21.325 -10.6599
21.330 -10.5812
21.335 -10.4722
21.340 -10.3374
21.345 -10.1835
21.350 -10.0191
21.355 -9.8541
21.360 -9.6990
21.365 -9.5638
21.370 -9.4567
21.375 -9.3834
21.380 -9.3456
21.385 -9.3424
21.390 -9.3695
21.395 -9.4206
21.400 -9.4882
21.405 -9.5640
21.410 -9.6396
21.415 -9.7070
21.420 -9.7586
21.425 -9.7879
21.430 -9.7895
21.435 -9.7598
21.440 -9.6970
21.445 -9.6020
21.450 -9.4784
21.455 -9.3322
21.460 -9.1723
21.465 -9.0088
21.470 -8.8524
21.475 -8.7126
21.480 -8.5962
21.485 -8.5067
21.490 -8.4440
21.495 -8.4051
21.500 -8.3856
21.505 -8.3811
21.510 -8.3884
21.515 -8.4060
21.520 -8.4342
21.525 -8.4740
21.530 -8.5269
21.535 -8.5934
21.540 -8.6729
21.545 -8.7635
21.550 -8.8617
21.555 -8.9628
21.560 -9.0614
21.565 -9.1513
21.570 -9.2259
21.575 -9.2782
21.580 -9.3007
21.585 -9.2859
21.590 -9.2269
21.595 -9.1181
21.600 -8.9574
21.605 -8.7484
21.610 -8.5028
21.615 -8.2418
21.620 -7.9962
21.625 -7.8019
21.630 -7.6920
21.635 -7.6877
21.640 -7.7914
21.645 -7.9861
21.650 -8.2411
21.655 -8.5205
21.660 -8.7920
21.665 -9.0315
21.670 -9.2246
21.675 -9.3650
21.680 -9.4521
21.685 -9.4888
21.690 -9.4791
21.695 -9.4274
21.700 -9.3376
21.705 -9.2129
21.710 -9.0563
21.715 -8.8708
21.720 -8.6601
21.725 -8.4289
21.730 -8.1839
21.735 -7.9336
21.740 -7.6887
21.745 -7.4616
21.750 -7.2654
21.755 -7.1127
21.760 -7.0139
21.765 -6.9752
21.770 -6.9982
21.775 -7.0786
21.780 -7.2072
21.785 -7.3713
21.790 -7.5564
21.795 -7.7481
21.800 -7.9337
21.805 -8.1031
21.810 -8.2492
21.815 -8.3679
21.820 -8.4571
21.825 -8.5171
21.830 -8.5491
21.835 -8.5554
21.840 -8.5391
21.845 -8.5036
21.850 -8.4527
21.855 -8.3908
21.860 -8.3223
21.865 -8.2523
21.870 -8.1855
21.875 -8.1270
21.880 -8.0813
21.885 -8.0521
21.890 -8.0423
21.895 -8.0534
21.900 -8.0854
21.905 -8.1372
21.910 -8.2065
21.915 -8.2904
21.920 -8.3857
21.925 -8.4892
21.930 -8.5979
21.935 -8.7093
21.940 -8.8216
21.945 -8.9334
21.950 -9.0436
21.955 -9.1516
21.960 -9.2568
21.965 -9.3588
21.970 -9.4568
21.975 -9.5500
21.980 -9.6368
21.985 -9.7154
21.990 -9.7832
21.995 -9.8370
22.000 -9.8728
22.005 -9.8862
22.010 -9.8727
22.015 -9.8280
22.020 -9.7494
22.025 -9.6367
22.030 -9.4940
22.035 -9.3305
22.040 -9.1616
22.045 -9.0072
22.050 -8.8891
22.055 -8.8259
22.060 -8.8281
22.065 -8.8949
22.070 -9.0147
22.075 -9.1684
22.080 -9.3356
22.085 -9.4998
22.090 -9.6521
22.095 -9.7916
22.100 -9.9237
22.105 -10.0565
22.110 -10.1965
22.115 -10.3457
22.120 -10.4998
22.125 -10.6489
22.130 -10.7797
22.135 -10.8787
22.140 -10.9357
22.145 -10.9464
22.150 -10.9147
22.155 -10.8525
22.160 -10.7788
22.165 -10.7156
22.170 -10.6830
22.175 -10.6937
22.180 -10.7495
22.185 -10.8409
22.190 -10.9510
22.195 -11.0613
22.200 -11.1574
22.205 -11.2333
22.210 -11.2929
22.215 -11.3473
22.220 -11.4118
22.225 -11.4993
22.230 -11.6170
22.235 -11.7630
22.240 -11.9272
22.245 -12.0936
22.250 -12.2438
22.255 -12.3608
22.260 -12.4316
22.265 -12.4483
22.270 -12.4088
22.275 -12.3166
22.280 -12.1810
22.285 -12.0160
22.290 -11.8392
22.295 -11.6698
22.300 -11.5256
22.305 -11.4200
22.310 -11.3597
22.315 -11.3437
22.320 -11.3645
22.325 -11.4102
22.330 -11.4686
22.335 -11.5288
22.340 -11.5841
22.345 -11.6311
22.350 -11.6702
22.355 -11.7034
22.360 -11.7340
22.365 -11.7645
22.370 -11.7964
22.375 -11.8300
22.380 -11.8645
22.385 -11.8981
22.390 -11.9290
22.395 -11.9552
22.400 -11.9756
22.405 -11.9894
22.410 -11.9969
22.415 -11.9986
22.420 -11.9957
22.425 -11.9898
22.430 -11.9826
22.435 -11.9759
22.440 -11.9711
22.445 -11.9695
22.450 -11.9717
22.455 -11.9778
22.460 -11.9869
22.465 -11.9970
22.470 -12.0048
22.475 -12.0054
22.480 -11.9920
22.485 -11.9559
22.490 -11.8867
22.495 -11.7721
22.500 -11.5986
22.505 -11.3522
22.510 -11.0194
22.515 -10.5881
22.520 -10.0481
22.525 -9.3922
22.530 -8.6186
22.535 -7.7378
22.540 -6.7886
22.545 -5.8614
22.550 -5.1140
22.555 -4.7483
22.560 -4.9263
22.565 -5.6700
22.570 -6.8308
22.575 -8.1661
22.580 -9.4514
22.585 -10.5466
22.590 -11.3995
22.595 -12.0163
22.600 -12.4309
22.605 -12.6843
22.610 -12.8140
22.615 -12.8500
22.620 -12.8143
22.625 -12.7219
22.630 -12.5813
22.635 -12.3965
22.640 -12.1675
22.645 -11.8925
22.650 -11.5683
22.655 -11.1938
22.660 -10.7721
22.665 -10.3140
22.670 -9.8406
22.675 -9.3843
22.680 -8.9852
22.685 -8.6836
22.690 -8.5088
22.695 -8.4696
22.700 -8.5512
22.705 -8.7204
22.710 -8.9358
22.715 -9.1582
22.720 -9.3580
22.725 -9.5172
22.730 -9.6286
22.735 -9.6927
22.740 -9.7149
22.745 -9.7029
22.750 -9.6652
22.755 -9.6099
22.760 -9.5436
22.765 -9.4716
22.770 -9.3977
22.775 -9.3240
22.780 -9.2511
22.785 -9.1788
22.790 -9.1061
22.795 -9.0316
22.800 -8.9542
22.805 -8.8731
22.810 -8.7885
22.815 -8.7014
22.820 -8.6139
22.825 -8.5295
22.830 -8.4525
22.835 -8.3879
22.840 -8.3409
22.845 -8.3162
22.850 -8.3169
22.855 -8.3443
22.860 -8.3974
22.865 -8.4731
22.870 -8.5660
22.875 -8.6695
22.880 -8.7758
22.885 -8.8761
22.890 -8.9616
22.895 -9.0222
22.900 -9.0471
22.905 -9.0244
22.910 -8.9404
22.915 -8.7807
22.920 -8.5318
22.925 -8.1848
22.930 -7.7415
22.935 -7.2224
22.940 -6.6739
22.945 -6.1688
22.950 -5.7928
22.955 -5.6189
22.960 -5.6784
22.965 -5.9472
22.970 -6.3571
22.975 -6.8244
22.980 -7.2766
22.985 -7.6670
22.990 -7.9749
22.995 -8.1989
23.000 -8.3488
23.005 -8.4392
23.010 -8.4851
23.015 -8.5002
23.020 -8.4958
23.025 -8.4808
23.030 -8.4621
23.035 -8.4447
23.040 -8.4322
23.045 -8.4270
23.050 -8.4303
23.055 -8.4425
23.060 -8.4632
23.065 -8.4909
23.070 -8.5229
23.075 -8.5552
23.080 -8.5821
23.085 -8.5954
23.090 -8.5846
23.095 -8.5354
23.100 -8.4302
23.105 -8.2470
23.110 -7.9614
23.115 -7.5484
23.120 -6.9886
23.125 -6.2793
23.130 -5.4489
23.135 -4.5722
23.140 -3.7757
23.145 -3.2164
23.150 -3.0309
23.155 -3.2750
23.160 -3.8968
23.165 -4.7635
23.170 -5.7202
23.175 -6.6407
23.180 -7.4490
23.185 -8.1143
23.190 -8.6371
23.195 -9.0346
23.200 -9.3303
23.205 -9.5483
23.210 -9.7098
23.215 -9.8329
23.220 -9.9316
23.225 -10.0170
23.230 -10.0972
23.235 -10.1782
23.240 -10.2639
23.245 -10.3566
23.250 -10.4575
23.255 -10.5664
23.260 -10.6815
23.265 -10.7999
23.270 -10.9169
23.275 -11.0254
23.280 -11.1159
23.285 -11.1754
23.290 -11.1874
23.295 -11.1317
23.300 -10.9848
23.305 -10.7230
23.310 -10.3281
23.315 -9.7962
23.320 -9.1495
23.325 -8.4445
23.330 -7.7678
23.335 -7.2112
23.340 -6.8332
23.345 -6.6286
23.350 -6.5346
23.355 -6.4700
23.360 -6.3823
23.365 -6.2735
23.370 -6.1953
23.375 -6.2204
23.380 -6.4094
23.385 -6.7866
23.390 -7.3356
23.395 -8.0088
23.400 -8.7452
23.405 -9.4856
23.410 -10.1824
23.415 -10.8044
23.420 -11.3362
23.425 -11.7745
23.430 -12.1251
23.435 -12.3981
23.440 -12.6063
23.445 -12.7621
23.450 -12.8774
23.455 -12.9625
23.460 -13.0259
23.465 -13.0747
23.470 -13.1142
23.475 -13.1486
23.480 -13.1808
23.485 -13.2126
23.490 -13.2447
23.495 -13.2771
23.500 -13.3090
23.505 -13.3385
23.510 -13.3630
23.515 -13.3790
23.520 -13.3821
23.525 -13.3670
23.530 -13.3274
23.535 -13.2565
23.540 -13.1473
23.545 -12.9937
23.550 -12.7917
23.555 -12.5411
23.560 -12.2475
23.565 -11.9237
23.570 -11.5895
23.575 -11.2687
23.580 -10.9852
23.585 -10.7563
23.590 -10.5890
23.595 -10.4797
23.600 -10.4180
23.605 -10.3934
23.610 -10.4002
23.615 -10.4385
23.620 -10.5112
23.625 -10.6193
23.630 -10.7572
23.635 -10.9124
23.640 -11.0679
23.645 -11.2065
23.650 -11.3146
23.655 -11.3831
23.660 -11.4075
23.665 -11.3872
23.670 -11.3244
23.675 -11.2261
23.680 -11.1053
23.685 -10.9817
23.690 -10.8807
23.695 -10.8280
23.700 -10.8424
23.705 -10.9296
23.710 -11.0796
23.715 -11.2698
23.720 -11.4712
23.725 -11.6557
23.730 -11.8015
23.735 -11.8945
23.740 -11.9287
23.745 -11.9038
23.750 -11.8233
23.755 -11.6929
23.760 -11.5196
23.765 -11.3112
23.770 -11.0765
23.775 -10.8261
23.780 -10.5722
23.785 -10.3291
23.790 -10.1122
23.795 -9.9362
23.800 -9.8124
23.805 -9.7470
23.810 -9.7392
23.815 -9.7814
23.820 -9.8610
23.825 -9.9627
23.830 -10.0713
23.835 -10.1738
23.840 -10.2605
23.845 -10.3251
23.850 -10.3648
23.855 -10.3790
23.860 -10.3691
23.865 -10.3373
23.870 -10.2870
23.875 -10.2213
23.880 -10.1437
23.885 -10.0577
23.890 -9.9662
23.895 -9.8719
23.900 -9.7767
23.905 -9.6819
23.910 -9.5872
23.915 -9.4912
23.920 -9.3908
23.925 -9.2807
23.930 -9.1544
23.935 -9.0037
23.940 -8.8199
23.945 -8.5956
23.950 -8.3270
23.955 -8.0166
23.960 -7.6770
23.965 -7.3330
23.970 -7.0206
23.975 -6.7820
23.980 -6.6552
23.985 -6.6623
23.990 -6.8022
23.995 -7.0503
24.000 -7.3672
24.005 -7.7099
24.010 -8.0418
24.015 -8.3375
24.020 -8.5837
24.025 -8.7766
24.030 -8.9186
24.035 -9.0160
24.040 -9.0761
24.045 -9.1063
24.050 -9.1135
24.055 -9.1036
24.060 -9.0813
24.065 -9.0504
24.070 -9.0142
24.075 -8.9749
24.080 -8.9343
24.085 -8.8938
24.090 -8.8545
24.095 -8.8170
24.100 -8.7819
24.105 -8.7496
24.110 -8.7202
24.115 -8.6939
24.120 -8.6707
24.125 -8.6507
24.130 -8.6336
24.135 -8.6194
24.140 -8.6077
24.145 -8.5985
24.150 -8.5915
24.155 -8.5861
24.160 -8.5822
24.165 -8.5792
24.170 -8.5767
24.175 -8.5742
24.180 -8.5710
24.185 -8.5667
24.190 -8.5607
24.195 -8.5523
24.200 -8.5411
24.205 -8.5266
24.210 -8.5084
24.215 -8.4863
24.220 -8.4605
24.225 -8.4311
24.230 -8.3990
24.235 -8.3653
24.240 -8.3315
24.245 -8.2993
24.250 -8.2709
24.255 -8.2486
24.260 -8.2345
24.265 -8.2304
24.270 -8.2379
24.275 -8.2577
24.280 -8.2898
24.285 -8.3336
24.290 -8.3879
24.295 -8.4509
24.300 -8.5206
24.305 -8.5949
24.310 -8.6715
24.315 -8.7489
24.320 -8.8254
24.325 -8.9000
24.330 -8.9719
24.335 -9.0408
24.340 -9.1064
24.345 -9.1688
24.350 -9.2282
24.355 -9.2848
24.360 -9.3391
24.365 -9.3915
24.370 -9.4421
24.375 -9.4911
24.380 -9.5387
24.385 -9.5850
24.390 -9.6297
24.395 -9.6727
24.400 -9.7135
24.405 -9.7513
24.410 -9.7853
24.415 -9.8141
24.420 -9.8364
24.425 -9.8501
24.430 -9.8531
24.435 -9.8426
24.440 -9.8153
24.445 -9.7677
24.450 -9.6962
24.455 -9.5969
24.460 -9.4665
24.465 -9.3029
24.470 -9.1060
24.475 -8.8789
24.480 -8.6290
24.485 -8.3689
24.490 -8.1166
24.495 -7.8937
24.500 -7.7231
24.505 -7.6247
24.510 -7.6105
24.515 -7.6825
24.520 -7.8318
24.525 -8.0412
24.530 -8.2892
24.535 -8.5540
24.540 -8.8169
24.545 -9.0639
24.550 -9.2859
24.555 -9.4781
24.560 -9.6392
24.565 -9.7701
24.570 -9.8730
24.575 -9.9511
24.580 -10.0076
24.585 -10.0457
24.590 -10.0687
24.595 -10.0792
24.600 -10.0800
24.605 -10.0733
24.610 -10.0612
24.615 -10.0454
24.620 -10.0276
24.625 -10.0089
24.630 -9.9905
24.635 -9.9736
24.640 -9.9590
24.645 -9.9474
24.650 -9.9394
24.655 -9.9356
24.660 -9.9362
24.665 -9.9415
24.670 -9.9517
24.675 -9.9668
24.680 -9.9868
24.685 -10.0116
24.690 -10.0410
24.695 -10.0747
24.700 -10.1123
24.705 -10.1534
24.710 -10.1975
24.715 -10.2440
24.720 -10.2924
24.725 -10.3421
24.730 -10.3923
24.735 -10.4423
24.740 -10.4914
24.745 -10.5385
24.750 -10.5830
24.755 -10.6237
24.760 -10.6598
24.765 -10.6903
24.770 -10.7143
24.775 -10.7311
24.780 -10.7402
24.785 -10.7418
24.790 -10.7362
24.795 -10.7246
24.800 -10.7088
24.805 -10.6914
24.810 -10.6758
24.815 -10.6653
24.820 -10.6632
24.825 -10.6721
24.830 -10.6926
24.835 -10.7231
24.840 -10.7592
24.845 -10.7936
24.850 -10.8163
24.855 -10.8168
24.860 -10.7861
24.865 -10.7200
24.870 -10.6231
24.875 -10.5120
24.880 -10.4159
24.885 -10.3724
24.890 -10.4169
24.895 -10.5700
24.900 -10.8256
24.905 -11.1471
24.910 -11.4732
24.915 -11.7311
24.920 -11.8499
24.925 -11.7756
24.930 -11.4859
24.935 -11.0087
24.940 -10.4372
24.945 -9.9244
24.950 -9.6410
24.955 -9.6998
24.960 -10.0974
24.965 -10.7213
24.970 -11.4160
24.975 -12.0543
24.980 -12.5702
24.985 -12.9539
24.990 -13.2295
24.995 -13.4321
25.000 -13.5927
25.005 -13.7306
25.010 -13.8518
25.015 -13.9515
25.020 -14.0182
25.025 -14.0379
25.030 -13.9976
25.035 -13.8889
25.040 -13.7108
25.045 -13.4731
25.050 -13.1987
25.055 -12.9238
25.060 -12.6933
25.065 -12.5506
25.070 -12.5238
25.075 -12.6127
25.080 -12.7839
25.085 -12.9748
25.090 -13.1042
25.095 -13.0840
25.100 -12.8310
25.105 -12.2831
25.110 -11.4274
25.115 -10.3435
25.120 -9.2396
25.125 -8.4267
25.130 -8.1865
25.135 -8.5990
25.140 -9.4917
25.145 -10.5650
25.150 -11.5617
25.155 -12.3477
25.160 -12.8977
25.165 -13.2468
25.170 -13.4499
25.175 -13.5598
25.180 -13.6174
25.185 -13.6512
25.190 -13.6785
25.195 -13.7080
25.200 -13.7426
25.205 -13.7815
25.210 -13.8223
25.215 -13.8614
25.220 -13.8956
25.225 -13.9219
25.230 -13.9381
25.235 -13.9426
25.240 -13.9344
25.245 -13.9131
25.250 -13.8787
25.255 -13.8315
25.260 -13.7723
25.265 -13.7020
25.270 -13.6221
25.275 -13.5342
25.280 -13.4402
25.285 -13.3422
25.290 -13.2423
25.295 -13.1425
25.300 -13.0443
25.305 -12.9485
25.310 -12.8547
25.315 -12.7611
25.320 -12.6641
25.325 -12.5583
25.330 -12.4364
25.335 -12.2897
25.340 -12.1092
25.345 -11.8873
25.350 -11.6207
25.355 -11.3141
25.360 -10.9838
25.365 -10.6593
25.370 -10.3819
25.375 -10.1964
25.380 -10.1383
25.385 -10.2217
25.390 -10.4322
25.395 -10.7316
25.400 -11.0691
25.405 -11.3953
25.410 -11.6709
25.415 -11.8710
25.420 -11.9844
25.425 -12.0110
25.430 -11.9592
25.435 -11.8436
25.440 -11.6835
25.445 -11.5017
25.450 -11.3218
25.455 -11.1658
25.460 -11.0506
25.465 -10.9855
25.470 -10.9706
25.475 -10.9979
25.480 -11.0543
25.485 -11.1246
25.490 -11.1946
25.495 -11.2534
25.500 -11.2938
25.505 -11.3124
25.510 -11.3087
25.515 -11.2845
25.520 -11.2424
25.525 -11.1861
25.530 -11.1188
25.535 -11.0440
25.540 -10.9645
25.545 -10.8828
25.550 -10.8010
25.555 -10.7207
25.560 -10.6433
25.565 -10.5699
25.570 -10.5014
25.575 -10.4382
25.580 -10.3807
25.585 -10.3294
25.590 -10.2843
25.595 -10.2456
25.600 -10.2133
25.605 -10.1875
25.610 -10.1682
25.615 -10.1551
25.620 -10.1485
25.625 -10.1480
25.630 -10.1536
25.635 -10.1652
25.640 -10.1826
25.645 -10.2058
25.650 -10.2346
25.655 -10.2689
25.660 -10.3085
25.665 -10.3534
25.670 -10.4034
25.675 -10.4583
25.680 -10.5179
25.685 -10.5820
25.690 -10.6504
25.695 -10.7228
25.700 -10.7990
25.705 -10.8786
25.710 -10.9613
25.715 -11.0464
25.720 -11.1336
25.725 -11.2221
25.730 -11.3110
25.735 -11.3993
25.740 -11.4858
25.745 -11.5687
25.750 -11.6463
25.755 -11.7162
25.760 -11.7759
25.765 -11.8223
25.770 -11.8525
25.775 -11.8635
25.780 -11.8529
25.785 -11.8190
25.790 -11.7622
25.795 -11.6850
25.800 -11.5934
25.805 -11.4963
25.810 -11.4052
25.815 -11.3329
25.820 -11.2904
25.825 -11.2844
25.830 -11.3146
25.835 -11.3720
25.840 -11.4403
25.845 -11.4975
25.850 -11.5191
25.855 -11.4814
25.860 -11.3645
25.865 -11.1555
25.870 -10.8510
25.875 -10.4607
25.880 -10.0099
25.885 -9.5412
25.890 -9.1115
25.895 -8.7835
25.900 -8.6121
25.905 -8.6297
25.910 -8.8377
25.915 -9.2071
25.920 -9.6890
25.925 -10.2285
25.930 -10.7768
25.935 -11.2972
25.940 -11.7672
25.945 -12.1757
25.950 -12.5205
25.955 -12.8049
25.960 -13.0349
25.965 -13.2181
25.970 -13.3621
25.975 -13.4739
25.980 -13.5599
25.985 -13.6256
25.990 -13.6754
25.995 -13.7132
26.000 -13.7421
26.005 -13.7644
26.010 -13.7820
26.015 -13.7965
26.020 -13.8089
26.025 -13.8198
26.030 -13.8298
26.035 -13.8391
26.040 -13.8478
26.045 -13.8556
26.050 -13.8626
26.055 -13.8685
26.060 -13.8729
26.065 -13.8758
26.070 -13.8769
26.075 -13.8759
26.080 -13.8728
26.085 -13.8673
26.090 -13.8595
26.095 -13.8495
26.100 -13.8373
26.105 -13.8228
26.110 -13.8063
26.115 -13.7881
26.120 -13.7681
26.125 -13.7467
26.130 -13.7241
26.135 -13.7008
26.140 -13.6769
26.145 -13.6530
26.150 -13.6294
26.155 -13.6065
26.160 -13.5845
26.165 -13.5637
26.170 -13.5441
26.175 -13.5257
26.180 -13.5081
26.185 -13.4905
26.190 -13.4721
26.195 -13.4517
26.200 -13.4283
26.205 -13.4009
26.210 -13.3688
26.215 -13.3323
26.220 -13.2923
26.225 -13.2509
26.230 -13.2114
26.235 -13.1779
26.240 -13.1552
26.245 -13.1476
26.250 -13.1587
26.255 -13.1908
26.260 -13.2440
26.265 -13.3167
26.270 -13.4053
26.275 -13.5054
26.280 -13.6118
26.285 -13.7194
26.290 -13.8235
26.295 -13.9200
26.300 -14.0059
26.305 -14.0784
26.310 -14.1353
26.315 -14.1744
26.320 -14.1929
26.325 -14.1876
26.330 -14.1543
26.335 -14.0880
26.340 -13.9825
26.345 -13.8320
26.350 -13.6311
26.355 -13.3776
26.360 -13.0748
26.365 -12.7346
26.370 -12.3796
26.375 -12.0429
26.380 -11.7640
26.385 -11.5798
26.390 -11.5142
26.395 -11.5698
26.400 -11.7276
26.405 -11.9527
26.410 -12.2051
26.415 -12.4495
26.420 -12.6608
26.425 -12.8249
26.430 -12.9377
26.435 -13.0015
26.440 -13.0228
26.445 -13.0098
26.450 -12.9711
26.455 -12.9150
26.460 -12.8494
26.465 -12.7807
26.470 -12.7147
26.475 -12.6560
26.480 -12.6081
26.485 -12.5735
26.490 -12.5536
26.495 -12.5490
26.500 -12.5592
26.505 -12.5833
26.510 -12.6197
26.515 -12.6668
26.520 -12.7227
26.525 -12.7856
26.530 -12.8539
26.535 -12.9262
26.540 -13.0013
26.545 -13.0778
26.550 -13.1550
26.555 -13.2316
26.560 -13.3065
26.565 -13.3780
26.570 -13.4440
26.575 -13.5017
26.580 -13.5472
26.585 -13.5756
26.590 -13.5805
26.595 -13.5537
26.600 -13.4857
26.605 -13.3658
26.610 -13.1840
26.615 -12.9332
26.620 -12.6137
26.625 -12.2384
26.630 -11.8379
26.635 -11.4620
26.640 -11.1735
26.645 -11.0331
26.650 -11.0784
26.655 -11.3098
26.660 -11.6893
26.665 -12.1552
26.670 -12.6426
26.675 -13.0984
26.680 -13.4883
26.685 -13.7952
26.690 -14.0144
26.695 -14.1480
26.700 -14.2009
26.705 -14.1781
26.710 -14.0841
26.715 -13.9226
26.720 -13.6975
26.725 -13.4146
26.730 -13.0823
26.735 -12.7137
26.740 -12.3264
26.745 -11.9420
26.750 -11.5840
26.755 -11.2741
26.760 -11.0292
26.765 -10.8589
26.770 -10.7646
26.775 -10.7402
26.780 -10.7746
26.785 -10.8537
26.790 -10.9641
26.795 -11.0945
26.800 -11.2374
26.805 -11.3894
26.810 -11.5499
26.815 -11.7194
26.820 -11.8974
26.825 -12.0814
26.830 -12.2664
26.835 -12.4457
26.840 -12.6125
26.845 -12.7606
26.850 -12.8856
26.855 -12.9853
26.860 -13.0593
26.865 -13.1087
26.870 -13.1357
26.875 -13.1433
26.880 -13.1344
26.885 -13.1118
26.890 -13.0781
26.895 -13.0353
26.900 -12.9850
26.905 -12.9286
26.910 -12.8666
26.915 -12.7996
26.920 -12.7276
26.925 -12.6502
26.930 -12.5671
26.935 -12.4774
26.940 -12.3803
26.945 -12.2747
26.950 -12.1597
26.955 -12.0342
26.960 -11.8978
26.965 -11.7506
26.970 -11.5941
26.975 -11.4313
26.980 -11.2674
26.985 -11.1101
26.990 -10.9691
26.995 -10.8553
27.000 -10.7790
27.005 -10.7480
27.010 -10.7655
27.015 -10.8287
27.020 -10.9294
27.025 -11.0540
27.030 -11.1861
27.035 -11.3076
27.040 -11.4009
27.045 -11.4494
27.050 -11.4380
27.055 -11.3536
27.060 -11.1857
27.065 -10.9280
27.070 -10.5818
27.075 -10.1598
27.080 -9.6908
27.085 -9.2203
27.090 -8.8064
27.095 -8.5075
27.100 -8.3648
27.105 -8.3883
27.110 -8.5537
27.115 -8.8130
27.120 -9.1107
27.125 -9.3998
27.130 -9.6483
27.135 -9.8404
27.140 -9.9726
27.145 -10.0489
27.150 -10.0766
27.155 -10.0635
27.160 -10.0171
27.165 -9.9438
27.170 -9.8490
27.175 -9.7378
27.180 -9.6158
27.185 -9.4891
27.190 -9.3651
27.195 -9.2516
27.200 -9.1568
27.205 -9.0881
27.210 -9.0512
27.215 -9.0492
27.220 -9.0821
27.225 -9.1468
27.230 -9.2379
27.235 -9.3483
27.240 -9.4704
27.245 -9.5972
27.250 -9.7224
27.255 -9.8412
27.260 -9.9502
27.265 -10.0467
27.270 -10.1288
27.275 -10.1950
27.280 -10.2435
27.285 -10.2721
27.290 -10.2778
27.295 -10.2565
27.300 -10.2028
27.305 -10.1104
27.310 -9.9720
27.315 -9.7808
27.320 -9.5323
27.325 -9.2263
27.330 -8.8712
27.335 -8.4871
27.340 -8.1072
27.345 -7.7754
27.350 -7.5382
27.355 -7.4319
27.360 -7.4707
27.365 -7.6419
27.370 -7.9105
27.375 -8.2313
27.380 -8.5610
27.385 -8.8668
27.390 -9.1290
27.395 -9.3400
27.400 -9.5003
27.405 -9.6155
27.410 -9.6932
27.415 -9.7417
27.420 -9.7683
27.425 -9.7796
27.430 -9.7806
27.435 -9.7754
27.440 -9.7672
27.445 -9.7583
27.450 -9.7502
27.455 -9.7443
27.460 -9.7413
27.465 -9.7417
27.470 -9.7458
27.475 -9.7537
27.480 -9.7655
27.485 -9.7811
27.490 -9.8002
27.495 -9.8227
27.500 -9.8482
27.505 -9.8765
27.510 -9.9071
27.515 -9.9396
27.520 -9.9730
27.525 -10.0068
27.530 -10.0398
27.535 -10.0712
27.540 -10.0995
27.545 -10.1235
27.550 -10.1417
27.555 -10.1525
27.560 -10.1543
27.565 -10.1458
27.570 -10.1258
27.575 -10.0936
27.580 -10.0494
27.585 -9.9941
27.590 -9.9297
27.595 -9.8591
27.600 -9.7860
27.605 -9.7141
27.610 -9.6467
27.615 -9.5858
27.620 -9.5312
27.625 -9.4797
27.630 -9.4260
27.635 -9.3630
27.640 -9.2838
27.645 -9.1836
27.650 -9.0625
27.655 -8.9274
27.660 -8.7929
27.665 -8.6804
27.670 -8.6141
27.675 -8.6163
27.680 -8.7003
27.685 -8.8671
27.690 -9.1046
27.695 -9.3914
27.700 -9.7019
27.705 -10.0119
27.710 -10.3024
27.715 -10.5608
27.720 -10.7809
27.725 -10.9610
27.730 -11.1031
27.735 -11.2109
27.740 -11.2892
27.745 -11.3429
27.750 -11.3767
27.755 -11.3952
27.760 -11.4021
27.765 -11.4007
27.770 -11.3940
27.775 -11.3842
27.780 -11.3727
27.785 -11.3605
27.790 -11.3477
27.795 -11.3335
27.800 -11.3163
27.805 -11.2933
27.810 -11.2613
27.815 -11.2162
27.820 -11.1537
27.825 -11.0697
27.830 -10.9605
27.835 -10.8242
27.840 -10.6604
27.845 -10.4714
27.850 -10.2621
27.855 -10.0402
27.860 -9.8156
27.865 -9.5997
27.870 -9.4055
27.875 -9.2461
27.880 -9.1344
27.885 -9.0813
27.890 -9.0943
27.895 -9.1748
27.900 -9.3175
27.905 -9.5099
27.910 -9.7345
27.915 -9.9719
27.920 -10.2037
27.925 -10.4150
27.930 -10.5958
27.935 -10.7408
27.940 -10.8486
27.945 -10.9209
27.950 -10.9610
27.955 -10.9733
27.960 -10.9625
27.965 -10.9329
27.970 -10.8887
27.975 -10.8335
27.980 -10.7705
27.985 -10.7024
27.990 -10.6314
27.995 -10.5593
28.000 -10.4875
28.005 -10.4171
28.010 -10.3484
28.015 -10.2812
28.020 -10.2142
28.025 -10.1455
28.030 -10.0717
28.035 -9.9884
28.040 -9.8897
28.045 -9.7692
28.050 -9.6199
28.055 -9.4355
28.060 -9.2121
28.065 -8.9503
28.070 -8.6575
28.075 -8.3499
28.080 -8.0532
28.085 -7.7994
28.090 -7.6214
28.095 -7.5441
28.100 -7.5772
28.105 -7.7116
28.110 -7.9222
28.115 -8.1753
28.120 -8.4370
28.125 -8.6793
28.130 -8.8832
28.135 -9.0388
28.140 -9.1432
28.145 -9.1980
28.150 -9.2081
28.155 -9.1794
28.160 -9.1184
28.165 -9.0317
28.170 -8.9257
28.175 -8.8067
28.180 -8.6806
28.185 -8.5536
28.190 -8.4311
28.195 -8.3183
28.200 -8.2194
28.205 -8.1376
28.210 -8.0745
28.215 -8.0307
28.220 -8.0050
28.225 -7.9952
28.230 -7.9984
28.235 -8.0111
28.240 -8.0300
28.245 -8.0517
28.250 -8.0736
28.255 -8.0936
28.260 -8.1100
28.265 -8.1220
28.270 -8.1293
28.275 -8.1317
28.280 -8.1296
28.285 -8.1234
28.290 -8.1138
28.295 -8.1013
28.300 -8.0866
28.305 -8.0704
28.310 -8.0531
28.315 -8.0355
28.320 -8.0180
28.325 -8.0010
28.330 -7.9849
28.335 -7.9701
28.340 -7.9568
28.345 -7.9452
28.350 -7.9356
28.355 -7.9281
28.360 -7.9229
28.365 -7.9200
28.370 -7.9197
28.375 -7.9218
28.380 -7.9265
28.385 -7.9338
28.390 -7.9437
28.395 -7.9561
28.400 -7.9710
28.405 -7.9884
28.410 -8.0082
28.415 -8.0302
28.420 -8.0542
28.425 -8.0802
28.430 -8.1078
28.435 -8.1367
28.440 -8.1667
28.445 -8.1973
28.450 -8.2282
28.455 -8.2590
28.460 -8.2893
28.465 -8.3186
28.470 -8.3466
28.475 -8.3731
28.480 -8.3979
28.485 -8.4212
28.490 -8.4432
28.495 -8.4647
28.500 -8.4866
28.505 -8.5104
28.510 -8.5377
28.515 -8.5707
28.520 -8.6115
28.525 -8.6624
28.530 -8.7253
28.535 -8.8018
28.540 -8.8926
28.545 -8.9975
28.550 -9.1154
28.555 -9.2441
28.560 -9.3806
28.565 -9.5208
28.570 -9.6603
28.575 -9.7942
28.580 -9.9175
28.585 -10.0250
28.590 -10.1118
28.595 -10.1737
28.600 -10.2074
28.605 -10.2108
28.610 -10.1840
28.615 -10.1301
28.620 -10.0557
28.625 -9.9710
28.630 -9.8897
28.635 -9.8268
28.640 -9.7970
28.645 -9.8113
28.650 -9.8745
28.655 -9.9846
28.660 -10.1329
28.665 -10.3063
28.670 -10.4905
28.675 -10.6718
28.680 -10.8398
28.685 -10.9876
28.690 -11.1118
28.695 -11.2123
28.700 -11.2909
28.705 -11.3508
28.710 -11.3958
28.715 -11.4298
28.720 -11.4565
28.725 -11.4791
28.730 -11.5002
28.735 -11.5218
28.740 -11.5453
28.745 -11.5717
28.750 -11.6014
28.755 -11.6346
28.760 -11.6710
28.765 -11.7105
28.770 -11.7524
28.775 -11.7963
28.780 -11.8417
28.785 -11.8880
28.790 -11.9348
28.795 -11.9816
28.800 -12.0279
28.805 -12.0736
28.810 -12.1183
28.815 -12.1617
28.820 -12.2037
28.825 -12.2441
28.830 -12.2829
28.835 -12.3202
28.840 -12.3558
28.845 -12.3901
28.850 -12.4229
28.855 -12.4547
28.860 -12.4856
28.865 -12.5157
28.870 -12.5454
28.875 -12.5750
28.880 -12.6046
28.885 -12.6346
28.890 -12.6651
28.895 -12.6963
28.900 -12.7285
28.905 -12.7615
28.910 -12.7951
28.915 -12.8292
28.920 -12.8632
28.925 -12.8967
28.930 -12.9288
28.935 -12.9586
28.940 -12.9849
28.945 -13.0064
28.950 -13.0215
28.955 -13.0283
28.960 -13.0247
28.965 -13.0083
28.970 -12.9765
28.975 -12.9262
28.980 -12.8540
28.985 -12.7555
28.990 -12.6251
28.995 -12.4556
29.000 -12.2373
29.005 -11.9573
29.010 -11.5989
29.015 -11.1430
29.020 -10.5710
29.025 -9.8737
29.030 -9.0656
29.035 -8.2046
29.040 -7.4033
29.045 -6.8176
29.050 -6.5945
29.055 -6.8023
29.060 -7.3911
29.065 -8.2188
29.070 -9.1203
29.075 -9.9666
29.080 -10.6868
29.085 -11.2588
29.090 -11.6909
29.095 -12.0046
29.100 -12.2242
29.105 -12.3719
29.110 -12.4657
29.115 -12.5198
29.120 -12.5447
29.125 -12.5481
29.130 -12.5361
29.135 -12.5128
29.140 -12.4814
29.145 -12.4443
29.150 -12.4035
29.155 -12.3603
29.160 -12.3158
29.165 -12.2709
29.170 -12.2263
29.175 -12.1825
29.180 -12.1401
29.185 -12.0996
29.190 -12.0612
29.195 -12.0254
29.200 -11.9927
29.205 -11.9633
29.210 -11.9377
29.215 -11.9162
29.220 -11.8992
29.225 -11.8872
29.230 -11.8804
29.235 -11.8792
29.240 -11.8838
29.245 -11.8943
29.250 -11.9110
29.255 -11.9338
29.260 -11.9626
29.265 -11.9972
29.270 -12.0376
29.275 -12.0834
29.280 -12.1343
29.285 -12.1899
29.290 -12.2499
29.295 -12.3138
29.300 -12.3812
29.305 -12.4515
29.310 -12.5241
29.315 -12.5984
29.320 -12.6736
29.325 -12.7487
29.330 -12.8226
29.335 -12.8938
29.340 -12.9607
29.345 -13.0215
29.350 -13.0736
29.355 -13.1144
29.360 -13.1410
29.365 -13.1500
29.370 -13.1380
29.375 -13.1018
29.380 -13.0389
29.385 -12.9477
29.390 -12.8284
29.395 -12.6837
29.400 -12.5190
29.405 -12.3431
29.410 -12.1674
29.415 -12.0050
29.420 -11.8672
29.425 -11.7613
29.430 -11.6856
29.435 -11.6248
29.440 -11.5447
29.445 -11.3860
29.450 -11.0578
29.455 -10.4344
29.460 -9.3681
29.465 -7.7505
29.470 -5.6587
29.475 -3.5540
29.480 -2.2816
29.485 -2.5565
29.490 -4.2996
29.495 -6.7184
29.500 -9.0117
29.505 -10.7898
29.510 -12.0122
29.515 -12.7883
29.520 -13.2487
29.525 -13.4984
29.530 -13.6107
29.535 -13.6341
29.540 -13.6006
29.545 -13.5322
29.550 -13.4453
29.555 -13.3525
29.560 -13.2640
29.565 -13.1878
29.570 -13.1294
29.575 -13.0925
29.580 -13.0779
29.585 -13.0848
29.590 -13.1108
29.595 -13.1526
29.600 -13.2064
29.605 -13.2684
29.610 -13.3354
29.615 -13.4045
29.620 -13.4733
29.625 -13.5399
29.630 -13.6024
29.635 -13.6586
29.640 -13.7058
29.645 -13.7404
29.650 -13.7576
29.655 -13.7508
29.660 -13.7113
29.665 -13.6279
29.670 -13.4876
29.675 -13.2752
29.680 -12.9757
29.685 -12.5762
29.690 -12.0709
29.695 -11.4653
29.700 -10.7811
29.705 -10.0561
29.710 -9.3374
29.715 -8.6681
29.720 -8.0745
29.725 -7.5618
29.730 -7.1245
29.735 -6.7662
29.740 -6.5141
29.745 -6.4173
29.750 -6.5286
29.755 -6.8783
29.760 -7.4570
29.765 -8.2127
29.770 -9.0656
29.775 -9.9291
29.780 -10.7279
29.785 -11.4075
29.790 -11.9362
29.795 -12.3005
29.800 -12.4997
29.805 -12.5422
29.810 -12.4430
29.815 -12.2245
29.820 -11.9183
29.825 -11.5665
29.830 -11.2192
29.835 -10.9284
29.840 -10.7365
29.845 -10.6654
29.850 -10.7113
29.855 -10.8482
29.860 -11.0390
29.865 -11.2476
29.870 -11.4488
29.875 -11.6303
29.880 -11.7919
29.885 -11.9402
29.890 -12.0845
29.895 -12.2323
29.900 -12.3872
29.905 -12.5486
29.910 -12.7128
29.915 -12.8731
29.920 -13.0228
29.925 -13.1553
29.930 -13.2649
29.935 -13.3470
29.940 -13.3980
29.945 -13.4152
29.950 -13.3965
29.955 -13.3410
29.960 -13.2488
29.965 -13.1225
29.970 -12.9673
29.975 -12.7917
29.980 -12.6074
29.985 -12.4276
29.990 -12.2641
29.995 -12.1236
