0.0 65.7000
0.005 65.7000
0.01 65.7001
0.015 65.7003
0.02 65.7006
0.025 65.7011
0.03 65.7017
0.035 65.7024
0.04 65.7033
0.045 65.7043
0.05 65.7054
0.055 65.7066
0.06 65.7080
0.065 65.7096
0.07 65.7114
0.075 65.7134
0.08 65.7155
0.085 65.7178
0.09 65.7204
0.095 65.7232
0.1 65.7262
0.105 65.7294
0.11 65.7327
0.115 65.7363
0.12 65.7401
0.125 65.7441
0.13 65.7483
0.135 65.7527
0.14 65.7575
0.145 65.7625
0.15 65.7676
0.155 65.7729
0.16 65.7785
0.165 65.7843
0.17 65.7903
0.175 65.7965
0.18 65.8029
0.185 65.8095
0.19 65.8164
0.195 65.8234
0.2 65.8306
0.205 65.8381
0.21 65.8459
0.215 65.8539
0.22 65.8621
0.225 65.8706
0.23 65.8794
0.235 65.8884
0.24 65.8976
0.245 65.9071
0.25 65.9170
0.255 65.9271
0.26 65.9375
0.265 65.9482
0.27 65.9592
0.275 65.9706
0.28 65.9822
0.285 65.9942
0.29 66.0066
0.295 66.0193
0.3 66.0325
0.305 66.0460
0.31 66.0599
0.315 66.0744
0.32 66.0893
0.325 66.1047
0.33 66.1207
0.335 66.1371
0.34 66.1542
0.345 66.1717
0.35 66.1899
0.355 66.2088
0.36 66.2283
0.365 66.2485
0.37 66.2694
0.375 66.2912
0.38 66.3138
0.385 66.3373
0.39 66.3618
0.395 66.3872
0.4 66.4137
0.405 66.4412
0.41 66.4699
0.415 66.4997
0.42 66.5308
0.425 66.5633
0.43 66.5971
0.435 66.6325
0.44 66.6694
0.445 66.7080
0.45 66.7484
0.455 66.7906
0.46 66.8348
0.465 66.8812
0.47 66.9298
0.475 66.9807
0.48 67.0340
0.485 67.0899
0.49 67.1486
0.495 67.2102
0.5 67.2748
0.505 67.3425
0.51 67.4136
0.515 67.4881
0.52 67.5662
0.525 67.6479
0.53 67.7332
0.535 67.8223
0.54 67.9150
0.545 68.0110
0.55 68.1103
0.555 68.2121
0.56 68.3158
0.565 68.4201
0.57 68.5237
0.575 68.6241
0.58 68.7184
0.585 68.8024
0.59 68.8708
0.595 68.9166
0.6 68.9313
0.605 68.9048
0.61 68.8257
0.615 68.6836
0.62 68.4707
0.625 68.1870
0.63 67.8458
0.635 67.4784
0.64 67.1363
0.645 66.8843
0.65 66.7847
0.655 66.8770
0.66 67.1620
0.665 67.6018
0.67 68.1346
0.675 68.6951
0.68 69.2310
0.685 69.7098
0.69 70.1175
0.695 70.4534
0.7 70.7248
0.705 70.9422
0.71 71.1167
0.715 71.2581
0.72 71.3750
0.725 71.4737
0.73 71.5587
0.735 71.6329
0.74 71.6970
0.745 71.7501
0.75 71.7890
0.755 71.8084
0.76 71.8001
0.765 71.7534
0.77 71.6549
0.775 71.4890
0.78 71.2410
0.785 70.9002
0.79 70.4673
0.795 69.9623
0.8 69.4320
0.805 68.9496
0.81 68.6007
0.815 68.4563
0.82 68.5439
0.825 68.8342
0.83 69.2539
0.835 69.7149
0.84 70.1424
0.845 70.4893
0.85 70.7374
0.855 70.8906
0.86 70.9668
0.865 70.9905
0.87 70.9869
0.875 70.9789
0.88 70.9837
0.885 71.0115
0.89 71.0656
0.895 71.1430
0.9 71.2366
0.905 71.3374
0.91 71.4362
0.915 71.5256
0.92 71.6002
0.925 71.6569
0.93 71.6948
0.935 71.7143
0.94 71.7171
0.945 71.7055
0.95 71.6816
0.955 71.6481
0.96 71.6073
0.965 71.5610
0.97 71.5112
0.975 71.4594
0.98 71.4067
0.985 71.3543
0.99 71.3030
0.995 71.2535
1.0 71.2061
1.01 71.1614
1.01 71.1196
1.02 71.0808
1.02 71.0452
1.03 71.0129
1.03 70.9839
1.03 70.9581
1.04 70.9356
1.04 70.9161
1.05 70.8998
1.05 70.8863
1.06 70.8755
1.06 70.8670
1.07 70.8607
1.07 70.8562
1.08 70.8531
1.08 70.8510
1.09 70.8493
1.09 70.8475
1.1 70.8448
1.1 70.8403
1.11 70.8333
1.11 70.8226
1.12 70.8071
1.12 70.7854
1.13 70.7563
1.13 70.7183
1.14 70.6701
1.14 70.6105
1.15 70.5388
1.15 70.4548
1.16 70.3594
1.16 70.2545
1.17 70.1434
1.17 70.0309
1.18 69.9229
1.18 69.8265
1.19 69.7487
1.19 69.6959
1.2 69.6726
1.2 69.6809
1.21 69.7200
1.21 69.7865
1.22 69.8747
1.22 69.9777
1.23 70.0885
1.23 70.2006
1.24 70.3087
1.24 70.4087
1.25 70.4983
1.25 70.5760
1.26 70.6417
1.26 70.6959
1.27 70.7394
1.27 70.7735
1.28 70.7996
1.28 70.8191
1.29 70.8332
1.29 70.8431
1.3 70.8499
1.3 70.8546
1.31 70.8578
1.31 70.8604
1.32 70.8629
1.32 70.8659
1.33 70.8698
1.33 70.8749
1.34 70.8815
1.34 70.8899
1.35 70.9002
1.35 70.9126
1.36 70.9273
1.36 70.9444
1.37 70.9642
1.37 70.9866
1.38 71.0117
1.38 71.0398
1.39 71.0709
1.39 71.1050
1.4 71.1424
1.4 71.1831
1.41 71.2273
1.41 71.2750
1.42 71.3263
1.42 71.3814
1.43 71.4403
1.43 71.5032
1.44 71.5702
1.44 71.6415
1.45 71.7170
1.45 71.7969
1.46 71.8811
1.46 71.9696
1.47 72.0620
1.47 72.1580
1.48 72.2567
1.48 72.3569
1.49 72.4565
1.49 72.5528
1.5 72.6413
1.5 72.7158
1.51 72.7673
1.51 72.7832
1.52 72.7465
1.52 72.6349
1.53 72.4213
1.53 72.0767
1.54 71.5779
1.54 70.9220
1.55 70.1479
1.55 69.3553
1.56 68.7024
1.56 68.3627
1.57 68.4475
1.57 68.9453
1.58 69.7293
1.58 70.6248
1.59 71.4840
1.59 72.2202
1.6 72.8047
1.6 73.2458
1.61 73.5685
1.61 73.8016
1.62 73.9706
1.62 74.0959
1.63 74.1928
1.63 74.2719
1.64 74.3404
1.64 74.4027
1.65 74.4616
1.65 74.5184
1.66 74.5738
1.66 74.6276
1.67 74.6793
1.67 74.7283
1.68 74.7740
1.68 74.8156
1.69 74.8527
1.69 74.8850
1.7 74.9128
1.7 74.9363
1.71 74.9566
1.71 74.9751
1.72 74.9934
1.72 75.0138
1.73 75.0384
1.73 75.0694
1.74 75.1085
1.74 75.1569
1.75 75.2149
1.75 75.2819
1.76 75.3564
1.76 75.4357
1.77 75.5167
1.77 75.5955
1.78 75.6682
1.78 75.7307
1.79 75.7794
1.79 75.8109
1.8 75.8226
1.8 75.8127
1.81 75.7801
1.81 75.7252
1.82 75.6494
1.82 75.5554
1.83 75.4475
1.83 75.3311
1.84 75.2127
1.84 75.0996
1.85 74.9991
1.85 74.9175
1.86 74.8603
1.86 74.8304
1.87 74.8286
1.87 74.8530
1.88 74.8999
1.88 74.9636
1.89 75.0377
1.89 75.1156
1.9 75.1914
1.9 75.2599
1.91 75.3171
1.91 75.3606
1.92 75.3889
1.92 75.4016
1.93 75.3991
1.93 75.3823
1.94 75.3523
1.94 75.3106
1.95 75.2583
1.95 75.1968
1.96 75.1270
1.96 75.0498
1.97 74.9659
1.97 74.8761
1.98 74.7808
1.98 74.6808
1.99 74.5766
1.99 74.4689
2.0 74.3586
2.0 74.2464
2.01 74.1335
2.01 74.0209
2.02 73.9097
2.02 73.8012
2.03 73.6965
2.03 73.5967
2.04 73.5026
2.04 73.4151
2.05 73.3346
2.05 73.2616
2.06 73.1960
2.06 73.1378
2.07 73.0866
2.07 73.0419
2.08 73.0029
2.08 72.9691
2.09 72.9397
2.09 72.9139
2.1 72.8912
2.1 72.8707
2.11 72.8521
2.11 72.8349
2.12 72.8186
2.12 72.8029
2.13 72.7876
2.13 72.7726
2.14 72.7577
2.14 72.7426
2.15 72.7274
2.15 72.7119
2.16 72.6962
2.16 72.6801
2.17 72.6638
2.17 72.6474
2.18 72.6309
2.18 72.6146
2.19 72.5987
2.19 72.5833
2.2 72.5689
2.2 72.5555
2.21 72.5436
2.21 72.5331
2.22 72.5242
2.22 72.5167
2.23 72.5099
2.23 72.5033
2.24 72.4957
2.24 72.4854
2.25 72.4703
2.25 72.4477
2.26 72.4143
2.26 72.3663
2.27 72.2995
2.27 72.2096
2.28 72.0926
2.28 71.9457
2.29 71.7681
2.29 71.5624
2.3 71.3357
2.3 71.1008
2.31 70.8753
2.31 70.6805
2.32 70.5381
2.32 70.4652
2.33 70.4709
2.33 70.5529
2.34 70.6994
2.34 70.8910
2.35 71.1062
2.35 71.3247
2.36 71.5309
2.36 71.7144
2.37 71.8699
2.37 71.9961
2.38 72.0945
2.38 72.1681
2.39 72.2209
2.39 72.2569
2.4 72.2800
2.4 72.2936
2.41 72.3007
2.41 72.3038
2.42 72.3050
2.42 72.3061
2.43 72.3082
2.43 72.3127
2.44 72.3202
2.44 72.3315
2.45 72.3470
2.45 72.3670
2.46 72.3917
2.46 72.4211
2.47 72.4550
2.47 72.4931
2.48 72.5347
2.48 72.5791
2.49 72.6251
2.49 72.6710
2.5 72.7148
2.5 72.7535
2.51 72.7836
2.51 72.8005
2.52 72.7985
2.52 72.7707
2.53 72.7089
2.53 72.6040
2.54 72.4462
2.54 72.2260
2.55 71.9356
2.55 71.5713
2.56 71.1358
2.56 70.6418
2.57 70.1142
2.57 69.5909
2.58 69.1217
2.58 68.7619
2.59 68.5634
2.59 68.5615
2.6 68.7648
2.6 69.1497
2.61 69.6663
2.61 70.2513
2.62 70.8429
2.62 71.3927
2.63 71.8699
2.63 72.2610
2.64 72.5652
2.64 72.7897
2.65 72.9457
2.65 73.0455
2.66 73.1009
2.66 73.1221
2.67 73.1180
2.67 73.0956
2.68 73.0605
2.68 73.0169
2.69 72.9682
2.69 72.9167
2.7 72.8642
2.7 72.8121
2.71 72.7611
2.71 72.7120
2.72 72.6651
2.72 72.6206
2.73 72.5788
2.73 72.5396
2.74 72.5032
2.74 72.4697
2.75 72.4392
2.75 72.4118
2.76 72.3878
2.76 72.3674
2.77 72.3509
2.77 72.3389
2.78 72.3318
2.78 72.3301
2.79 72.3344
2.79 72.3451
2.8 72.3628
2.8 72.3878
2.81 72.4203
2.81 72.4606
2.82 72.5085
2.82 72.5638
2.83 72.6263
2.83 72.6952
2.84 72.7700
2.84 72.8496
2.85 72.9331
2.85 73.0193
2.86 73.1069
2.86 73.1943
2.87 73.2798
2.87 73.3611
2.88 73.4357
2.88 73.5002
2.89 73.5503
2.89 73.5804
2.9 73.5829
2.9 73.5478
2.91 73.4621
2.91 73.3090
2.92 73.0690
2.92 72.7223
2.93 72.2543
2.93 71.6673
2.94 70.9954
2.94 70.3190
2.95 69.7635
2.95 69.4695
2.96 69.5371
2.96 69.9759
2.97 70.6981
2.97 71.5621
2.98 72.4310
2.98 73.2105
2.99 73.8551
2.99 74.3566
3.0 74.7276
3.0 74.9887
3.01 75.1608
3.01 75.2612
3.02 75.3021
3.02 75.2893
3.03 75.2217
3.03 75.0902
3.04 74.8757
3.04 74.5489
3.05 74.0718
3.05 73.4064
3.06 72.5343
3.06 71.4922
3.07 70.4105
3.07 69.5222
3.08 69.0946
3.08 69.2912
3.09 70.0648
3.09 71.1869
3.1 72.3832
3.1 73.4520
3.11 74.2996
3.11 74.9139
3.12 75.3242
3.12 75.5721
3.13 75.6958
3.13 75.7253
3.14 75.6807
3.14 75.5746
3.15 75.4132
3.15 75.1986
3.16 74.9312
3.16 74.6119
3.17 74.2457
3.17 73.8447
3.18 73.4311
3.18 73.0376
3.19 72.7044
3.19 72.4714
3.2 72.3677
3.2 72.4025
3.21 72.5621
3.21 72.8144
3.22 73.1189
3.22 73.4368
3.23 73.7380
3.23 74.0035
3.24 74.2247
3.24 74.4003
3.25 74.5338
3.25 74.6309
3.26 74.6977
3.26 74.7403
3.27 74.7637
3.27 74.7719
3.28 74.7680
3.28 74.7540
3.29 74.7312
3.29 74.7003
3.3 74.6612
3.3 74.6138
3.31 74.5573
3.31 74.4911
3.32 74.4142
3.32 74.3260
3.33 74.2261
3.33 74.1143
3.34 73.9914
3.34 73.8587
3.35 73.7186
3.35 73.5744
3.36 73.4303
3.36 73.2917
3.37 73.1642
3.37 73.0537
3.38 72.9656
3.38 72.9046
3.39 72.8739
3.39 72.8748
3.4 72.9070
3.4 72.9681
3.41 73.0540
3.41 73.1597
3.42 73.2792
3.42 73.4065
3.43 73.5362
3.43 73.6632
3.44 73.7838
3.44 73.8951
3.45 73.9952
3.45 74.0832
3.46 74.1588
3.46 74.2225
3.47 74.2750
3.47 74.3173
3.48 74.3508
3.48 74.3766
3.49 74.3960
3.49 74.4102
3.5 74.4203
3.5 74.4274
3.51 74.4323
3.51 74.4358
3.52 74.4386
3.52 74.4412
3.53 74.4441
3.53 74.4478
3.54 74.4525
3.54 74.4585
3.55 74.4660
3.55 74.4750
3.56 74.4857
3.56 74.4981
3.57 74.5120
3.57 74.5274
3.58 74.5438
3.58 74.5612
3.59 74.5789
3.59 74.5967
3.6 74.6140
3.6 74.6301
3.61 74.6447
3.61 74.6569
3.62 74.6663
3.62 74.6725
3.63 74.6753
3.63 74.6747
3.64 74.6714
3.64 74.6663
3.65 74.6610
3.65 74.6581
3.66 74.6604
3.66 74.6714
3.67 74.6948
3.67 74.7341
3.68 74.7925
3.68 74.8721
3.69 74.9741
3.69 75.0979
3.7 75.2419
3.7 75.4030
3.71 75.5774
3.71 75.7607
3.72 75.9485
3.72 76.1365
3.73 76.3205
3.73 76.4968
3.74 76.6622
3.74 76.8134
3.75 76.9471
3.75 77.0602
3.76 77.1490
3.76 77.2093
3.77 77.2368
3.77 77.2262
3.78 77.1724
3.78 77.0696
3.79 76.9130
3.79 76.6985
3.8 76.4244
3.8 76.0919
3.81 75.7076
3.81 75.2840
3.82 74.8413
3.82 74.4069
3.83 74.0148
3.83 73.7016
3.84 73.5014
3.84 73.4395
3.85 73.5269
3.85 73.7577
3.86 74.1103
3.86 74.5519
3.87 75.0447
3.87 75.5524
3.88 76.0444
3.88 76.4979
3.89 76.8979
3.89 77.2368
3.9 77.5123
3.9 77.7258
3.91 77.8814
3.91 77.9844
3.92 78.0406
3.92 78.0559
3.93 78.0357
3.93 77.9853
3.94 77.9093
3.94 77.8121
3.95 77.6977
3.95 77.5698
3.96 77.4324
3.96 77.2892
3.97 77.1442
3.97 77.0013
3.98 76.8644
3.98 76.7371
3.99 76.6227
3.99 76.5238
4.0 76.4424
4.0 76.3793
4.01 76.3347
4.01 76.3076
4.02 76.2964
4.02 76.2987
4.03 76.3119
4.03 76.3331
4.04 76.3596
4.04 76.3886
4.05 76.4175
4.05 76.4437
4.06 76.4649
4.06 76.4785
4.07 76.4816
4.07 76.4707
4.08 76.4414
4.08 76.3883
4.09 76.3046
4.09 76.1823
4.1 76.0121
4.1 75.7844
4.11 75.4915
4.11 75.1306
4.12 74.7083
4.12 74.2458
4.13 73.7821
4.13 73.3717
4.14 73.0755
4.14 72.9430
4.15 72.9954
4.15 73.2176
4.16 73.5637
4.16 73.9741
4.17 74.3924
4.17 74.7773
4.18 75.1055
4.18 75.3688
4.19 75.5695
4.19 75.7154
4.2 75.8164
4.2 75.8826
4.21 75.9228
4.21 75.9446
4.22 75.9539
4.22 75.9554
4.23 75.9526
4.23 75.9479
4.24 75.9432
4.24 75.9396
4.25 75.9380
4.25 75.9384
4.26 75.9410
4.26 75.9455
4.27 75.9513
4.27 75.9576
4.28 75.9635
4.28 75.9676
4.29 75.9685
4.29 75.9643
4.3 75.9529
4.3 75.9321
4.31 75.8992
4.31 75.8515
4.32 75.7859
4.32 75.6993
4.33 75.5883
4.33 75.4497
4.34 75.2804
4.34 75.0778
4.35 74.8404
4.35 74.5684
4.36 74.2651
4.36 73.9381
4.37 73.6008
4.37 73.2737
4.38 72.9828
4.38 72.7571
4.39 72.6229
4.39 72.5972
4.4 72.6832
4.4 72.8691
4.41 73.1316
4.41 73.4419
4.42 73.7718
4.42 74.0980
4.43 74.4042
4.43 74.6800
4.44 74.9205
4.44 75.1239
4.45 75.2910
4.45 75.4235
4.46 75.5239
4.46 75.5949
4.47 75.6395
4.47 75.6604
4.48 75.6601
4.48 75.6412
4.49 75.6058
4.49 75.5560
4.5 75.4936
4.5 75.4204
4.51 75.3379
4.51 75.2481
4.52 75.1526
4.52 75.0536
4.53 74.9532
4.53 74.8536
4.54 74.7572
4.54 74.6663
4.55 74.5829
4.55 74.5086
4.56 74.4443
4.56 74.3906
4.57 74.3473
4.57 74.3136
4.58 74.2882
4.58 74.2694
4.59 74.2556
4.59 74.2451
4.6 74.2364
4.6 74.2282
4.61 74.2197
4.61 74.2105
4.62 74.2003
4.62 74.1892
4.63 74.1775
4.63 74.1655
4.64 74.1539
4.64 74.1433
4.65 74.1342
4.65 74.1274
4.66 74.1233
4.66 74.1226
4.67 74.1258
4.67 74.1332
4.68 74.1452
4.68 74.1620
4.69 74.1839
4.69 74.2110
4.7 74.2434
4.7 74.2811
4.71 74.3242
4.71 74.3726
4.72 74.4262
4.72 74.4846
4.73 74.5478
4.73 74.6155
4.74 74.6872
4.74 74.7626
4.75 74.8411
4.75 74.9222
4.76 75.0052
4.76 75.0894
4.77 75.1739
4.77 75.2578
4.78 75.3400
4.78 75.4192
4.79 75.4940
4.79 75.5627
4.8 75.6232
4.8 75.6732
4.81 75.7093
4.81 75.7277
4.82 75.7229
4.82 75.6879
4.83 75.6133
4.83 75.4863
4.84 75.2906
4.84 75.0064
4.85 74.6117
4.85 74.0867
4.86 73.4229
4.86 72.6373
4.87 71.7891
4.87 70.9893
4.88 70.3859
4.88 70.1181
4.89 70.2556
4.89 70.7649
4.9 71.5295
4.9 72.4059
4.91 73.2744
4.91 74.0607
4.92 74.7320
4.92 75.2827
4.93 75.7208
4.93 76.0597
4.94 76.3134
4.94 76.4951
4.95 76.6166
4.95 76.6885
4.96 76.7198
4.96 76.7187
4.97 76.6922
4.97 76.6466
4.98 76.5870
4.98 76.5181
4.99 76.4437
4.99 76.3668
5.0 76.2900
5.0 76.2152
5.01 76.1441
5.01 76.0776
5.02 76.0164
5.02 75.9609
5.03 75.9113
5.03 75.8676
5.04 75.8297
5.04 75.7974
5.05 75.7707
5.05 75.7492
5.06 75.7330
5.06 75.7218
5.07 75.7157
5.07 75.7145
5.08 75.7184
5.08 75.7271
5.09 75.7405
5.09 75.7583
5.1 75.7796
5.1 75.8036
5.11 75.8283
5.11 75.8511
5.12 75.8679
5.12 75.8726
5.13 75.8569
5.13 75.8087
5.14 75.7118
5.14 75.5450
5.15 75.2826
5.15 74.8969
5.16 74.3652
5.16 73.6831
5.17 72.8844
5.17 72.0605
5.18 71.3606
5.18 70.9550
5.19 70.9629
5.19 71.3891
5.2 72.1214
5.2 72.9908
5.21 73.8450
5.21 74.5885
5.22 75.1841
5.22 75.6345
5.23 75.9617
5.23 76.1936
5.24 76.3564
5.24 76.4714
5.25 76.5552
5.25 76.6198
5.26 76.6735
5.26 76.7218
5.27 76.7684
5.27 76.8152
5.28 76.8631
5.28 76.9121
5.29 76.9619
5.29 77.0114
5.3 77.0594
5.3 77.1045
5.31 77.1450
5.31 77.1795
5.32 77.2062
5.32 77.2237
5.33 77.2305
5.33 77.2253
5.34 77.2072
5.34 77.1752
5.35 77.1290
5.35 77.0683
5.36 76.9937
5.36 76.9064
5.37 76.8085
5.37 76.7036
5.38 76.5967
5.38 76.4945
5.39 76.4042
5.39 76.3321
5.4 76.2812
5.4 76.2481
5.41 76.2204
5.41 76.1762
5.42 76.0851
5.42 75.9141
5.43 75.6370
5.43 75.2491
5.44 74.7828
5.44 74.3183
5.45 73.9744
5.45 73.8732
5.46 74.0873
5.46 74.6032
5.47 75.3283
5.47 76.1354
5.48 76.9118
5.48 77.5856
5.49 78.1271
5.49 78.5363
5.5 78.8292
5.5 79.0272
5.51 79.1514
5.51 79.2201
5.52 79.2477
5.52 79.2455
5.53 79.2219
5.53 79.1828
5.54 79.1326
5.54 79.0744
5.55 79.0103
5.55 78.9420
5.56 78.8704
5.56 78.7966
5.57 78.7212
5.57 78.6449
5.58 78.5685
5.58 78.4926
5.59 78.4180
5.59 78.3453
5.6 78.2754
5.6 78.2087
5.61 78.1458
5.61 78.0870
5.62 78.0324
5.62 77.9819
5.63 77.9353
5.63 77.8922
5.64 77.8518
5.64 77.8134
5.65 77.7765
5.65 77.7400
5.66 77.7034
5.66 77.6658
5.67 77.6265
5.67 77.5849
5.68 77.5400
5.68 77.4908
5.69 77.4360
5.69 77.3735
5.7 77.3002
5.7 77.2113
5.71 77.1002
5.71 76.9577
5.72 76.7721
5.72 76.5298
5.73 76.2168
5.73 75.8227
5.74 75.3467
5.74 74.8056
5.75 74.2416
5.75 73.7235
5.76 73.3356
5.76 73.1528
5.77 73.2115
5.77 73.4930
5.78 73.9319
5.78 74.4422
5.79 74.9456
5.79 75.3886
5.8 75.7446
5.8 76.0080
5.81 76.1863
5.81 76.2930
5.82 76.3428
5.82 76.3496
5.83 76.3249
5.83 76.2783
5.84 76.2169
5.84 76.1463
5.85 76.0707
5.85 75.9930
5.86 75.9155
5.86 75.8397
5.87 75.7668
5.87 75.6975
5.88 75.6323
5.88 75.5714
5.89 75.5150
5.89 75.4631
5.9 75.4156
5.9 75.3725
5.91 75.3335
5.91 75.2985
5.92 75.2671
5.92 75.2391
5.93 75.2142
5.93 75.1921
5.94 75.1723
5.94 75.1547
5.95 75.1388
5.95 75.1244
5.96 75.1110
5.96 75.0984
5.97 75.0862
5.97 75.0742
5.98 75.0622
5.98 75.0500
5.99 75.0376
5.99 75.0252
6.0 75.0127
6.0 75.0006
6.01 74.9891
6.01 74.9789
6.02 74.9704
6.02 74.9645
6.03 74.9616
6.03 74.9627
6.04 74.9683
6.04 74.9791
6.05 74.9954
6.05 75.0176
6.06 75.0458
6.06 75.0797
6.07 75.1190
6.07 75.1630
6.08 75.2108
6.08 75.2613
6.09 75.3131
6.09 75.3648
6.1 75.4144
6.1 75.4601
6.11 75.4997
6.11 75.5309
6.12 75.5515
6.12 75.5588
6.13 75.5501
6.13 75.5229
6.14 75.4749
6.14 75.4046
6.15 75.3114
6.15 75.1969
6.16 75.0645
6.16 74.9208
6.17 74.7754
6.17 74.6405
6.18 74.5296
6.18 74.4560
6.19 74.4297
6.19 74.4562
6.2 74.5347
6.2 74.6586
6.21 74.8168
6.21 74.9962
6.22 75.1836
6.22 75.3678
6.23 75.5400
6.23 75.6946
6.24 75.8289
6.24 75.9420
6.25 76.0344
6.25 76.1078
6.26 76.1640
6.26 76.2052
6.27 76.2334
6.27 76.2504
6.28 76.2578
6.28 76.2570
6.29 76.2490
6.29 76.2348
6.3 76.2153
6.3 76.1913
6.31 76.1635
6.31 76.1327
6.32 76.0998
6.32 76.0655
6.33 76.0309
6.33 75.9969
6.34 75.9644
6.34 75.9341
6.35 75.9068
6.35 75.8829
6.36 75.8625
6.36 75.8453
6.37 75.8306
6.37 75.8173
6.38 75.8040
6.38 75.7887
6.39 75.7695
6.39 75.7441
6.4 75.7105
6.4 75.6670
6.41 75.6121
6.41 75.5454
6.42 75.4670
6.42 75.3785
6.43 75.2823
6.43 75.1820
6.44 75.0823
6.44 74.9888
6.45 74.9074
6.45 74.8440
6.46 74.8037
6.46 74.7903
6.47 74.8061
6.47 74.8513
6.48 74.9239
6.48 75.0204
6.49 75.1360
6.49 75.2648
6.5 75.4008
6.5 75.5378
6.51 75.6700
6.51 75.7914
6.52 75.8960
6.52 75.9774
6.53 76.0277
6.53 76.0370
6.54 75.9926
6.54 75.8783
6.55 75.6743
6.55 75.3591
6.56 74.9131
6.56 74.3287
6.57 73.6233
6.57 72.8563
6.58 72.1354
6.58 71.6010
6.59 71.3787
6.59 71.5224
6.6 71.9857
6.6 72.6467
6.61 73.3640
6.61 74.0255
6.62 74.5671
6.62 74.9668
6.63 75.2284
6.63 75.3673
6.64 75.4007
6.64 75.3430
6.65 75.2040
6.65 74.9899
6.66 74.7046
6.66 74.3529
6.67 73.9433
6.67 73.4917
6.68 73.0237
6.68 72.5740
6.69 72.1826
6.69 71.8860
6.7 71.7073
6.7 71.6502
6.71 71.6980
6.71 71.8206
6.72 71.9844
6.72 72.1602
6.73 72.3285
6.73 72.4794
6.74 72.6104
6.74 72.7236
6.75 72.8225
6.75 72.9104
6.76 72.9895
6.76 73.0607
6.77 73.1241
6.77 73.1794
6.78 73.2262
6.78 73.2642
6.79 73.2938
6.79 73.3154
6.8 73.3297
6.8 73.3378
6.81 73.3407
6.81 73.3394
6.82 73.3349
6.82 73.3279
6.83 73.3191
6.83 73.3088
6.84 73.2971
6.84 73.2838
6.85 73.2685
6.85 73.2505
6.86 73.2290
6.86 73.2027
6.87 73.1705
6.87 73.1308
6.88 73.0822
6.88 73.0231
6.89 72.9525
6.89 72.8697
6.9 72.7746
6.9 72.6680
6.91 72.5520
6.91 72.4296
6.92 72.3054
6.92 72.1849
6.93 72.0744
6.93 71.9800
6.94 71.9072
6.94 71.8600
6.95 71.8405
6.95 71.8484
6.96 71.8809
6.96 71.9330
6.97 71.9983
6.97 72.0691
6.98 72.1370
6.98 72.1932
6.99 72.2290
6.99 72.2366
7.0 72.2091
7.0 72.1419
7.01 72.0339
7.01 71.8886
7.02 71.7153
7.02 71.5300
7.03 71.3538
7.03 71.2101
7.04 71.1204
7.04 71.0990
7.05 71.1491
7.05 71.2624
7.06 71.4214
7.06 71.6039
7.07 71.7879
7.07 71.9556
7.08 72.0947
7.08 72.1986
7.09 72.2654
7.09 72.2960
7.1 72.2935
7.1 72.2617
7.11 72.2045
7.11 72.1256
7.12 72.0282
7.12 71.9153
7.13 71.7892
7.13 71.6525
7.14 71.5076
7.14 71.3573
7.15 71.2047
7.15 71.0536
7.16 70.9081
7.16 70.7726
7.17 70.6514
7.17 70.5487
7.18 70.4677
7.18 70.4103
7.19 70.3771
7.19 70.3670
7.2 70.3777
7.2 70.4056
7.21 70.4467
7.21 70.4967
7.22 70.5518
7.22 70.6086
7.23 70.6643
7.23 70.7170
7.24 70.7655
7.24 70.8092
7.25 70.8479
7.25 70.8820
7.26 70.9117
7.26 70.9377
7.27 70.9606
7.27 70.9810
7.28 70.9995
7.28 71.0167
7.29 71.0331
7.29 71.0492
7.3 71.0651
7.3 71.0814
7.31 71.0980
7.31 71.1153
7.32 71.1331
7.32 71.1518
7.33 71.1711
7.33 71.1912
7.34 71.2121
7.34 71.2337
7.35 71.2560
7.35 71.2792
7.36 71.3031
7.36 71.3279
7.37 71.3537
7.37 71.3805
7.38 71.4084
7.38 71.4375
7.39 71.4679
7.39 71.4996
7.4 71.5323
7.4 71.5659
7.41 71.6000
7.41 71.6340
7.42 71.6668
7.42 71.6973
7.43 71.7241
7.43 71.7451
7.44 71.7584
7.44 71.7613
7.45 71.7514
7.45 71.7259
7.46 71.6826
7.46 71.6199
7.47 71.5378
7.47 71.4381
7.48 71.3254
7.48 71.2074
7.49 71.0952
7.49 71.0022
7.5 70.9431
7.5 70.9308
7.51 70.9747
7.51 71.0778
7.52 71.2366
7.52 71.4412
7.53 71.6774
7.53 71.9289
7.54 72.1794
7.54 72.4140
7.55 72.6189
7.55 72.7812
7.56 72.8876
7.56 72.9229
7.57 72.8686
7.57 72.7021
7.58 72.3988
7.58 71.9356
7.59 71.3018
7.59 70.5141
7.6 69.6358
7.6 68.7853
7.61 68.1183
7.61 67.7760
7.62 67.8206
7.62 68.2072
7.63 68.8131
7.63 69.5004
7.64 70.1655
7.64 70.7539
7.65 71.2503
7.65 71.6603
7.66 71.9971
7.66 72.2734
7.67 72.4992
7.67 72.6819
7.68 72.8272
7.68 72.9398
7.69 73.0243
7.69 73.0848
7.7 73.1256
7.7 73.1506
7.71 73.1634
7.71 73.1670
7.72 73.1641
7.72 73.1570
7.73 73.1475
7.73 73.1371
7.74 73.1269
7.74 73.1176
7.75 73.1098
7.75 73.1037
7.76 73.0995
7.76 73.0970
7.77 73.0961
7.77 73.0962
7.78 73.0968
7.78 73.0974
7.79 73.0970
7.79 73.0949
7.8 73.0900
7.8 73.0814
7.81 73.0678
7.81 73.0483
7.82 73.0218
7.82 72.9873
7.83 72.9443
7.83 72.8923
7.84 72.8316
7.84 72.7628
7.85 72.6875
7.85 72.6078
7.86 72.5269
7.86 72.4485
7.87 72.3772
7.87 72.3177
7.88 72.2746
7.88 72.2521
7.89 72.2534
7.89 72.2801
7.9 72.3326
7.9 72.4095
7.91 72.5077
7.91 72.6231
7.92 72.7510
7.92 72.8860
7.93 73.0233
7.93 73.1585
7.94 73.2877
7.94 73.4082
7.95 73.5181
7.95 73.6161
7.96 73.7020
7.96 73.7759
7.97 73.8384
7.97 73.8907
7.98 73.9339
7.98 73.9693
7.99 73.9983
7.99 74.0222
8.0 74.0420
8.0 74.0589
8.01 74.0737
8.01 74.0870
8.02 74.0995
8.02 74.1114
8.03 74.1228
8.03 74.1338
8.04 74.1443
8.04 74.1540
8.05 74.1628
8.05 74.1705
8.06 74.1769
8.06 74.1819
8.07 74.1853
8.07 74.1872
8.08 74.1877
8.08 74.1867
8.09 74.1844
8.09 74.1810
8.1 74.1762
8.1 74.1696
8.11 74.1604
8.11 74.1469
8.12 74.1268
8.12 74.0966
8.13 74.0518
8.13 73.9868
8.14 73.8952
8.14 73.7705
8.15 73.6072
8.15 73.4029
8.16 73.1598
8.16 72.8880
8.17 72.6059
8.17 72.3401
8.18 72.1212
8.18 71.9768
8.19 71.9239
8.19 71.9637
8.2 72.0812
8.2 72.2500
8.21 72.4402
8.21 72.6252
8.22 72.7863
8.22 72.9134
8.23 73.0041
8.23 73.0614
8.24 73.0910
8.24 73.0998
8.25 73.0948
8.25 73.0818
8.26 73.0660
8.26 73.0509
8.27 73.0390
8.27 73.0321
8.28 73.0312
8.28 73.0368
8.29 73.0491
8.29 73.0681
8.3 73.0938
8.3 73.1261
8.31 73.1646
8.31 73.2090
8.32 73.2587
8.32 73.3129
8.33 73.3704
8.33 73.4293
8.34 73.4869
8.34 73.5393
8.35 73.5810
8.35 73.6045
8.36 73.5998
8.36 73.5536
8.37 73.4495
8.37 73.2684
8.38 72.9902
8.38 72.5981
8.39 72.0860
8.39 71.4692
8.4 70.7941
8.4 70.1408
8.41 69.6093
8.41 69.2863
8.42 69.2093
8.42 69.3499
8.43 69.6299
8.43 69.9588
8.44 70.2671
8.44 70.5201
8.45 70.7126
8.45 70.8555
8.46 70.9641
8.46 71.0517
8.47 71.1298
8.47 71.2102
8.48 71.3069
8.48 71.4344
8.49 71.6047
8.49 71.8226
8.5 72.0834
8.5 72.3741
8.51 72.6768
8.51 72.9727
8.52 73.2461
8.52 73.4859
8.53 73.6859
8.53 73.8435
8.54 73.9581
8.54 74.0299
8.55 74.0581
8.55 74.0397
8.56 73.9694
8.56 73.8393
8.57 73.6396
8.57 73.3610
8.58 72.9991
8.58 72.5602
8.59 72.0692
8.59 71.5750
8.6 71.1484
8.6 70.8677
8.61 70.7949
8.61 70.9502
8.62 71.3041
8.62 71.7896
8.63 72.3276
8.63 72.8507
8.64 73.3147
8.64 73.6989
8.65 73.9995
8.65 74.2226
8.66 74.3780
8.66 74.4756
8.67 74.5234
8.67 74.5268
8.68 74.4885
8.68 74.4089
8.69 74.2869
8.69 74.1209
8.7 73.9098
8.7 73.6548
8.71 73.3604
8.71 73.0359
8.72 72.6962
8.72 72.3618
8.73 72.0568
8.73 71.8066
8.74 71.6335
8.74 71.5533
8.75 71.5714
8.75 71.6821
8.76 71.8692
8.76 72.1093
8.77 72.3756
8.77 72.6424
8.78 72.8889
8.78 73.1003
8.79 73.2689
8.79 73.3935
8.8 73.4775
8.8 73.5283
8.81 73.5546
8.81 73.5660
8.82 73.5708
8.82 73.5760
8.83 73.5862
8.83 73.6037
8.84 73.6283
8.84 73.6584
8.85 73.6914
8.85 73.7240
8.86 73.7533
8.86 73.7767
8.87 73.7926
8.87 73.7998
8.88 73.7981
8.88 73.7875
8.89 73.7686
8.89 73.7421
8.9 73.7089
8.9 73.6700
8.91 73.6264
8.91 73.5787
8.92 73.5276
8.92 73.4736
8.93 73.4171
8.93 73.3581
8.94 73.2969
8.94 73.2334
8.95 73.1673
8.96 73.0986
8.96 73.0269
8.97 72.9518
8.97 72.8732
8.98 72.7906
8.98 72.7040
8.99 72.6133
8.99 72.5186
9.0 72.4203
9.0 72.3191
9.01 72.2159
9.01 72.1119
9.02 72.0086
9.02 71.9077
9.03 71.8109
9.03 71.7204
9.04 71.6378
9.04 71.5650
9.05 71.5034
9.05 71.4540
9.06 71.4173
9.06 71.3936
9.07 71.3823
9.07 71.3825
9.08 71.3930
9.08 71.4121
9.09 71.4380
9.09 71.4688
9.1 71.5026
9.1 71.5376
9.11 71.5722
9.11 71.6052
9.12 71.6353
9.12 71.6618
9.13 71.6841
9.13 71.7020
9.14 71.7155
9.14 71.7247
9.15 71.7299
9.15 71.7314
9.16 71.7296
9.16 71.7251
9.17 71.7183
9.17 71.7099
9.18 71.7003
9.18 71.6899
9.19 71.6792
9.19 71.6687
9.2 71.6586
9.2 71.6495
9.21 71.6417
9.21 71.6354
9.22 71.6310
9.22 71.6286
9.23 71.6285
9.23 71.6309
9.24 71.6360
9.24 71.6441
9.25 71.6553
9.25 71.6698
9.26 71.6879
9.26 71.7097
9.27 71.7353
9.27 71.7650
9.28 71.7987
9.28 71.8367
9.29 71.8789
9.29 71.9252
9.3 71.9753
9.3 72.0286
9.31 72.0842
9.31 72.1401
9.32 72.1936
9.32 72.2402
9.33 72.2729
9.33 72.2811
9.34 72.2487
9.34 72.1520
9.35 71.9571
9.35 71.6180
9.36 71.0785
9.36 70.2824
9.37 69.2017
9.37 67.8875
9.38 66.5277
9.38 65.4521
9.39 65.0117
9.39 65.3685
9.4 66.3778
9.4 67.6944
9.41 68.9842
9.41 70.0512
9.42 70.8384
9.42 71.3711
9.43 71.7043
9.43 71.8945
9.44 71.9874
9.44 72.0168
9.45 72.0060
9.45 71.9705
9.46 71.9204
9.46 71.8620
9.47 71.7993
9.47 71.7347
9.48 71.6695
9.48 71.6044
9.49 71.5401
9.49 71.4765
9.5 71.4137
9.5 71.3518
9.51 71.2906
9.51 71.2302
9.52 71.1705
9.52 71.1115
9.53 71.0531
9.53 70.9954
9.54 70.9383
9.54 70.8820
9.55 70.8264
9.55 70.7715
9.56 70.7175
9.56 70.6645
9.57 70.6124
9.57 70.5613
9.58 70.5113
9.58 70.4625
9.59 70.4149
9.59 70.3688
9.6 70.3241
9.6 70.2810
9.61 70.2396
9.61 70.2000
9.62 70.1623
9.62 70.1265
9.63 70.0928
9.63 70.0613
9.64 70.0319
9.64 70.0048
9.65 69.9799
9.65 69.9575
9.66 69.9375
9.66 69.9200
9.67 69.9051
9.67 69.8928
9.68 69.8831
9.68 69.8759
9.69 69.8714
9.69 69.8695
9.7 69.8703
9.7 69.8737
9.71 69.8795
9.71 69.8879
9.72 69.8986
9.72 69.9116
9.73 69.9268
9.73 69.9441
9.74 69.9634
9.74 69.9846
9.75 70.0075
9.75 70.0319
9.76 70.0575
9.76 70.0841
9.77 70.1114
9.77 70.1392
9.78 70.1672
9.78 70.1950
9.79 70.2223
9.79 70.2488
9.8 70.2743
9.8 70.2985
9.81 70.3211
9.81 70.3419
9.82 70.3610
9.82 70.3782
9.83 70.3935
9.83 70.4072
9.84 70.4194
9.84 70.4304
9.85 70.4407
9.85 70.4506
9.86 70.4605
9.86 70.4709
9.87 70.4822
9.87 70.4945
9.88 70.5083
9.88 70.5237
9.89 70.5408
9.89 70.5597
9.9 70.5806
9.9 70.6038
9.91 70.6296
9.91 70.6584
9.92 70.6910
9.92 70.7279
9.93 70.7699
9.93 70.8175
9.94 70.8713
9.94 70.9314
9.95 70.9977
9.95 71.0694
9.96 71.1451
9.96 71.2229
9.97 71.3000
9.97 71.3728
9.98 71.4364
9.98 71.4853
9.99 71.5122
9.99 71.5083
10.0 71.4637
10.0 71.3672
10.0 71.2078
10.0 70.9765
10.0 70.6705
10.0 70.2978
10.0 69.8831
10.0 69.4706
10.0 69.1207
10.0 68.8974
10.0 68.8493
10.1 68.9914
10.1 69.2995
10.1 69.7198
10.1 70.1882
10.1 70.6486
10.1 71.0626
10.1 71.4109
10.1 71.6891
10.1 71.9024
10.1 72.0605
10.1 72.1743
10.1 72.2543
10.1 72.3094
10.1 72.3466
10.1 72.3713
10.1 72.3871
10.1 72.3961
10.1 72.3991
10.1 72.3956
10.1 72.3839
10.2 72.3612
10.2 72.3234
10.2 72.2654
10.2 72.1814
10.2 72.0653
10.2 71.9116
10.2 71.7170
10.2 71.4821
10.2 71.2140
10.2 70.9281
10.2 70.6485
10.2 70.4056
10.2 70.2310
10.2 70.1493
10.2 70.1708
10.2 70.2880
10.2 70.4777
10.2 70.7084
10.2 70.9481
10.2 71.1710
10.3 71.3610
10.3 71.5117
10.3 71.6248
10.3 71.7070
10.3 71.7682
10.3 71.8187
10.3 71.8677
10.3 71.9224
10.3 71.9874
10.3 72.0646
10.3 72.1536
10.3 72.2521
10.3 72.3568
10.3 72.4633
10.3 72.5667
10.3 72.6605
10.3 72.7366
10.3 72.7832
10.3 72.7828
10.3 72.7087
10.4 72.5213
10.4 72.1640
10.4 71.5627
10.4 70.6368
10.4 69.3349
10.4 67.7093
10.4 66.0092
10.4 64.6947
10.4 64.2446
10.4 64.8256
10.4 66.1578
10.4 67.7397
10.4 69.1663
10.4 70.2562
10.4 70.9999
10.4 71.4661
10.4 71.7382
10.4 71.8870
10.4 71.9639
10.4 72.0033
10.5 72.0263
10.5 72.0452
10.5 72.0661
10.5 72.0918
10.5 72.1226
10.5 72.1579
10.5 72.1966
10.5 72.2377
10.5 72.2801
10.5 72.3228
10.5 72.3651
10.5 72.4060
10.5 72.4449
10.5 72.4806
10.5 72.5119
10.5 72.5372
10.5 72.5546
10.5 72.5618
10.5 72.5559
10.5 72.5338
10.6 72.4922
10.6 72.4279
10.6 72.3382
10.6 72.2214
10.6 72.0781
10.6 71.9108
10.6 71.7252
10.6 71.5293
10.6 71.3324
10.6 71.1426
10.6 70.9650
10.6 70.7988
10.6 70.6373
10.6 70.4709
10.6 70.2919
10.6 70.1012
10.6 69.9143
10.6 69.7616
10.6 69.6833
10.6 69.7165
10.7 69.8811
10.7 70.1706
10.7 70.5536
10.7 70.9844
10.7 71.4167
10.7 71.8139
10.7 72.1534
10.7 72.4260
10.7 72.6322
10.7 72.7785
10.7 72.8741
10.7 72.9287
10.7 72.9514
10.7 72.9497
10.7 72.9302
10.7 72.8976
10.7 72.8561
10.7 72.8083
10.7 72.7565
10.7 72.7022
10.8 72.6463
10.8 72.5896
10.8 72.5326
10.8 72.4753
10.8 72.4181
10.8 72.3612
10.8 72.3047
10.8 72.2491
10.8 72.1947
10.8 72.1421
10.8 72.0922
10.8 72.0457
10.8 72.0038
10.8 71.9675
10.8 71.9380
10.8 71.9164
10.8 71.9037
10.8 71.9008
10.8 71.9083
10.8 71.9264
10.9 71.9551
10.9 71.9941
10.9 72.0428
10.9 72.1005
10.9 72.1662
10.9 72.2387
10.9 72.3165
10.9 72.3978
10.9 72.4799
10.9 72.5596
10.9 72.6318
10.9 72.6900
10.9 72.7253
10.9 72.7259
10.9 72.6776
10.9 72.5643
10.9 72.3701
10.9 72.0837
10.9 71.7055
10.9 71.2570
11.0 70.7880
11.0 70.3773
11.0 70.1170
11.0 70.0834
11.0 70.3051
11.0 70.7500
11.0 71.3401
11.0 71.9825
11.0 72.5992
11.0 73.1408
11.0 73.5864
11.0 73.9349
11.0 74.1965
11.0 74.3856
11.0 74.5162
11.0 74.6001
11.0 74.6455
11.0 74.6576
11.0 74.6374
11.0 74.5827
11.1 74.4883
11.1 74.3455
11.1 74.1433
11.1 73.8699
11.1 73.5153
11.1 73.0765
11.1 72.5638
11.1 72.0085
11.1 71.4659
11.1 71.0107
11.1 70.7188
11.1 70.6419
11.1 70.7865
11.1 71.1109
11.1 71.5430
11.1 72.0060
11.1 72.4393
11.1 72.8065
11.1 73.0932
11.1 73.3010
11.2 73.4396
11.2 73.5224
11.2 73.5627
11.2 73.5722
11.2 73.5606
11.2 73.5354
11.2 73.5021
11.2 73.4647
11.2 73.4260
11.2 73.3876
11.2 73.3506
11.2 73.3156
11.2 73.2828
11.2 73.2522
11.2 73.2238
11.2 73.1973
11.2 73.1729
11.2 73.1504
11.2 73.1299
11.2 73.1115
11.3 73.0953
11.3 73.0814
11.3 73.0702
11.3 73.0617
11.3 73.0563
11.3 73.0543
11.3 73.0559
11.3 73.0614
11.3 73.0709
11.3 73.0846
11.3 73.1026
11.3 73.1248
11.3 73.1514
11.3 73.1820
11.3 73.2163
11.3 73.2534
11.3 73.2927
11.3 73.3327
11.3 73.3716
11.3 73.4069
11.4 73.4355
11.4 73.4533
11.4 73.4551
11.4 73.4347
11.4 73.3848
11.4 73.2976
11.4 73.1656
11.4 72.9832
11.4 72.7492
11.4 72.4697
11.4 72.1615
11.4 71.8538
11.4 71.5857
11.4 71.4001
11.4 71.3320
11.4 71.3976
11.4 71.5883
11.4 71.8738
11.4 72.2113
11.4 72.5576
11.5 72.8777
11.5 73.1487
11.5 73.3596
11.5 73.5083
11.5 73.5989
11.5 73.6389
11.5 73.6375
11.5 73.6045
11.5 73.5502
11.5 73.4842
11.5 73.4161
11.5 73.3541
11.5 73.3053
11.5 73.2749
11.5 73.2658
11.5 73.2782
11.5 73.3106
11.5 73.3594
11.5 73.4204
11.5 73.4885
11.6 73.5595
11.6 73.6294
11.6 73.6956
11.6 73.7561
11.6 73.8100
11.6 73.8569
11.6 73.8971
11.6 73.9310
11.6 73.9593
11.6 73.9825
11.6 74.0011
11.6 74.0156
11.6 74.0262
11.6 74.0332
11.6 74.0367
11.6 74.0366
11.6 74.0330
11.6 74.0261
11.6 74.0160
11.6 74.0029
11.7 73.9873
11.7 73.9697
11.7 73.9506
11.7 73.9309
11.7 73.9114
11.7 73.8926
11.7 73.8753
11.7 73.8598
11.7 73.8461
11.7 73.8335
11.7 73.8207
11.7 73.8054
11.7 73.7845
11.7 73.7540
11.7 73.7088
11.7 73.6437
11.7 73.5536
11.7 73.4347
11.7 73.2856
11.7 73.1093
11.8 72.9140
11.8 72.7149
11.8 72.5324
11.8 72.3904
11.8 72.3109
11.8 72.3091
11.8 72.3888
11.8 72.5415
11.8 72.7485
11.8 72.9863
11.8 73.2313
11.8 73.4640
11.8 73.6714
11.8 73.8463
11.8 73.9868
11.8 74.0947
11.8 74.1735
11.8 74.2278
11.8 74.2626
11.8 74.2826
11.9 74.2919
11.9 74.2940
11.9 74.2920
11.9 74.2882
11.9 74.2847
11.9 74.2830
11.9 74.2842
11.9 74.2895
11.9 74.2995
11.9 74.3148
11.9 74.3356
11.9 74.3621
11.9 74.3942
11.9 74.4317
11.9 74.4740
11.9 74.5201
11.9 74.5687
11.9 74.6180
11.9 74.6652
11.9 74.7069
12.0 74.7383
12.0 74.7537
12.0 74.7460
12.0 74.7073
12.0 74.6287
12.0 74.5024
12.0 74.3233
12.0 74.0921
12.0 73.8189
12.0 73.5261
12.0 73.2491
12.0 73.0317
12.0 72.9159
12.0 72.9296
12.0 73.0766
12.0 73.3352
12.0 73.6652
12.0 74.0205
12.0 74.3603
12.0 74.6553
12.1 74.8890
12.1 75.0550
12.1 75.1534
12.1 75.1878
12.1 75.1624
12.1 75.0814
12.1 74.9479
12.1 74.7642
12.1 74.5327
12.1 74.2567
12.1 73.9417
12.1 73.5965
12.1 73.2350
12.1 72.8762
12.1 72.5439
12.1 72.2647
12.1 72.0638
12.1 71.9603
12.1 71.9629
12.1 72.0675
12.2 72.2578
12.2 72.5092
12.2 72.7940
12.2 73.0860
12.2 73.3641
12.2 73.6138
12.2 73.8267
12.2 73.9997
12.2 74.1334
12.2 74.2306
12.2 74.2954
12.2 74.3320
12.2 74.3446
12.2 74.3366
12.2 74.3106
12.2 74.2684
12.2 74.2109
12.2 74.1381
12.2 74.0490
12.2 73.9422
12.3 73.8151
12.3 73.6655
12.3 73.4907
12.3 73.2891
12.3 73.0602
12.3 72.8060
12.3 72.5320
12.3 72.2473
12.3 71.9652
12.3 71.7018
12.3 71.4744
12.3 71.2980
12.3 71.1829
12.3 71.1325
12.3 71.1425
12.3 71.2030
12.3 71.3004
12.3 71.4205
12.3 71.5509
12.3 71.6818
12.4 71.8064
12.4 71.9207
12.4 72.0226
12.4 72.1113
12.4 72.1871
12.4 72.2504
12.4 72.3021
12.4 72.3431
12.4 72.3743
12.4 72.3969
12.4 72.4120
12.4 72.4206
12.4 72.4238
12.4 72.4226
12.4 72.4181
12.4 72.4111
12.4 72.4027
12.4 72.3936
12.4 72.3846
12.4 72.3765
12.5 72.3698
12.5 72.3650
12.5 72.3628
12.5 72.3638
12.5 72.3685
12.5 72.3773
12.5 72.3907
12.5 72.4090
12.5 72.4323
12.5 72.4607
12.5 72.4936
12.5 72.5300
12.5 72.5680
12.5 72.6046
12.5 72.6352
12.5 72.6526
12.5 72.6464
12.5 72.6023
12.5 72.5006
12.5 72.3164
12.6 72.0208
12.6 71.5850
12.6 70.9912
12.6 70.2505
12.6 69.4254
12.6 68.6433
12.6 68.0779
12.6 67.8874
12.6 68.1345
12.6 68.7510
12.6 69.5759
12.6 70.4355
12.6 71.2042
12.6 71.8211
12.6 72.2758
12.6 72.5866
12.6 72.7818
12.6 72.8905
12.6 72.9372
12.6 72.9417
12.7 72.9185
12.7 72.8785
12.7 72.8296
12.7 72.7772
12.7 72.7253
12.7 72.6769
12.7 72.6339
12.7 72.5977
12.7 72.5692
12.7 72.5487
12.7 72.5365
12.7 72.5324
12.7 72.5360
12.7 72.5469
12.7 72.5644
12.7 72.5879
12.7 72.6167
12.7 72.6502
12.7 72.6877
12.7 72.7288
12.8 72.7731
12.8 72.8201
12.8 72.8697
12.8 72.9216
12.8 72.9759
12.8 73.0325
12.8 73.0914
12.8 73.1526
12.8 73.2162
12.8 73.2821
12.8 73.3505
12.8 73.4213
12.8 73.4945
12.8 73.5701
12.8 73.6480
12.8 73.7279
12.8 73.8097
12.8 73.8930
12.8 73.9776
12.8 74.0629
12.9 74.1487
12.9 74.2345
12.9 74.3196
12.9 74.4037
12.9 74.4863
12.9 74.5669
12.9 74.6452
12.9 74.7210
12.9 74.7944
12.9 74.8655
12.9 74.9348
12.9 75.0025
12.9 75.0694
12.9 75.1359
12.9 75.2025
12.9 75.2693
12.9 75.3360
12.9 75.4014
12.9 75.4639
12.9 75.5212
13.0 75.5702
13.0 75.6074
13.0 75.6286
13.0 75.6297
13.0 75.6057
13.0 75.5512
13.0 75.4596
13.0 75.3222
13.0 75.1275
13.0 74.8615
13.0 74.5095
13.0 74.0607
13.0 73.5183
13.0 72.9122
13.0 72.3096
13.0 71.8135
13.0 71.5370
13.0 71.5593
13.0 71.8865
13.0 72.4462
13.1 73.1215
13.1 73.7970
13.1 74.3911
13.1 74.8634
13.1 75.2064
13.1 75.4318
13.1 75.5598
13.1 75.6116
13.1 75.6065
13.1 75.5600
13.1 75.4843
13.1 75.3884
13.1 75.2789
13.1 75.1606
13.1 75.0367
13.1 74.9096
13.1 74.7810
13.1 74.6520
13.1 74.5235
13.1 74.3959
13.2 74.2698
13.2 74.1455
13.2 74.0231
13.2 73.9029
13.2 73.7850
13.2 73.6697
13.2 73.5570
13.2 73.4470
13.2 73.3399
13.2 73.2358
13.2 73.1346
13.2 73.0367
13.2 72.9420
13.2 72.8507
13.2 72.7627
13.2 72.6782
13.2 72.5971
13.2 72.5193
13.2 72.4450
13.2 72.3739
13.3 72.3060
13.3 72.2411
13.3 72.1792
13.3 72.1199
13.3 72.0632
13.3 72.0088
13.3 71.9565
13.3 71.9064
13.3 71.8582
13.3 71.8119
13.3 71.7674
13.3 71.7247
13.3 71.6839
13.3 71.6447
13.3 71.6073
13.3 71.5718
13.3 71.5380
13.3 71.5061
13.3 71.4761
13.3 71.4480
13.4 71.4218
13.4 71.3974
13.4 71.3749
13.4 71.3542
13.4 71.3353
13.4 71.3181
13.4 71.3026
13.4 71.2887
13.4 71.2763
13.4 71.2655
13.4 71.2563
13.4 71.2488
13.4 71.2428
13.4 71.2385
13.4 71.2360
13.4 71.2352
13.4 71.2363
13.4 71.2395
13.4 71.2449
13.4 71.2526
13.5 71.2628
13.5 71.2758
13.5 71.2916
13.5 71.3105
13.5 71.3326
13.5 71.3580
13.5 71.3870
13.5 71.4196
13.5 71.4559
13.5 71.4958
13.5 71.5392
13.5 71.5857
13.5 71.6348
13.5 71.6857
13.5 71.7370
13.5 71.7868
13.5 71.8322
13.5 71.8691
13.5 71.8917
13.5 71.8918
13.6 71.8583
13.6 71.7763
13.6 71.6269
13.6 71.3871
13.6 71.0328
13.6 70.5441
13.6 69.9165
13.6 69.1776
13.6 68.4024
13.6 67.7161
13.6 67.2668
13.6 67.1688
13.6 67.4462
13.6 68.0204
13.6 68.7514
13.6 69.4994
13.6 70.1672
13.6 70.7085
13.6 71.1161
13.6 71.4048
13.7 71.5977
13.7 71.7183
13.7 71.7866
13.7 71.8187
13.7 71.8264
13.7 71.8184
13.7 71.8006
13.7 71.7772
13.7 71.7509
13.7 71.7237
13.7 71.6965
13.7 71.6702
13.7 71.6450
13.7 71.6211
13.7 71.5984
13.7 71.5766
13.7 71.5552
13.7 71.5334
13.7 71.5102
13.7 71.4843
13.8 71.4542
13.8 71.4178
13.8 71.3729
13.8 71.3168
13.8 71.2469
13.8 71.1603
13.8 71.0548
13.8 70.9289
13.8 70.7826
13.8 70.6183
13.8 70.4416
13.8 70.2616
13.8 70.0910
13.8 69.9450
13.8 69.8393
13.8 69.7872
13.8 69.7970
13.8 69.8697
13.8 69.9994
13.8 70.1739
13.9 70.3782
13.9 70.5967
13.9 70.8159
13.9 71.0255
13.9 71.2188
13.9 71.3925
13.9 71.5454
13.9 71.6782
13.9 71.7925
13.9 71.8899
13.9 71.9719
13.9 72.0398
13.9 72.0939
13.9 72.1335
13.9 72.1573
13.9 72.1628
13.9 72.1464
13.9 72.1038
13.9 72.0297
13.9 71.9190
14.0 71.7672
14.0 71.5719
14.0 71.3350
14.0 71.0641
14.0 70.7747
14.0 70.4905
14.0 70.2415
14.0 70.0590
14.0 69.9686
14.0 69.9838
14.0 70.1023
14.0 70.3073
14.0 70.5730
14.0 70.8714
14.0 71.1783
14.0 71.4762
14.0 71.7543
14.0 72.0080
14.0 72.2364
14.0 72.4408
14.1 72.6234
14.1 72.7863
14.1 72.9316
14.1 73.0609
14.1 73.1753
14.1 73.2756
14.1 73.3618
14.1 73.4336
14.1 73.4900
14.1 73.5292
14.1 73.5484
14.1 73.5434
14.1 73.5088
14.1 73.4375
14.1 73.3211
14.1 73.1501
14.1 72.9152
14.1 72.6093
14.1 72.2308
14.1 71.7883
14.2 71.3050
14.2 70.8212
14.2 70.3918
14.2 70.0750
14.2 69.9173
14.2 69.9374
14.2 70.1200
14.2 70.4231
14.2 70.7924
14.2 71.1771
14.2 71.5394
14.2 71.8568
14.2 72.1197
14.2 72.3275
14.2 72.4842
14.2 72.5961
14.2 72.6698
14.2 72.7116
14.2 72.7271
14.2 72.7211
14.3 72.6976
14.3 72.6602
14.3 72.6119
14.3 72.5552
14.3 72.4922
14.3 72.4248
14.3 72.3546
14.3 72.2828
14.3 72.2106
14.3 72.1388
14.3 72.0683
14.3 71.9995
14.3 71.9330
14.3 71.8692
14.3 71.8084
14.3 71.7509
14.3 71.6970
14.3 71.6469
14.3 71.6005
14.3 71.5580
14.4 71.5194
14.4 71.4846
14.4 71.4536
14.4 71.4265
14.4 71.4029
14.4 71.3830
14.4 71.3664
14.4 71.3528
14.4 71.3421
14.4 71.3336
14.4 71.3270
14.4 71.3216
14.4 71.3166
14.4 71.3111
14.4 71.3038
14.4 71.2934
14.4 71.2781
14.4 71.2561
14.4 71.2253
14.4 71.1831
14.5 71.1272
14.5 71.0552
14.5 70.9652
14.5 70.8562
14.5 70.7285
14.5 70.5847
14.5 70.4298
14.5 70.2719
14.5 70.1218
14.5 69.9921
14.5 69.8957
14.5 69.8434
14.5 69.8422
14.5 69.8933
14.5 69.9920
14.5 70.1288
14.5 70.2913
14.5 70.4665
14.5 70.6427
14.5 70.8106
14.6 70.9638
14.6 71.0989
14.6 71.2147
14.6 71.3116
14.6 71.3912
14.6 71.4557
14.6 71.5076
14.6 71.5492
14.6 71.5828
14.6 71.6104
14.6 71.6338
14.6 71.6546
14.6 71.6739
14.6 71.6929
14.6 71.7124
14.6 71.7331
14.6 71.7558
14.6 71.7808
14.6 71.8085
14.6 71.8392
14.7 71.8732
14.7 71.9107
14.7 71.9517
14.7 71.9965
14.7 72.0450
14.7 72.0974
14.7 72.1534
14.7 72.2132
14.7 72.2766
14.7 72.3432
14.7 72.4128
14.7 72.4849
14.7 72.5587
14.7 72.6336
14.7 72.7083
14.7 72.7818
14.7 72.8521
14.7 72.9173
14.7 72.9746
14.7 73.0211
14.8 73.0528
14.8 73.0653
14.8 73.0536
14.8 73.0120
14.8 72.9345
14.8 72.8155
14.8 72.6501
14.8 72.4357
14.8 72.1733
14.8 71.8694
14.8 71.5373
14.8 71.1988
14.8 70.8830
14.8 70.6235
14.8 70.4530
14.8 70.3970
14.8 70.4671
14.8 70.6581
14.8 70.9495
14.8 71.3104
14.9 71.7064
14.9 72.1056
14.9 72.4831
14.9 72.8219
14.9 73.1127
14.9 73.3527
14.9 73.5431
14.9 73.6880
14.9 73.7928
14.9 73.8634
14.9 73.9054
14.9 73.9242
14.9 73.9243
14.9 73.9098
14.9 73.8840
14.9 73.8497
14.9 73.8091
14.9 73.7642
14.9 73.7165
14.9 73.6672
15.0 73.6173
15.0 73.5679
15.0 73.5197
15.0 73.4734
15.0 73.4296
15.0 73.3888
15.0 73.3515
15.0 73.3182
15.0 73.2892
15.0 73.2648
15.0 73.2453
15.0 73.2307
15.0 73.2212
15.0 73.2167
15.0 73.2169
15.0 73.2217
15.0 73.2306
15.0 73.2433
15.0 73.2590
15.0 73.2773
15.1 73.2972
15.1 73.3179
15.1 73.3383
15.1 73.3574
15.1 73.3738
15.1 73.3858
15.1 73.3919
15.1 73.3898
15.1 73.3775
15.1 73.3522
15.1 73.3117
15.1 73.2534
15.1 73.1753
15.1 73.0762
15.1 72.9562
15.1 72.8180
15.1 72.6666
15.1 72.5107
15.1 72.3618
15.1 72.2340
15.2 72.1418
15.2 72.0978
15.2 72.1105
15.2 72.1820
15.2 72.3078
15.2 72.4778
15.2 72.6786
15.2 72.8959
15.2 73.1166
15.2 73.3306
15.2 73.5307
15.2 73.7130
15.2 73.8759
15.2 74.0199
15.2 74.1462
15.2 74.2570
15.2 74.3544
15.2 74.4402
15.2 74.5162
15.2 74.5836
15.3 74.6430
15.3 74.6948
15.3 74.7385
15.3 74.7735
15.3 74.7984
15.3 74.8114
15.3 74.8104
15.3 74.7927
15.3 74.7554
15.3 74.6956
15.3 74.6105
15.3 74.4979
15.3 74.3570
15.3 74.1891
15.3 73.9990
15.3 73.7957
15.3 73.5934
15.3 73.4112
15.3 73.2711
15.3 73.1944
15.4 73.1962
15.4 73.2801
15.4 73.4359
15.4 73.6393
15.4 73.8568
15.4 74.0518
15.4 74.1918
15.4 74.2535
15.4 74.2267
15.4 74.1158
15.4 73.9372
15.4 73.7137
15.4 73.4646
15.4 73.1955
15.4 72.8930
15.4 72.5320
15.4 72.0963
15.4 71.6067
15.4 71.1421
15.4 70.8301
15.5 70.7975
15.5 71.1033
15.5 71.7016
15.5 72.4658
15.5 73.2507
15.5 73.9458
15.5 74.4948
15.5 74.8867
15.5 75.1380
15.5 75.2757
15.5 75.3284
15.5 75.3209
15.5 75.2730
15.5 75.1997
15.5 75.1117
15.5 75.0166
15.5 74.9193
15.5 74.8231
15.5 74.7299
15.5 74.6405
15.6 74.5553
15.6 74.4739
15.6 74.3957
15.6 74.3198
15.6 74.2453
15.6 74.1710
15.6 74.0961
15.6 74.0197
15.6 73.9410
15.6 73.8594
15.6 73.7746
15.6 73.6868
15.6 73.5961
15.6 73.5033
15.6 73.4090
15.6 73.3140
15.6 73.2189
15.6 73.1240
15.6 73.0293
15.6 72.9345
15.7 72.8389
15.7 72.7419
15.7 72.6430
15.7 72.5425
15.7 72.4417
15.7 72.3433
15.7 72.2516
15.7 72.1718
15.7 72.1101
15.7 72.0723
15.7 72.0626
15.7 72.0833
15.7 72.1333
15.7 72.2092
15.7 72.3046
15.7 72.4122
15.7 72.5240
15.7 72.6329
15.7 72.7329
15.7 72.8198
15.8 72.8909
15.8 72.9449
15.8 72.9821
15.8 73.0034
15.8 73.0104
15.8 73.0049
15.8 72.9887
15.8 72.9640
15.8 72.9325
15.8 72.8958
15.8 72.8557
15.8 72.8133
15.8 72.7699
15.8 72.7264
15.8 72.6837
15.8 72.6425
15.8 72.6034
15.8 72.5668
15.8 72.5332
15.8 72.5027
15.9 72.4755
15.9 72.4517
15.9 72.4312
15.9 72.4137
15.9 72.3988
15.9 72.3860
15.9 72.3745
15.9 72.3633
15.9 72.3511
15.9 72.3365
15.9 72.3174
15.9 72.2916
15.9 72.2566
15.9 72.2098
15.9 72.1483
15.9 72.0697
15.9 71.9725
15.9 71.8563
15.9 71.7230
15.9 71.5773
16.0 71.4271
16.0 71.2836
16.0 71.1602
16.0 71.0708
16.0 71.0270
16.0 71.0357
16.0 71.0967
16.0 71.2027
16.0 71.3402
16.0 71.4917
16.0 71.6385
16.0 71.7629
16.0 71.8497
16.0 71.8872
16.0 71.8678
16.0 71.7886
16.0 71.6519
16.0 71.4672
16.0 71.2515
16.0 71.0300
16.1 70.8332
16.1 70.6926
16.1 70.6337
16.1 70.6697
16.1 70.7974
16.1 70.9987
16.1 71.2458
16.1 71.5084
16.1 71.7592
16.1 71.9783
16.1 72.1531
16.1 72.2781
16.1 72.3531
16.1 72.3815
16.1 72.3693
16.1 72.3238
16.1 72.2536
16.1 72.1683
16.1 72.0777
16.1 71.9914
16.2 71.9185
16.2 71.8666
16.2 71.8406
16.2 71.8430
16.2 71.8731
16.2 71.9278
16.2 72.0022
16.2 72.0905
16.2 72.1866
16.2 72.2851
16.2 72.3814
16.2 72.4718
16.2 72.5530
16.2 72.6220
16.2 72.6748
16.2 72.7057
16.2 72.7062
16.2 72.6626
16.2 72.5544
16.2 72.3520
16.3 72.0148
16.3 71.4928
16.3 70.7359
16.3 69.7178
16.3 68.4794
16.3 67.1807
16.3 66.1108
16.3 65.5956
16.3 65.8153
16.3 66.6801
16.3 67.8941
16.3 69.1379
16.3 70.2030
16.3 71.0112
16.3 71.5708
16.3 71.9275
16.3 72.1326
16.3 72.2302
16.3 72.2532
16.3 72.2244
16.4 72.1582
16.4 72.0634
16.4 71.9442
16.4 71.8022
16.4 71.6375
16.4 71.4492
16.4 71.2366
16.4 71.0004
16.4 70.7428
16.4 70.4689
16.4 70.1873
16.4 69.9101
16.4 69.6525
16.4 69.4318
16.4 69.2645
16.4 69.1645
16.4 69.1398
16.4 69.1913
16.4 69.3122
16.4 69.4894
16.5 69.7059
16.5 69.9434
16.5 70.1855
16.5 70.4185
16.5 70.6328
16.5 70.8224
16.5 70.9848
16.5 71.1199
16.5 71.2294
16.5 71.3161
16.5 71.3832
16.5 71.4340
16.5 71.4719
16.5 71.4997
16.5 71.5200
16.5 71.5349
16.5 71.5460
16.5 71.5544
16.5 71.5606
16.5 71.5648
16.6 71.5663
16.6 71.5638
16.6 71.5549
16.6 71.5363
16.6 71.5032
16.6 71.4493
16.6 71.3665
16.6 71.2450
16.6 71.0734
16.6 70.8403
16.6 70.5363
16.6 70.1580
16.6 69.7138
16.6 69.2300
16.6 68.7537
16.6 68.3494
16.6 68.0853
16.6 68.0115
16.6 68.1410
16.6 68.4445
16.7 68.8619
16.7 69.3244
16.7 69.7728
16.7 70.1683
16.7 70.4919
16.7 70.7406
16.7 70.9206
16.7 71.0423
16.7 71.1173
16.7 71.1565
16.7 71.1691
16.7 71.1626
16.7 71.1428
16.7 71.1143
16.7 71.0804
16.7 71.0435
16.7 71.0054
16.7 70.9674
16.7 70.9305
16.7 70.8953
16.8 70.8620
16.8 70.8310
16.8 70.8025
16.8 70.7766
16.8 70.7532
16.8 70.7323
16.8 70.7139
16.8 70.6980
16.8 70.6843
16.8 70.6729
16.8 70.6636
16.8 70.6563
16.8 70.6508
16.8 70.6471
16.8 70.6449
16.8 70.6441
16.8 70.6446
16.8 70.6460
16.8 70.6482
16.8 70.6508
16.9 70.6538
16.9 70.6566
16.9 70.6591
16.9 70.6608
16.9 70.6614
16.9 70.6605
16.9 70.6577
16.9 70.6526
16.9 70.6447
16.9 70.6337
16.9 70.6192
16.9 70.6010
16.9 70.5791
16.9 70.5534
16.9 70.5241
16.9 70.4919
16.9 70.4574
16.9 70.4216
16.9 70.3859
16.9 70.3518
17.0 70.3208
17.0 70.2946
17.0 70.2749
17.0 70.2627
17.0 70.2591
17.0 70.2643
17.0 70.2782
17.0 70.3002
17.0 70.3292
17.0 70.3636
17.0 70.4020
17.0 70.4426
17.0 70.4837
17.0 70.5239
17.0 70.5618
17.0 70.5963
17.0 70.6267
17.0 70.6523
17.0 70.6725
17.0 70.6871
17.1 70.6958
17.1 70.6984
17.1 70.6949
17.1 70.6850
17.1 70.6687
17.1 70.6460
17.1 70.6167
17.1 70.5812
17.1 70.5396
17.1 70.4923
17.1 70.4402
17.1 70.3843
17.1 70.3261
17.1 70.2672
17.1 70.2096
17.1 70.1553
17.1 70.1061
17.1 70.0636
17.1 70.0288
17.1 70.0016
17.2 69.9810
17.2 69.9650
17.2 69.9506
17.2 69.9340
17.2 69.9110
17.2 69.8774
17.2 69.8294
17.2 69.7643
17.2 69.6811
17.2 69.5809
17.2 69.4674
17.2 69.3469
17.2 69.2282
17.2 69.1219
17.2 69.0385
17.2 68.9871
17.2 68.9737
17.2 68.9999
17.2 69.0628
17.2 69.1554
17.3 69.2685
17.3 69.3918
17.3 69.5161
17.3 69.6336
17.3 69.7388
17.3 69.8287
17.3 69.9018
17.3 69.9584
17.3 69.9997
17.3 70.0274
17.3 70.0437
17.3 70.0509
17.3 70.0509
17.3 70.0459
17.3 70.0374
17.3 70.0269
17.3 70.0160
17.3 70.0056
17.3 69.9968
17.3 69.9904
17.4 69.9871
17.4 69.9876
17.4 69.9923
17.4 70.0019
17.4 70.0167
17.4 70.0370
17.4 70.0631
17.4 70.0951
17.4 70.1333
17.4 70.1775
17.4 70.2275
17.4 70.2831
17.4 70.3435
17.4 70.4075
17.4 70.4735
17.4 70.5390
17.4 70.6004
17.4 70.6528
17.4 70.6895
17.4 70.7013
17.5 70.6761
17.5 70.5984
17.5 70.4487
17.5 70.2039
17.5 69.8385
17.5 69.3287
17.5 68.6587
17.5 67.8320
17.5 66.8851
17.5 65.9005
17.5 65.0069
17.5 64.3590
17.5 64.0915
17.5 64.2671
17.5 64.8483
17.5 65.7139
17.5 66.7078
17.5 67.6901
17.5 68.5654
17.5 69.2866
17.6 69.8442
17.6 70.2514
17.6 70.5319
17.6 70.7115
17.6 70.8146
17.6 70.8617
17.6 70.8694
17.6 70.8506
17.6 70.8151
17.6 70.7701
17.6 70.7210
17.6 70.6716
17.6 70.6246
17.6 70.5818
17.6 70.5445
17.6 70.5136
17.6 70.4895
17.6 70.4725
17.6 70.4629
17.6 70.4605
17.7 70.4653
17.7 70.4772
17.7 70.4961
17.7 70.5218
17.7 70.5541
17.7 70.5929
17.7 70.6378
17.7 70.6888
17.7 70.7455
17.7 70.8077
17.7 70.8749
17.7 70.9469
17.7 71.0233
17.7 71.1035
17.7 71.1871
17.7 71.2732
17.7 71.3612
17.7 71.4500
17.7 71.5387
17.7 71.6260
17.8 71.7107
17.8 71.7916
17.8 71.8673
17.8 71.9369
17.8 71.9994
17.8 72.0546
17.8 72.1032
17.8 72.1463
17.8 72.1866
17.8 72.2275
17.8 72.2732
17.8 72.3281
17.8 72.3956
17.8 72.4769
17.8 72.5698
17.8 72.6671
17.8 72.7559
17.8 72.8174
17.8 72.8275
17.8 72.7597
17.9 72.5896
17.9 72.3033
17.9 71.9099
17.9 71.4535
17.9 71.0199
17.9 70.7237
17.9 70.6725
17.9 70.9205
17.9 71.4423
17.9 72.1452
17.9 72.9124
17.9 73.6446
17.9 74.2805
17.9 74.7963
17.9 75.1938
17.9 75.4884
17.9 75.6997
17.9 75.8463
17.9 75.9438
17.9 76.0038
18.0 76.0346
18.0 76.0408
18.0 76.0248
18.0 75.9866
18.0 75.9251
18.0 75.8378
18.0 75.7224
18.0 75.5772
18.0 75.4024
18.0 75.2017
18.0 74.9832
18.0 74.7604
18.0 74.5517
18.0 74.3784
18.0 74.2614
18.0 74.2168
18.0 74.2517
18.0 74.3628
18.0 74.5369
18.0 74.7546
18.1 74.9939
18.1 75.2345
18.1 75.4592
18.1 75.6555
18.1 75.8148
18.1 75.9321
18.1 76.0046
18.1 76.0321
18.1 76.0164
18.1 75.9612
18.1 75.8727
18.1 75.7594
18.1 75.6316
18.1 75.5002
18.1 75.3751
18.1 75.2634
18.1 75.1677
18.1 75.0852
18.1 75.0081
18.1 74.9258
18.2 74.8274
18.2 74.7053
18.2 74.5575
18.2 74.3903
18.2 74.2180
18.2 74.0616
18.2 73.9443
18.2 73.8865
18.2 73.9001
18.2 73.9856
18.2 74.1323
18.2 74.3215
18.2 74.5314
18.2 74.7420
18.2 74.9375
18.2 75.1079
18.2 75.2480
18.2 75.3569
18.2 75.4363
18.2 75.4891
18.3 75.5186
18.3 75.5281
18.3 75.5203
18.3 75.4970
18.3 75.4595
18.3 75.4082
18.3 75.3428
18.3 75.2625
18.3 75.1659
18.3 75.0511
18.3 74.9156
18.3 74.7566
18.3 74.5705
18.3 74.3535
18.3 74.1014
18.3 73.8102
18.3 73.4781
18.3 73.1069
18.3 72.7060
18.3 72.2955
18.4 71.9082
18.4 71.5883
18.4 71.3829
18.4 71.3292
18.4 71.4414
18.4 71.7037
18.4 72.0753
18.4 72.5026
18.4 72.9339
18.4 73.3295
18.4 73.6653
18.4 73.9312
18.4 74.1274
18.4 74.2601
18.4 74.3386
18.4 74.3727
18.4 74.3718
18.4 74.3439
18.4 74.2960
18.4 74.2335
18.5 74.1610
18.5 74.0816
18.5 73.9978
18.5 73.9114
18.5 73.8235
18.5 73.7349
18.5 73.6459
18.5 73.5562
18.5 73.4657
18.5 73.3736
18.5 73.2794
18.5 73.1823
18.5 73.0815
18.5 72.9763
18.5 72.8663
18.5 72.7513
18.5 72.6319
18.5 72.5091
18.5 72.3847
18.5 72.2612
18.6 72.1423
18.6 72.0317
18.6 71.9338
18.6 71.8526
18.6 71.7915
18.6 71.7528
18.6 71.7372
18.6 71.7441
18.6 71.7709
18.6 71.8144
18.6 71.8703
18.6 71.9341
18.6 72.0017
18.6 72.0694
18.6 72.1344
18.6 72.1944
18.6 72.2480
18.6 72.2946
18.6 72.3338
18.6 72.3658
18.7 72.3909
18.7 72.4098
18.7 72.4230
18.7 72.4311
18.7 72.4349
18.7 72.4350
18.7 72.4320
18.7 72.4266
18.7 72.4194
18.7 72.4110
18.7 72.4023
18.7 72.3938
18.7 72.3864
18.7 72.3807
18.7 72.3777
18.7 72.3782
18.7 72.3828
18.7 72.3921
18.7 72.4069
18.7 72.4273
18.8 72.4536
18.8 72.4859
18.8 72.5240
18.8 72.5674
18.8 72.6157
18.8 72.6682
18.8 72.7240
18.8 72.7822
18.8 72.8415
18.8 72.9006
18.8 72.9580
18.8 73.0121
18.8 73.0611
18.8 73.1033
18.8 73.1369
18.8 73.1606
18.8 73.1729
18.8 73.1731
18.8 73.1608
18.8 73.1364
18.9 73.1008
18.9 73.0552
18.9 73.0014
18.9 72.9409
18.9 72.8753
18.9 72.8058
18.9 72.7334
18.9 72.6589
18.9 72.5836
18.9 72.5094
18.9 72.4394
18.9 72.3777
18.9 72.3291
18.9 72.2984
18.9 72.2893
18.9 72.3039
18.9 72.3417
18.9 72.4000
18.9 72.4740
18.9 72.5581
19.0 72.6467
19.0 72.7344
19.0 72.8174
19.0 72.8927
19.0 72.9584
19.0 73.0135
19.0 73.0571
19.0 73.0887
19.0 73.1078
19.0 73.1140
19.0 73.1068
19.0 73.0858
19.0 73.0509
19.0 73.0022
19.0 72.9404
19.0 72.8663
19.0 72.7813
19.0 72.6875
19.0 72.5873
19.0 72.4833
19.1 72.3787
19.1 72.2767
19.1 72.1804
19.1 72.0924
19.1 72.0150
19.1 71.9496
19.1 71.8969
19.1 71.8564
19.1 71.8272
19.1 71.8076
19.1 71.7955
19.1 71.7887
19.1 71.7850
19.1 71.7824
19.1 71.7793
19.1 71.7745
19.1 71.7669
19.1 71.7562
19.1 71.7419
19.1 71.7242
19.2 71.7033
19.2 71.6794
19.2 71.6532
19.2 71.6249
19.2 71.5950
19.2 71.5642
19.2 71.5328
19.2 71.5013
19.2 71.4700
19.2 71.4393
19.2 71.4095
19.2 71.3809
19.2 71.3537
19.2 71.3282
19.2 71.3045
19.2 71.2828
19.2 71.2633
19.2 71.2459
19.2 71.2309
19.2 71.2181
19.3 71.2078
19.3 71.1998
19.3 71.1944
19.3 71.1916
19.3 71.1913
19.3 71.1937
19.3 71.1986
19.3 71.2062
19.3 71.2165
19.3 71.2294
19.3 71.2450
19.3 71.2634
19.3 71.2844
19.3 71.3081
19.3 71.3343
19.3 71.3632
19.3 71.3947
19.3 71.4287
19.3 71.4652
19.3 71.5042
19.4 71.5456
19.4 71.5892
19.4 71.6350
19.4 71.6829
19.4 71.7328
19.4 71.7845
19.4 71.8379
19.4 71.8928
19.4 71.9489
19.4 72.0060
19.4 72.0638
19.4 72.1221
19.4 72.1806
19.4 72.2389
19.4 72.2967
19.4 72.3536
19.4 72.4093
19.4 72.4633
19.4 72.5155
19.4 72.5652
19.5 72.6123
19.5 72.6564
19.5 72.6973
19.5 72.7349
19.5 72.7690
19.5 72.7996
19.5 72.8270
19.5 72.8512
19.5 72.8728
19.5 72.8923
19.5 72.9102
19.5 72.9273
19.5 72.9441
19.5 72.9615
19.5 72.9799
19.5 73.0000
19.5 73.0221
19.5 73.0463
19.5 73.0726
19.5 73.1005
19.6 73.1296
19.6 73.1592
19.6 73.1883
19.6 73.2162
19.6 73.2420
19.6 73.2651
19.6 73.2851
19.6 73.3015
19.6 73.3144
19.6 73.3240
19.6 73.3306
19.6 73.3350
19.6 73.3376
19.6 73.3392
19.6 73.3403
19.6 73.3413
19.6 73.3426
19.6 73.3442
19.6 73.3460
19.6 73.3478
19.7 73.3492
19.7 73.3495
19.7 73.3481
19.7 73.3444
19.7 73.3379
19.7 73.3279
19.7 73.3141
19.7 73.2960
19.7 73.2734
19.7 73.2464
19.7 73.2148
19.7 73.1789
19.7 73.1387
19.7 73.0945
19.7 73.0468
19.7 72.9961
19.7 72.9429
19.7 72.8879
19.7 72.8318
19.7 72.7753
19.8 72.7192
19.8 72.6643
19.8 72.6114
19.8 72.5611
19.8 72.5141
19.8 72.4710
19.8 72.4323
19.8 72.3983
19.8 72.3693
19.8 72.3453
19.8 72.3262
19.8 72.3120
19.8 72.3024
19.8 72.2972
19.8 72.2962
19.8 72.2990
19.8 72.3054
19.8 72.3151
19.8 72.3278
19.8 72.3433
19.9 72.3613
19.9 72.3815
19.9 72.4035
19.9 72.4264
19.9 72.4492
19.9 72.4703
19.9 72.4871
19.9 72.4956
19.9 72.4898
19.9 72.4610
19.9 72.3965
19.9 72.2779
19.9 72.0803
19.9 71.7711
19.9 71.3115
19.9 70.6637
19.9 69.8076
19.9 68.7694
19.9 67.6566
19.9 66.6708
20.0 66.0601
20.0 66.0039
20.0 66.5056
20.0 67.3911
20.0 68.4139
20.0 69.3710
20.0 70.1532
20.0 70.7329
20.0 71.1299
20.0 71.3817
20.0 71.5269
20.0 71.5980
20.0 71.6198
20.0 71.6099
20.0 71.5807
20.0 71.5406
20.0 71.4949
20.0 71.4472
20.0 71.3997
20.0 71.3538
20.1 71.3102
20.1 71.2695
20.1 71.2318
20.1 71.1974
20.1 71.1665
20.1 71.1390
20.1 71.1151
20.1 71.0946
20.1 71.0776
20.1 71.0642
20.1 71.0544
20.1 71.0483
20.1 71.0460
20.1 71.0477
20.1 71.0533
20.1 71.0630
20.1 71.0769
20.1 71.0951
20.1 71.1177
20.1 71.1447
20.2 71.1765
20.2 71.2131
20.2 71.2546
20.2 71.3010
20.2 71.3524
20.2 71.4087
20.2 71.4699
20.2 71.5358
20.2 71.6060
20.2 71.6801
20.2 71.7571
20.2 71.8357
20.2 71.9139
20.2 71.9890
20.2 72.0574
20.2 72.1138
20.2 72.1512
20.2 72.1605
20.2 72.1301
20.2 72.0459
20.3 71.8920
20.3 71.6533
20.3 71.3198
20.3 70.8939
20.3 70.3997
20.3 69.8911
20.3 69.4504
20.3 69.1720
20.3 69.1314
20.3 69.3535
20.3 69.8009
20.3 70.3906
20.3 71.0269
20.3 71.6308
20.3 72.1531
20.3 72.5726
20.3 72.8880
20.3 73.1089
20.3 73.2487
20.3 73.3211
20.4 73.3382
20.4 73.3100
20.4 73.2453
20.4 73.1519
20.4 73.0381
20.4 72.9127
20.4 72.7860
20.4 72.6695
20.4 72.5747
20.4 72.5127
20.4 72.4918
20.4 72.5166
20.4 72.5870
20.4 72.6985
20.4 72.8430
20.4 73.0102
20.4 73.1897
20.4 73.3719
20.4 73.5493
20.4 73.7163
20.5 73.8696
20.5 74.0074
20.5 74.1293
20.5 74.2354
20.5 74.3262
20.5 74.4019
20.5 74.4624
20.5 74.5069
20.5 74.5338
20.5 74.5407
20.5 74.5238
20.5 74.4787
20.5 74.3998
20.5 74.2814
20.5 74.1181
20.5 73.9067
20.5 73.6481
20.5 73.3498
20.5 73.0281
20.5 72.7093
20.6 72.4276
20.6 72.2191
20.6 72.1134
20.6 72.1250
20.6 72.2482
20.6 72.4598
20.6 72.7253
20.6 73.0093
20.6 73.2820
20.6 73.5237
20.6 73.7247
20.6 73.8836
20.6 74.0049
20.6 74.0965
20.6 74.1675
20.6 74.2273
20.6 74.2842
20.6 74.3453
20.6 74.4155
20.6 74.4979
20.7 74.5933
20.7 74.7012
20.7 74.8192
20.7 74.9443
20.7 75.0731
20.7 75.2022
20.7 75.3286
20.7 75.4498
20.7 75.5642
20.7 75.6705
20.7 75.7683
20.7 75.8574
20.7 75.9382
20.7 76.0112
20.7 76.0768
20.7 76.1356
20.7 76.1883
20.7 76.2352
20.7 76.2767
20.7 76.3127
20.8 76.3432
20.8 76.3681
20.8 76.3868
20.8 76.3987
20.8 76.4030
20.8 76.3987
20.8 76.3849
20.8 76.3606
20.8 76.3249
20.8 76.2771
20.8 76.2174
20.8 76.1461
20.8 76.0648
20.8 75.9760
20.8 75.8835
20.8 75.7920
20.8 75.7072
20.8 75.6353
20.8 75.5821
20.8 75.5528
20.9 75.5506
20.9 75.5771
20.9 75.6315
20.9 75.7109
20.9 75.8110
20.9 75.9263
20.9 76.0508
20.9 76.1785
20.9 76.3031
20.9 76.4188
20.9 76.5197
20.9 76.5998
20.9 76.6529
20.9 76.6724
20.9 76.6515
20.9 76.5838
20.9 76.4635
20.9 76.2872
20.9 76.0552
20.9 75.7737
21.0 75.4565
21.0 75.1254
21.0 74.8088
21.0 74.5374
21.0 74.3379
21.0 74.2262
21.0 74.2043
21.0 74.2609
21.0 74.3760
21.0 74.5271
21.0 74.6948
21.0 74.8653
21.0 75.0308
21.0 75.1878
21.0 75.3352
21.0 75.4726
21.0 75.5994
21.0 75.7144
21.0 75.8159
21.0 75.9020
21.1 75.9714
21.1 76.0233
21.1 76.0576
21.1 76.0751
21.1 76.0773
21.1 76.0659
21.1 76.0431
21.1 76.0112
21.1 75.9722
21.1 75.9283
21.1 75.8812
21.1 75.8325
21.1 75.7835
21.1 75.7350
21.1 75.6876
21.1 75.6414
21.1 75.5963
21.1 75.5521
21.1 75.5081
21.1 75.4632
21.2 75.4162
21.2 75.3656
21.2 75.3095
21.2 75.2461
21.2 75.1730
21.2 75.0882
21.2 74.9895
21.2 74.8753
21.2 74.7444
21.2 74.5965
21.2 74.4330
21.2 74.2566
21.2 74.0723
21.2 73.8872
21.2 73.7102
21.2 73.5518
21.2 73.4230
21.2 73.3338
21.2 73.2919
21.2 73.3019
21.3 73.3638
21.3 73.4738
21.3 73.6241
21.3 73.8047
21.3 74.0043
21.3 74.2114
21.3 74.4160
21.3 74.6091
21.3 74.7839
21.3 74.9347
21.3 75.0575
21.3 75.1494
21.3 75.2083
21.3 75.2329
21.3 75.2224
21.3 75.1772
21.3 75.0987
21.3 74.9899
21.3 74.8555
21.3 74.7022
21.4 74.5384
21.4 74.3740
21.4 74.2196
21.4 74.0849
21.4 73.9782
21.4 73.9049
21.4 73.8671
21.4 73.8636
21.4 73.8903
21.4 73.9410
21.4 74.0080
21.4 74.0832
21.4 74.1584
21.4 74.2252
21.4 74.2764
21.4 74.3054
21.4 74.3067
21.4 74.2768
21.4 74.2141
21.4 74.1193
21.5 73.9960
21.5 73.8504
21.5 73.6911
21.5 73.5283
21.5 73.3725
21.5 73.2330
21.5 73.1168
21.5 73.0273
21.5 72.9645
21.5 72.9253
21.5 72.9055
21.5 72.9008
21.5 72.9080
21.5 72.9258
21.5 72.9541
21.5 72.9941
21.5 73.0470
21.5 73.1135
21.5 73.1930
21.5 73.2834
21.5 73.3813
21.6 73.4821
21.6 73.5802
21.6 73.6697
21.6 73.7439
21.6 73.7956
21.6 73.8175
21.6 73.8022
21.6 73.7427
21.6 73.6336
21.6 73.4730
21.6 73.2646
21.6 73.0203
21.6 72.7613
21.6 72.5181
21.6 72.3261
21.6 72.2177
21.6 72.2136
21.6 72.3161
21.6 72.5087
21.6 72.7613
21.7 73.0386
21.7 73.3087
21.7 73.5474
21.7 73.7402
21.7 73.8807
21.7 73.9682
21.7 74.0052
21.7 73.9959
21.7 73.9445
21.7 73.8550
21.7 73.7305
21.7 73.5741
21.7 73.3888
21.7 73.1783
21.7 72.9475
21.7 72.7030
21.7 72.4534
21.7 72.2093
21.7 71.9830
21.7 71.7877
21.8 71.6357
21.8 71.5372
21.8 71.4987
21.8 71.5214
21.8 71.6012
21.8 71.7290
21.8 71.8922
21.8 72.0763
21.8 72.2672
21.8 72.4521
21.8 72.6211
21.8 72.7671
21.8 72.8857
21.8 72.9750
21.8 73.0351
21.8 73.0673
21.8 73.0739
21.8 73.0579
21.8 73.0226
21.8 72.9721
21.9 72.9105
21.9 72.8423
21.9 72.7726
21.9 72.7062
21.9 72.6480
21.9 72.6025
21.9 72.5736
21.9 72.5639
21.9 72.5750
21.9 72.6069
21.9 72.6586
21.9 72.7277
21.9 72.8114
21.9 72.9065
21.9 73.0098
21.9 73.1183
21.9 73.2296
21.9 73.3419
21.9 73.4536
21.9 73.5638
22.0 73.6717
22.0 73.7769
22.0 73.8788
22.0 73.9768
22.0 74.0698
22.0 74.1565
22.0 74.2349
22.0 74.3024
22.0 74.3558
22.0 74.3913
22.0 74.4043
22.0 74.3903
22.0 74.3453
22.0 74.2665
22.0 74.1540
22.0 74.0116
22.0 73.8490
22.0 73.6813
22.0 73.5283
22.0 73.4113
22.1 73.3487
22.1 73.3507
22.1 73.4167
22.1 73.5351
22.1 73.6874
22.1 73.8535
22.1 74.0171
22.1 74.1694
22.1 74.3093
22.1 74.4420
22.1 74.5753
22.1 74.7155
22.1 74.8645
22.1 75.0179
22.1 75.1661
22.1 75.2959
22.1 75.3942
22.1 75.4508
22.1 75.4617
22.1 75.4306
22.2 75.3696
22.2 75.2973
22.2 75.2354
22.2 75.2036
22.2 75.2143
22.2 75.2694
22.2 75.3597
22.2 75.4686
22.2 75.5780
22.2 75.6738
22.2 75.7501
22.2 75.8105
22.2 75.8662
22.2 75.9316
22.2 76.0197
22.2 76.1373
22.2 76.2828
22.2 76.4460
22.2 76.6111
22.2 76.7602
22.3 76.8764
22.3 76.9467
22.3 76.9633
22.3 76.9240
22.3 76.8324
22.3 76.6977
22.3 76.5339
22.3 76.3583
22.3 76.1901
22.3 76.0468
22.3 75.9417
22.3 75.8813
22.3 75.8649
22.3 75.8849
22.3 75.9300
22.3 75.9877
22.3 76.0477
22.3 76.1029
22.3 76.1501
22.3 76.1894
22.4 76.2230
22.4 76.2539
22.4 76.2845
22.4 76.3165
22.4 76.3501
22.4 76.3845
22.4 76.4180
22.4 76.4487
22.4 76.4749
22.4 76.4952
22.4 76.5091
22.4 76.5166
22.4 76.5183
22.4 76.5156
22.4 76.5098
22.4 76.5028
22.4 76.4961
22.4 76.4914
22.4 76.4898
22.4 76.4920
22.5 76.4980
22.5 76.5069
22.5 76.5167
22.5 76.5241
22.5 76.5241
22.5 76.5100
22.5 76.4730
22.5 76.4028
22.5 76.2869
22.5 76.1121
22.5 75.8643
22.5 75.5300
22.5 75.0972
22.5 74.5557
22.5 73.8985
22.5 73.1241
22.5 72.2440
22.5 71.2989
22.5 70.3806
22.5 69.6458
22.6 69.2908
22.6 69.4705
22.6 70.2045
22.6 71.3498
22.6 72.6715
22.6 73.9495
22.6 75.0434
22.6 75.8986
22.6 76.5191
22.6 76.9376
22.6 77.1943
22.6 77.3265
22.6 77.3643
22.6 77.3299
22.6 77.2381
22.6 77.0979
22.6 76.9130
22.6 76.6839
22.6 76.4084
22.6 76.0840
22.7 75.7094
22.7 75.2882
22.7 74.8312
22.7 74.3597
22.7 73.9059
22.7 73.5095
22.7 73.2098
22.7 73.0355
22.7 72.9953
22.7 73.0747
22.7 73.2413
22.7 73.4542
22.7 73.6748
22.7 73.8737
22.7 74.0326
22.7 74.1443
22.7 74.2090
22.7 74.2318
22.7 74.2205
22.7 74.1835
22.8 74.1287
22.8 74.0628
22.8 73.9912
22.8 73.9175
22.8 73.8438
22.8 73.7710
22.8 73.6986
22.8 73.6258
22.8 73.5512
22.8 73.4738
22.8 73.3927
22.8 73.3082
22.8 73.2212
22.8 73.1339
22.8 73.0498
22.8 72.9730
22.8 72.9088
22.8 72.8621
22.8 72.8376
22.8 72.8384
22.9 72.8657
22.9 72.9186
22.9 72.9939
22.9 73.0864
22.9 73.1894
22.9 73.2950
22.9 73.3948
22.9 73.4795
22.9 73.5393
22.9 73.5633
22.9 73.5394
22.9 73.4542
22.9 73.2932
22.9 73.0433
22.9 72.6959
22.9 72.2533
22.9 71.7368
22.9 71.1929
22.9 70.6933
22.9 70.3221
23.0 70.1504
23.0 70.2083
23.0 70.4725
23.0 70.8770
23.0 71.3399
23.0 71.7896
23.0 72.1793
23.0 72.4876
23.0 72.7128
23.0 72.8641
23.0 72.9558
23.0 73.0029
23.0 73.0189
23.0 73.0153
23.0 73.0009
23.0 72.9826
23.0 72.9655
23.0 72.9531
23.0 72.9480
23.0 72.9513
23.1 72.9635
23.1 72.9841
23.1 73.0115
23.1 73.0432
23.1 73.0751
23.1 73.1013
23.1 73.1138
23.1 73.1017
23.1 73.0511
23.1 72.9440
23.1 72.7587
23.1 72.4708
23.1 72.0556
23.1 71.4947
23.1 70.7863
23.1 69.9599
23.1 69.0911
23.1 68.3049
23.1 67.7548
23.1 67.5731
23.2 67.8136
23.2 68.4265
23.2 69.2831
23.2 70.2319
23.2 71.1483
23.2 71.9555
23.2 72.6218
23.2 73.1465
23.2 73.5463
23.2 73.8442
23.2 74.0640
23.2 74.2270
23.2 74.3512
23.2 74.4508
23.2 74.5369
23.2 74.6176
23.2 74.6989
23.2 74.7847
23.2 74.8776
23.2 74.9785
23.3 75.0872
23.3 75.2020
23.3 75.3201
23.3 75.4365
23.3 75.5442
23.3 75.6336
23.3 75.6917
23.3 75.7020
23.3 75.6442
23.3 75.4951
23.3 75.2313
23.3 74.8351
23.3 74.3035
23.3 73.6595
23.3 72.9593
23.3 72.2880
23.3 71.7347
23.3 71.3557
23.3 71.1462
23.3 71.0463
23.4 70.9779
23.4 70.8904
23.4 70.7855
23.4 70.7126
23.4 70.7423
23.4 70.9335
23.4 71.3101
23.4 71.8565
23.4 72.5264
23.4 73.2597
23.4 73.9978
23.4 74.6933
23.4 75.3151
23.4 75.8474
23.4 76.2867
23.4 76.6384
23.4 76.9127
23.4 77.1221
23.4 77.2789
23.4 77.3951
23.5 77.4809
23.5 77.5449
23.5 77.5941
23.5 77.6340
23.5 77.6687
23.5 77.7010
23.5 77.7328
23.5 77.7649
23.5 77.7973
23.5 77.8290
23.5 77.8583
23.5 77.8825
23.5 77.8981
23.5 77.9008
23.5 77.8852
23.5 77.8450
23.5 77.7734
23.5 77.6636
23.5 77.5095
23.5 77.3072
23.6 77.0566
23.6 76.7636
23.6 76.4409
23.6 76.1079
23.6 75.7885
23.6 75.5058
23.6 75.2771
23.6 75.1094
23.6 74.9991
23.6 74.9366
23.6 74.9115
23.6 74.9182
23.6 74.9567
23.6 75.0296
23.6 75.1374
23.6 75.2746
23.6 75.4287
23.6 75.5832
23.6 75.7210
23.6 75.8286
23.7 75.8970
23.7 75.9214
23.7 75.9012
23.7 75.8389
23.7 75.7415
23.7 75.6219
23.7 75.5000
23.7 75.4007
23.7 75.3494
23.7 75.3642
23.7 75.4509
23.7 75.5996
23.7 75.7881
23.7 75.9878
23.7 76.1712
23.7 76.3162
23.7 76.4091
23.7 76.4436
23.7 76.4190
23.7 76.3390
23.8 76.2091
23.8 76.0364
23.8 75.8285
23.8 75.5945
23.8 75.3448
23.8 75.0918
23.8 74.8497
23.8 74.6338
23.8 74.4585
23.8 74.3351
23.8 74.2697
23.8 74.2614
23.8 74.3029
23.8 74.3815
23.8 74.4823
23.8 74.5901
23.8 74.6921
23.8 74.7785
23.8 74.8431
23.8 74.8828
23.9 74.8972
23.9 74.8875
23.9 74.8560
23.9 74.8059
23.9 74.7405
23.9 74.6632
23.9 74.5773
23.9 74.4860
23.9 74.3918
23.9 74.2967
23.9 74.2018
23.9 74.1070
23.9 74.0107
23.9 73.9098
23.9 73.7992
23.9 73.6722
23.9 73.5207
23.9 73.3361
23.9 73.1113
23.9 72.8425
24.0 72.5326
24.0 72.1943
24.0 71.8524
24.0 71.5427
24.0 71.3065
24.0 71.1811
24.0 71.1882
24.0 71.3265
24.0 71.5721
24.0 71.8864
24.0 72.2270
24.0 72.5575
24.0 72.8528
24.0 73.0991
24.0 73.2924
24.0 73.4351
24.0 73.5332
24.0 73.5939
24.0 73.6247
24.0 73.6325
24.1 73.6229
24.1 73.6009
24.1 73.5703
24.1 73.5343
24.1 73.4951
24.1 73.4546
24.1 73.4142
24.1 73.3750
24.1 73.3375
24.1 73.3025
24.1 73.2702
24.1 73.2408
24.1 73.2145
24.1 73.1913
24.1 73.1713
24.1 73.1542
24.1 73.1399
24.1 73.1283
24.1 73.1190
24.1 73.1119
24.2 73.1066
24.2 73.1026
24.2 73.0996
24.2 73.0971
24.2 73.0945
24.2 73.0913
24.2 73.0869
24.2 73.0808
24.2 73.0724
24.2 73.0612
24.2 73.0466
24.2 73.0284
24.2 73.0063
24.2 72.9804
24.2 72.9511
24.2 72.9191
24.2 72.8855
24.2 72.8517
24.2 72.8197
24.2 72.7915
24.3 72.7693
24.3 72.7553
24.3 72.7513
24.3 72.7589
24.3 72.7786
24.3 72.8107
24.3 72.8545
24.3 72.9086
24.3 72.9715
24.3 73.0411
24.3 73.1152
24.3 73.1917
24.3 73.2690
24.3 73.3454
24.3 73.4200
24.3 73.4919
24.3 73.5608
24.3 73.6264
24.3 73.6888
24.3 73.7482
24.4 73.8049
24.4 73.8592
24.4 73.9115
24.4 73.9621
24.4 74.0112
24.4 74.0588
24.4 74.1050
24.4 74.1498
24.4 74.1927
24.4 74.2334
24.4 74.2712
24.4 74.3050
24.4 74.3338
24.4 74.3559
24.4 74.3694
24.4 74.3721
24.4 74.3613
24.4 74.3337
24.4 74.2859
24.4 74.2140
24.5 74.1143
24.5 73.9837
24.5 73.8199
24.5 73.6231
24.5 73.3963
24.5 73.1471
24.5 72.8880
24.5 72.6370
24.5 72.4155
24.5 72.2463
24.5 72.1486
24.5 72.1345
24.5 72.2060
24.5 72.3542
24.5 72.5623
24.5 72.8089
24.5 73.0726
24.5 73.3347
24.5 73.5813
24.5 73.8031
24.6 73.9954
24.6 74.1567
24.6 74.2878
24.6 74.3911
24.6 74.4695
24.6 74.5262
24.6 74.5646
24.6 74.5878
24.6 74.5986
24.6 74.5996
24.6 74.5930
24.6 74.5810
24.6 74.5654
24.6 74.5476
24.6 74.5290
24.6 74.5107
24.6 74.4939
24.6 74.4793
24.6 74.4678
24.6 74.4598
24.7 74.4560
24.7 74.4566
24.7 74.4619
24.7 74.4721
24.7 74.4873
24.7 74.5073
24.7 74.5321
24.7 74.5614
24.7 74.5951
24.7 74.6326
24.7 74.6737
24.7 74.7177
24.7 74.7642
24.7 74.8126
24.7 74.8622
24.7 74.9124
24.7 74.9623
24.7 75.0113
24.7 75.0584
24.7 75.1028
24.8 75.1434
24.8 75.1794
24.8 75.2098
24.8 75.2337
24.8 75.2505
24.8 75.2596
24.8 75.2612
24.8 75.2556
24.8 75.2441
24.8 75.2284
24.8 75.2112
24.8 75.1957
24.8 75.1854
24.8 75.1834
24.8 75.1922
24.8 75.2125
24.8 75.2426
24.8 75.2781
24.8 75.3116
24.8 75.3333
24.9 75.3330
24.9 75.3016
24.9 75.2354
24.9 75.1392
24.9 75.0297
24.9 74.9359
24.9 74.8945
24.9 74.9402
24.9 75.0927
24.9 75.3457
24.9 75.6628
24.9 75.9838
24.9 76.2365
24.9 76.3510
24.9 76.2744
24.9 75.9855
24.9 75.5135
24.9 74.9515
24.9 74.4500
24.9 74.1741
25.0 74.2328
25.0 74.6230
25.0 75.2370
25.0 75.9242
25.0 76.5595
25.0 77.0761
25.0 77.4627
25.0 77.7415
25.0 77.9469
25.0 78.1092
25.0 78.2478
25.0 78.3687
25.0 78.4677
25.0 78.5334
25.0 78.5520
25.0 78.5110
25.0 78.4019
25.0 78.2241
25.0 77.9876
25.0 77.7153
25.1 77.4431
25.1 77.2153
25.1 77.0743
25.1 77.0473
25.1 77.1337
25.1 77.3005
25.1 77.4856
25.1 77.6085
25.1 77.5817
25.1 77.3231
25.1 76.7722
25.1 75.9191
25.1 74.8466
25.1 73.7620
25.1 72.9676
25.1 72.7328
25.1 73.1340
25.1 74.0079
25.1 75.0663
25.1 76.0570
25.2 76.8442
25.2 77.3988
25.2 77.7533
25.2 77.9611
25.2 78.0744
25.2 78.1345
25.2 78.1698
25.2 78.1979
25.2 78.2277
25.2 78.2623
25.2 78.3011
25.2 78.3417
25.2 78.3807
25.2 78.4147
25.2 78.4409
25.2 78.4570
25.2 78.4614
25.2 78.4532
25.2 78.4320
25.2 78.3976
25.3 78.3504
25.3 78.2913
25.3 78.2211
25.3 78.1413
25.3 78.0535
25.3 77.9596
25.3 77.8617
25.3 77.7619
25.3 77.6622
25.3 77.5640
25.3 77.4682
25.3 77.3742
25.3 77.2803
25.3 77.1829
25.3 77.0765
25.3 76.9538
25.3 76.8062
25.3 76.6249
25.3 76.4025
25.3 76.1358
25.4 75.8300
25.4 75.5012
25.4 75.1792
25.4 74.9046
25.4 74.7213
25.4 74.6641
25.4 74.7465
25.4 74.9545
25.4 75.2506
25.4 75.5851
25.4 75.9089
25.4 76.1832
25.4 76.3828
25.4 76.4965
25.4 76.5239
25.4 76.4733
25.4 76.3592
25.4 76.2008
25.4 76.0207
25.4 75.8424
25.5 75.6876
25.5 75.5731
25.5 75.5080
25.5 75.4926
25.5 75.5190
25.5 75.5744
25.5 75.6437
25.5 75.7131
25.5 75.7714
25.5 75.8117
25.5 75.8303
25.5 75.8269
25.5 75.8029
25.5 75.7611
25.5 75.7050
25.5 75.6381
25.5 75.5635
25.5 75.4842
25.5 75.4027
25.5 75.3210
25.6 75.2408
25.6 75.1635
25.6 75.0902
25.6 75.0217
25.6 74.9585
25.6 74.9011
25.6 74.8498
25.6 74.8047
25.6 74.7660
25.6 74.7338
25.6 74.7080
25.6 74.6886
25.6 74.6756
25.6 74.6689
25.6 74.6684
25.6 74.6740
25.6 74.6855
25.6 74.7030
25.6 74.7261
25.6 74.7549
25.7 74.7892
25.7 74.8288
25.7 74.8737
25.7 74.9236
25.7 74.9785
25.7 75.0381
25.7 75.1022
25.7 75.1706
25.7 75.2430
25.7 75.3192
25.7 75.3988
25.7 75.4814
25.7 75.5665
25.7 75.6536
25.7 75.7420
25.7 75.8308
25.7 75.9190
25.7 76.0053
25.7 76.0881
25.7 76.1655
25.8 76.2352
25.8 76.2946
25.8 76.3408
25.8 76.3707
25.8 76.3815
25.8 76.3706
25.8 76.3366
25.8 76.2798
25.8 76.2030
25.8 76.1119
25.8 76.0154
25.8 75.9251
25.8 75.8534
25.8 75.8114
25.8 75.8054
25.8 75.8348
25.8 75.8911
25.8 75.9579
25.8 76.0133
25.8 76.0332
25.9 75.9940
25.9 75.8760
25.9 75.6665
25.9 75.3623
25.9 74.9732
25.9 74.5248
25.9 74.0596
25.9 73.6338
25.9 73.3093
25.9 73.1400
25.9 73.1577
25.9 73.3638
25.9 73.7301
25.9 74.2086
25.9 74.7453
25.9 75.2915
25.9 75.8110
25.9 76.2807
25.9 76.6895
25.9 77.0349
26.0 77.3199
26.0 77.5506
26.0 77.7346
26.0 77.8792
26.0 77.9916
26.0 78.0781
26.0 78.1441
26.0 78.1942
26.0 78.2322
26.0 78.2613
26.0 78.2838
26.0 78.3015
26.0 78.3161
26.0 78.3285
26.0 78.3395
26.0 78.3495
26.0 78.3588
26.0 78.3674
26.0 78.3753
26.0 78.3823
26.1 78.3881
26.1 78.3926
26.1 78.3955
26.1 78.3965
26.1 78.3956
26.1 78.3925
26.1 78.3870
26.1 78.3792
26.1 78.3691
26.1 78.3569
26.1 78.3424
26.1 78.3260
26.1 78.3077
26.1 78.2878
26.1 78.2664
26.1 78.2439
26.1 78.2205
26.1 78.1967
26.1 78.1728
26.1 78.1492
26.2 78.1263
26.2 78.1043
26.2 78.0834
26.2 78.0639
26.2 78.0455
26.2 78.0278
26.2 78.0101
26.2 77.9915
26.2 77.9711
26.2 77.9476
26.2 77.9201
26.2 77.8880
26.2 77.8515
26.2 77.8116
26.2 77.7704
26.2 77.7311
26.2 77.6979
26.2 77.6755
26.2 77.6681
26.2 77.6795
26.3 77.7116
26.3 77.7646
26.3 77.8371
26.3 77.9254
26.3 78.0252
26.3 78.1313
26.3 78.2386
26.3 78.3424
26.3 78.4388
26.3 78.5245
26.3 78.5969
26.3 78.6537
26.3 78.6925
26.3 78.7108
26.3 78.7051
26.3 78.6715
26.3 78.6046
26.3 78.4986
26.3 78.3476
26.3 78.1463
26.4 77.8928
26.4 77.5906
26.4 77.2517
26.4 76.8988
26.4 76.5647
26.4 76.2882
26.4 76.1057
26.4 76.0402
26.4 76.0946
26.4 76.2500
26.4 76.4724
26.4 76.7226
26.4 76.9655
26.4 77.1760
26.4 77.3401
26.4 77.4532
26.4 77.5177
26.4 77.5397
26.4 77.5274
26.4 77.4894
26.5 77.4340
26.5 77.3688
26.5 77.3006
26.5 77.2349
26.5 77.1764
26.5 77.1287
26.5 77.0942
26.5 77.0744
26.5 77.0698
26.5 77.0799
26.5 77.1039
26.5 77.1403
26.5 77.1872
26.5 77.2430
26.5 77.3058
26.5 77.3740
26.5 77.4462
26.5 77.5212
26.5 77.5977
26.5 77.6747
26.6 77.7513
26.6 77.8260
26.6 77.8974
26.6 77.9632
26.6 78.0205
26.6 78.0656
26.6 78.0935
26.6 78.0977
26.6 78.0701
26.6 78.0011
26.6 77.8802
26.6 77.6976
26.6 77.4464
26.6 77.1273
26.6 76.7535
26.6 76.3559
26.6 75.9839
26.6 75.6993
26.6 75.5613
26.6 75.6067
26.7 75.8356
26.7 76.2111
26.7 76.6730
26.7 77.1572
26.7 77.6111
26.7 78.0003
26.7 78.3073
26.7 78.5269
26.7 78.6611
26.7 78.7144
26.7 78.6920
26.7 78.5982
26.7 78.4368
26.7 78.2120
26.7 77.9295
26.7 77.5978
26.7 77.2302
26.7 76.8441
26.7 76.4612
26.7 76.1044
26.8 75.7955
26.8 75.5512
26.8 75.3809
26.8 75.2862
26.8 75.2611
26.8 75.2946
26.8 75.3730
26.8 75.4828
26.8 75.6129
26.8 75.7558
26.8 75.9079
26.8 76.0687
26.8 76.2384
26.8 76.4164
26.8 76.6002
26.8 76.7848
26.8 76.9638
26.8 77.1303
26.8 77.2782
26.8 77.4032
26.9 77.5029
26.9 77.5770
26.9 77.6266
26.9 77.6540
26.9 77.6618
26.9 77.6532
26.9 77.6308
26.9 77.5972
26.9 77.5546
26.9 77.5044
26.9 77.4480
26.9 77.3861
26.9 77.3190
26.9 77.2470
26.9 77.1696
26.9 77.0864
26.9 76.9966
26.9 76.8994
26.9 76.7937
26.9 76.6786
27.0 76.5530
27.0 76.4165
27.0 76.2694
27.0 76.1130
27.0 75.9504
27.0 75.7869
27.0 75.6302
27.0 75.4899
27.0 75.3768
27.0 75.3010
27.0 75.2701
27.0 75.2874
27.0 75.3500
27.0 75.4498
27.0 75.5733
27.0 75.7041
27.0 75.8244
27.0 75.9165
27.0 75.9639
27.0 75.9515
27.1 75.8662
27.1 75.6975
27.1 75.4396
27.1 75.0938
27.1 74.6733
27.1 74.2070
27.1 73.7400
27.1 73.3298
27.1 73.0336
27.1 72.8915
27.1 72.9135
27.1 73.0758
27.1 73.3317
27.1 73.6267
27.1 73.9141
27.1 74.1620
27.1 74.3544
27.1 74.4872
27.1 74.5643
27.1 74.5927
27.2 74.5803
27.2 74.5345
27.2 74.4616
27.2 74.3671
27.2 74.2564
27.2 74.1348
27.2 74.0086
27.2 73.8851
27.2 73.7722
27.2 73.6778
27.2 73.6095
27.2 73.5728
27.2 73.5708
27.2 73.6035
27.2 73.6679
27.2 73.7585
27.2 73.8684
27.2 73.9901
27.2 74.1165
27.2 74.2414
27.3 74.3601
27.3 74.4689
27.3 74.5653
27.3 74.6473
27.3 74.7134
27.3 74.7617
27.3 74.7901
27.3 74.7955
27.3 74.7737
27.3 74.7195
27.3 74.6264
27.3 74.4874
27.3 74.2957
27.3 74.0469
27.3 73.7411
27.3 73.3871
27.3 73.0049
27.3 72.6277
27.3 72.2990
27.3 72.0642
27.4 71.9589
27.4 71.9968
27.4 72.1657
27.4 72.4314
27.4 72.7495
27.4 73.0773
27.4 73.3821
27.4 73.6441
27.4 73.8555
27.4 74.0164
27.4 74.1323
27.4 74.2108
27.4 74.2598
27.4 74.2870
27.4 74.2987
27.4 74.3001
27.4 74.2952
27.4 74.2872
27.4 74.2783
27.4 74.2704
27.5 74.2645
27.5 74.2616
27.5 74.2620
27.5 74.2661
27.5 74.2741
27.5 74.2859
27.5 74.3014
27.5 74.3205
27.5 74.3429
27.5 74.3685
27.5 74.3968
27.5 74.4273
27.5 74.4597
27.5 74.4931
27.5 74.5267
27.5 74.5597
27.5 74.5910
27.5 74.6192
27.5 74.6431
27.5 74.6611
27.6 74.6718
27.6 74.6735
27.6 74.6648
27.6 74.6447
27.6 74.6125
27.6 74.5683
27.6 74.5130
27.6 74.4488
27.6 74.3783
27.6 74.3053
27.6 74.2336
27.6 74.1663
27.6 74.1053
27.6 74.0503
27.6 73.9984
27.6 73.9441
27.6 73.8806
27.6 73.8009
27.6 73.7006
27.6 73.5798
27.7 73.4456
27.7 73.3125
27.7 73.2015
27.7 73.1368
27.7 73.1399
27.7 73.2240
27.7 73.3900
27.7 73.6262
27.7 73.9114
27.7 74.2204
27.7 74.5292
27.7 74.8191
27.7 75.0773
27.7 75.2974
27.7 75.4778
27.7 75.6203
27.7 75.7285
27.7 75.8072
27.7 75.8613
27.7 75.8955
27.8 75.9143
27.8 75.9214
27.8 75.9203
27.8 75.9138
27.8 75.9040
27.8 75.8926
27.8 75.8804
27.8 75.8675
27.8 75.8532
27.8 75.8357
27.8 75.8125
27.8 75.7801
27.8 75.7347
27.8 75.6719
27.8 75.5875
27.8 75.4782
27.8 75.3417
27.8 75.1780
27.8 74.9893
27.8 74.7804
27.9 74.5591
27.9 74.3351
27.9 74.1200
27.9 73.9265
27.9 73.7679
27.9 73.6567
27.9 73.6041
27.9 73.6170
27.9 73.6972
27.9 73.8390
27.9 74.0303
27.9 74.2538
27.9 74.4901
27.9 74.7210
27.9 74.9319
27.9 75.1125
27.9 75.2576
27.9 75.3657
27.9 75.4383
27.9 75.4788
28.0 75.4915
28.0 75.4811
28.0 75.4519
28.0 75.4080
28.0 75.3530
28.0 75.2902
28.0 75.2223
28.0 75.1515
28.0 75.0795
28.0 75.0078
28.0 74.9374
28.0 74.8686
28.0 74.8013
28.0 74.7342
28.0 74.6652
28.0 74.5911
28.0 74.5072
28.0 74.4080
28.0 74.2868
28.0 74.1369
28.1 73.9520
28.1 73.7284
28.1 73.4668
28.1 73.1748
28.1 72.8687
28.1 72.5739
28.1 72.3222
28.1 72.1458
28.1 72.0691
28.1 72.1016
28.1 72.2343
28.1 72.4428
28.1 72.6939
28.1 72.9539
28.1 73.1951
28.1 73.3987
28.1 73.5544
28.1 73.6590
28.1 73.7144
28.1 73.7250
28.2 73.6968
28.2 73.6363
28.2 73.5501
28.2 73.4446
28.2 73.3260
28.2 73.2004
28.2 73.0737
28.2 72.9516
28.2 72.8391
28.2 72.7404
28.2 72.6587
28.2 72.5957
28.2 72.5518
28.2 72.5259
28.2 72.5160
28.2 72.5190
28.2 72.5315
28.2 72.5502
28.2 72.5718
28.2 72.5935
28.3 72.6134
28.3 72.6298
28.3 72.6418
28.3 72.6491
28.3 72.6516
28.3 72.6495
28.3 72.6434
28.3 72.6338
28.3 72.6214
28.3 72.6067
28.3 72.5905
28.3 72.5733
28.3 72.5557
28.3 72.5382
28.3 72.5213
28.3 72.5053
28.3 72.4905
28.3 72.4772
28.3 72.4656
28.3 72.4560
28.4 72.4486
28.4 72.4433
28.4 72.4405
28.4 72.4401
28.4 72.4423
28.4 72.4470
28.4 72.4543
28.4 72.4642
28.4 72.4766
28.4 72.4915
28.4 72.5089
28.4 72.5287
28.4 72.5506
28.4 72.5747
28.4 72.6007
28.4 72.6282
28.4 72.6571
28.4 72.6870
28.4 72.7176
28.4 72.7485
28.5 72.7793
28.5 72.8095
28.5 72.8388
28.5 72.8667
28.5 72.8932
28.5 72.9180
28.5 72.9413
28.5 72.9634
28.5 72.9849
28.5 73.0069
28.5 73.0307
28.5 73.0582
28.5 73.0913
28.5 73.1323
28.5 73.1833
28.5 73.2463
28.5 73.3228
28.5 73.4136
28.5 73.5184
28.5 73.6361
28.6 73.7647
28.6 73.9008
28.6 74.0407
28.6 74.1798
28.6 74.3134
28.6 74.4363
28.6 74.5434
28.6 74.6299
28.6 74.6916
28.6 74.7250
28.6 74.7283
28.6 74.7017
28.6 74.6482
28.6 74.5744
28.6 74.4906
28.6 74.4103
28.6 74.3484
28.6 74.3194
28.6 74.3340
28.6 74.3971
28.7 74.5066
28.7 74.6540
28.7 74.8265
28.7 75.0098
28.7 75.1905
28.7 75.3581
28.7 75.5057
28.7 75.6300
28.7 75.7307
28.7 75.8096
28.7 75.8698
28.7 75.9151
28.7 75.9494
28.7 75.9764
28.7 75.9992
28.7 76.0204
28.7 76.0421
28.7 76.0657
28.7 76.0922
28.7 76.1219
28.8 76.1551
28.8 76.1915
28.8 76.2309
28.8 76.2728
28.8 76.3167
28.8 76.3620
28.8 76.4083
28.8 76.4550
28.8 76.5017
28.8 76.5481
28.8 76.5938
28.8 76.6384
28.8 76.6818
28.8 76.7238
28.8 76.7642
28.8 76.8030
28.8 76.8403
28.8 76.8760
28.8 76.9102
28.8 76.9431
28.9 76.9749
28.9 77.0058
28.9 77.0359
28.9 77.0657
28.9 77.0953
28.9 77.1249
28.9 77.1549
28.9 77.1854
28.9 77.2167
28.9 77.2488
28.9 77.2818
28.9 77.3154
28.9 77.3494
28.9 77.3834
28.9 77.4168
28.9 77.4488
28.9 77.4785
28.9 77.5047
28.9 77.5261
28.9 77.5410
29.0 77.5476
29.0 77.5438
29.0 77.5271
29.0 77.4951
29.0 77.4445
29.0 77.3719
29.0 77.2729
29.0 77.1418
29.0 76.9715
29.0 76.7520
29.0 76.4704
29.0 76.1101
29.0 75.6522
29.0 75.0784
29.0 74.3807
29.0 73.5751
29.0 72.7202
29.0 71.9284
29.0 71.3520
29.0 71.1334
29.1 71.3380
29.1 71.9177
29.1 72.7352
29.1 73.6294
29.1 74.4725
29.1 75.1926
29.1 75.7664
29.1 76.2008
29.1 76.5169
29.1 76.7385
29.1 76.8877
29.1 76.9827
29.1 77.0377
29.1 77.0632
29.1 77.0672
29.1 77.0555
29.1 77.0324
29.1 77.0012
29.1 76.9643
29.1 76.9236
29.2 76.8805
29.2 76.8361
29.2 76.7912
29.2 76.7467
29.2 76.7029
29.2 76.6606
29.2 76.6200
29.2 76.5817
29.2 76.5460
29.2 76.5133
29.2 76.4840
29.2 76.4584
29.2 76.4369
29.2 76.4200
29.2 76.4080
29.2 76.4012
29.2 76.4000
29.2 76.4046
29.2 76.4152
29.2 76.4318
29.3 76.4545
29.3 76.4833
29.3 76.5180
29.3 76.5584
29.3 76.6041
29.3 76.6550
29.3 76.7106
29.3 76.7705
29.3 76.8344
29.3 76.9017
29.3 76.9720
29.3 77.0446
29.3 77.1188
29.3 77.1939
29.3 77.2689
29.3 77.3426
29.3 77.4138
29.3 77.4805
29.3 77.5410
29.3 77.5929
29.4 77.6335
29.4 77.6598
29.4 77.6685
29.4 77.6562
29.4 77.6198
29.4 77.5567
29.4 77.4654
29.4 77.3462
29.4 77.2017
29.4 77.0375
29.4 76.8622
29.4 76.6873
29.4 76.5255
29.4 76.3880
29.4 76.2818
29.4 76.2048
29.4 76.1411
29.4 76.0562
29.4 75.8900
29.4 75.5511
29.5 74.9139
29.5 73.8343
29.5 72.2135
29.5 70.1440
29.5 68.0915
29.5 66.8672
29.5 67.1368
29.5 68.8271
29.5 71.1979
29.5 73.4741
29.5 75.2576
29.5 76.4930
29.5 77.2813
29.5 77.7509
29.5 78.0069
29.5 78.1232
29.5 78.1492
29.5 78.1175
29.5 78.0504
29.5 77.9645
29.6 77.8725
29.6 77.7846
29.6 77.7087
29.6 77.6507
29.6 77.6138
29.6 77.5992
29.6 77.6060
29.6 77.6319
29.6 77.6735
29.6 77.7270
29.6 77.7888
29.6 77.8556
29.6 77.9246
29.6 77.9933
29.6 78.0598
29.6 78.1221
29.6 78.1781
29.6 78.2250
29.6 78.2592
29.6 78.2759
29.7 78.2684
29.7 78.2279
29.7 78.1434
29.7 78.0017
29.7 77.7879
29.7 77.4869
29.7 77.0864
29.7 76.5806
29.7 75.9756
29.7 75.2931
29.7 74.5705
29.7 73.8538
29.7 73.1855
29.7 72.5915
29.7 72.0777
29.7 71.6401
29.7 71.2834
29.7 71.0345
29.7 70.9415
29.7 71.0551
29.8 71.4048
29.8 71.9805
29.8 72.7315
29.8 73.5794
29.8 74.4387
29.8 75.2347
29.8 75.9130
29.8 76.4415
29.8 76.8062
29.8 77.0063
29.8 77.0499
29.8 76.9522
29.8 76.7357
29.8 76.4321
29.8 76.0835
29.8 75.7396
29.8 75.4516
29.8 75.2611
29.8 75.1898
29.8 75.2340
29.9 75.3686
29.9 75.5571
29.9 75.7645
29.9 75.9652
29.9 76.1471
29.9 76.3094
29.9 76.4587
29.9 76.6038
29.9 76.7519
29.9 76.9070
29.9 77.0683
29.9 77.2320
29.9 77.3919
29.9 77.5413
29.9 77.6734
29.9 77.7827
29.9 77.8646
29.9 77.9154
29.9 77.9325
29.9 77.9137
30.0 77.8580
30.0 77.7660
30.0 77.6399
30.0 77.4851
30.0 77.3102
30.0 77.1267
30.0 76.9476
30.0 76.7844
30.0 76.6435
