0.00 1.407520000000000
0.01 1.408532779313282
0.02 1.409487208232606
0.03 1.410383146834059
0.04 1.411220465479872
0.05 1.411999044502906
0.06 1.412718773913824
0.07 1.413379553130575
0.08 1.413981290729837
0.09 1.414523904220112
0.10 1.415007319836167
0.11 1.415431472354543
0.12 1.415796304929902
0.13 1.416101768951974
0.14 1.416347823922922
0.15 1.416534437354955
0.16 1.416661584688038
0.17 1.416729249227608
0.18 1.416737422102182
0.19 1.416686102240826
0.20 1.416575296370428
0.21 1.416405019032792
0.22 1.416175292621566
0.23 1.415886147439054
0.24 1.415537621773000
0.25 1.415129761993437
0.26 1.414662622669749
0.27 1.414136266708091
0.28 1.413550765509366
0.29 1.412906199147960
0.30 1.412202656571494
0.31 1.411440235821835
0.32 1.410619044277666
0.33 1.409739198918945
0.34 1.408800826613559
0.35 1.407804064426572
0.36 1.406749059952423
0.37 1.405635971670497
0.38 1.404464969324493
0.39 1.403236234326032
0.40 1.401949960182967
0.41 1.400606352952888
0.42 1.399205631722303
0.43 1.397748029112010
0.44 1.396233791809176
0.45 1.394663181126655
0.46 1.393036473590067
0.47 1.391353961553178
0.48 1.389615953842110
0.49 1.387822776428922
0.50 1.385974773135050
0.51 1.384072306365148
0.52 1.382115757871792
0.53 1.380105529551515
0.54 1.378042044272606
0.55 1.375925746735074
0.56 1.373757104363112
0.57 1.371536608230378
0.58 1.369264774018322
0.59 1.366942143007720
0.60 1.364569283103524
0.61 1.362146789893000
0.62 1.359675287737067
0.63 1.357155430894602
0.64 1.354587904679364
0.65 1.351973426649048
0.66 1.349312747825795
0.67 1.346606653947343
0.68 1.343855966747777
0.69 1.341061545266648
0.70 1.338224287184973
0.71 1.335345130186390
0.72 1.332425053341465
0.73 1.329465078512830
0.74 1.326466271778521
0.75 1.323429744870541
0.76 1.320356656625271
0.77 1.317248214441973
0.78 1.314105675745186
0.79 1.310930349446371
0.80 1.307723597399650
0.81 1.304486835845999
0.82 1.301221536839698
0.83 1.297929229650272
0.84 1.294611502132574
0.85 1.291270002057043
0.86 1.287906438391517
0.87 1.284522582525346
0.88 1.281120269425869
0.89 1.277701398716621
0.90 1.274267935665973
0.91 1.270821912074197
0.92 1.267365427046266
0.93 1.263900647637028
0.94 1.260429809354748
0.95 1.256955216508378
0.96 1.253479242383349
0.97 1.250004329230144
0.98 1.246532988049460
0.99 1.243067798157365
1.00 1.239611406513603
1.01 1.236166526795983
1.02 1.232735938203756
1.03 1.229322483972968
1.04 1.225929069587020
1.05 1.222558660666095
1.06 1.219214280519718
1.07 1.215899007347549
1.08 1.212615971074570
1.09 1.209368349808098
1.10 1.206159365905625
1.11 1.202992281644283
1.12 1.199870394484841
1.13 1.196797031925464
1.14 1.193775545943150
1.15 1.190809307023647
1.16 1.187901697783860
1.17 1.185056106194180
1.18 1.182275918411860
1.19 1.179564511240432
1.20 1.176925244234237
1.21 1.174361451471339
1.22 1.171876433022383
1.23 1.169473446147317
1.24 1.167155696256224
1.25 1.164926327674755
1.26 1.162788414258777
1.27 1.160744949906772
1.28 1.158798839022103
1.29 1.156952886980563
1.30 1.155209790661443
1.31 1.153572129102669
1.32 1.152042354342365
1.33 1.150622782510295
1.34 1.149315585233113
1.35 1.148122781417094
1.36 1.147046229470984
1.37 1.146087620029812
1.38 1.145248469237936
1.39 1.144530112646243
1.40 1.143933699774328
1.41 1.143460189383647
1.42 1.143110345502216
1.43 1.142884734235317
1.44 1.142783721390167
1.45 1.142807470935468
1.46 1.142955944309515
1.47 1.143228900582990
1.48 1.143625897475006
1.49 1.144146293213380
1.50 1.144789249222662
1.51 1.145553733616295
1.52 1.146438525462411
1.53 1.147442219786408
1.54 1.148563233267605
1.55 1.149799810582060
1.56 1.151150031339074
1.57 1.152611817555104
1.58 1.154182941605742
1.59 1.155861034594129
1.60 1.157643595072698
1.61 1.159527998054377
1.62 1.161511504249433
1.63 1.163591269464818
1.64 1.165764354104314
1.65 1.168027732709713
1.66 1.170378303485830
1.67 1.172812897755139
1.68 1.175328289291236
1.69 1.177921203484069
1.70 1.180588326293853
1.71 1.183326312954798
1.72 1.186131796394028
1.73 1.189001395335452
1.74 1.191931722062649
1.75 1.194919389819128
1.76 1.197961019828437
1.77 1.201053247920651
1.78 1.204192730755523
1.79 1.207376151636206
1.80 1.210600225910796
1.81 1.213861705962009
1.82 1.217157385788145
1.83 1.220484105181018
1.84 1.223838753508782
1.85 1.227218273113571
1.86 1.230619662335593
1.87 1.234039978176725
1.88 1.237476338617921
1.89 1.240925924605646
1.90 1.244385981723339
1.91 1.247853821564429
1.92 1.251326822823773
1.93 1.254802432124599
1.94 1.258278164598037
1.95 1.261751604232240
1.96 1.265220404007851
1.97 1.268682285836279
1.98 1.272135040316805
1.99 1.275576526328056
2.00 1.279004670468867
2.01 1.282417466362895
2.02 1.285812973840793
2.03 1.289189318013018
2.04 1.292544688245714
2.05 1.295877337051420
2.06 1.299185578905632
2.07 1.302467788999585
2.08 1.305722401938947
2.09 1.308947910397422
2.10 1.312142863733632
2.11 1.315305866579014
2.12 1.318435577403847
2.13 1.321530707067968
2.14 1.324590017362142
2.15 1.327612319545557
2.16 1.330596472884385
2.17 1.333541383195888
2.18 1.336446001402094
2.19 1.339309322096662
2.20 1.342130382128131
2.21 1.344908259202421
2.22 1.347642070507090
2.23 1.350330971359527
2.24 1.352974153880994
2.25 1.355570845698152
2.26 1.358120308673438
2.27 1.360621837665469
2.28 1.363074759320420
2.29 1.365478430895129
2.30 1.367832239112544
2.31 1.370135599049928
2.32 1.372387953060144
2.33 1.374588769726174
2.34 1.376737542848968
2.35 1.378833790468553
2.36 1.380877053918317
2.37 1.382866896912252
2.38 1.384802904664895
2.39 1.386684683043655
2.40 1.388511857753155
2.41 1.390284073551175
2.42 1.392000993495752
2.43 1.393662298222972
2.44 1.395267685254953
2.45 1.396816868337510
2.46 1.398309576806981
2.47 1.399745554985683
2.48 1.401124561605460
2.49 1.402446369258804
2.50 1.403710763876997
2.51 1.404917544234773
2.52 1.406066521480969
2.53 1.407157518694670
2.54 1.408190370466357
2.55 1.409164922503577
2.56 1.410081031260691
2.57 1.410938563592248
2.58 1.411737396429564
2.59 1.412477416480130
2.60 1.413158519949437
2.61 1.413780612284895
2.62 1.414343607941506
2.63 1.414847430168971
2.64 1.415292010819977
2.65 1.415677290179388
2.66 1.416003216814114
2.67 1.416269747443463
2.68 1.416476846829793
2.69 1.416624487689310
2.70 1.416712650622906
2.71 1.416741324066914
2.72 1.416710504263743
2.73 1.416620195252324
2.74 1.416470408878379
2.75 1.416261164824505
2.76 1.415992490660127
2.77 1.415664421911392
2.78 1.415277002151089
2.79 1.414830283108729
2.80 1.414324324800929
2.81 1.413759195682282
2.82 1.413134972816920
2.83 1.412451742070987
2.84 1.411709598326294
2.85 1.410908645715432
2.86 1.410048997878645
2.87 1.409130778242798
2.88 1.408154120322797
2.89 1.407119168045836
2.90 1.406026076098862
2.91 1.404875010299698
2.92 1.403666147992245
2.93 1.402399678466225
2.94 1.401075803401952
2.95 1.399694737340606
2.96 1.398256708180523
2.97 1.396761957700012
2.98 1.395210742107228
2.99 1.393603332617620
3.00 1.391940016059505
3.01 1.390221095508283
3.02 1.388446890949830
3.03 1.386617739973600
3.04 1.384733998495932
3.05 1.382796041514065
3.06 1.380804263891322
3.07 1.378759081173926
3.08 1.376660930439829
3.09 1.374510271179947
3.10 1.372307586212100
3.11 1.370053382627928
3.12 1.367748192772970
3.13 1.365392575260028
3.14 1.362987116015843
3.15 1.360532429361008
3.16 1.358029159122951
3.17 1.355477979781666
3.18 1.352879597647757
3.19 1.350234752072202
3.20 1.347544216687041
3.21 1.344808800676065
3.22 1.342029350074307
3.23 1.339206749094964
3.24 1.336341921482099
3.25 1.333435831887209
3.26 1.330489487267470
3.27 1.327503938303123
3.28 1.324480280831147
3.29 1.321419657291993
3.30 1.318323258185752
3.31 1.315192323533709
3.32 1.312028144340801
3.33 1.308832064054007
3.34 1.305605480011187
3.35 1.302349844874381
3.36 1.299066668040997
3.37 1.295757517025740
3.38 1.292424018805532
3.39 1.289067861119028
3.40 1.285690793711707
3.41 1.282294629516813
3.42 1.278881245761778
3.43 1.275452584989046
3.44 1.272010655979538
3.45 1.268557534566301
3.46 1.265095364325208
3.47 1.261626357128931
3.48 1.258152793549745
3.49 1.254677023096164
3.50 1.251201464267833
3.51 1.247728604412635
3.52 1.244260999369558
3.53 1.240801272880530
3.54 1.237352115754234
3.55 1.233916284764804
3.56 1.230496601268335
3.57 1.227095949520343
3.58 1.223717274677662
3.59 1.220363580468809
3.60 1.217037926517619
3.61 1.213743425305902
3.62 1.210483238762091
3.63 1.207260574464329
3.64 1.204078681448121
3.65 1.200940845610710
3.66 1.197850384706573
3.67 1.194810642931008
3.68 1.191824985091563
3.69 1.188896790370210
3.70 1.186029445682467
3.71 1.183226338643311
3.72 1.180490850153512
3.73 1.177826346624040
3.74 1.175236171860356
3.75 1.172723638632656
3.76 1.170292019962501
3.77 1.167944540160568
3.78 1.165684365654580
3.79 1.163514595650632
3.80 1.161438252675106
3.81 1.159458273048116
3.82 1.157577497342797
3.83 1.155798660887745
3.84 1.154124384372447
3.85 1.152557164617476
3.86 1.151099365572619
3.87 1.149753209606774
3.88 1.148520769153465
3.89 1.147403958775056
3.90 1.146404527707208
3.91 1.145524052942833
3.92 1.144763932911709
3.93 1.144125381808054
3.94 1.143609424613822
3.95 1.143216892860220
3.96 1.142948421164065
3.97 1.142804444569248
3.98 1.142785196716678
3.99 1.142890708858914
4.00 1.143120809728218
4.01 1.143475126259224
4.02 1.143953085159779
4.03 1.144553915316059
4.04 1.145276651010736
4.05 1.146120135926039
4.06 1.147083027896986
4.07 1.148163804374029
4.08 1.149360768548920
4.09 1.150672056092822
4.10 1.152095642451596
4.11 1.153629350639905
4.12 1.155270859473199
4.13 1.157017712174896
4.14 1.158867325295063
4.15 1.160816997876685
4.16 1.162863920806071
4.17 1.165005186285126
4.18 1.167237797364983
4.19 1.169558677482877
4.20 1.171964679946942
4.21 1.174452597316944
4.22 1.177019170632550
4.23 1.179661098444663
4.24 1.182375045609491
4.25 1.185157651809241
4.26 1.188005539767702
4.27 1.190915323133285
4.28 1.193883614006423
4.29 1.196907030092399
4.30 1.199982201464755
4.31 1.203105776928290
4.32 1.206274429974345
4.33 1.209484864324487
4.34 1.212733819061897
4.35 1.216018073352645
4.36 1.219334450761720
4.37 1.222679823170972
4.38 1.226051114308258
4.39 1.229445302898836
4.40 1.232859425451635
4.41 1.236290578694276
4.42 1.239735921671780
4.43 1.243192677524726
4.44 1.246658134963216
4.45 1.250129649453417
4.46 1.253604644133717
4.47 1.257080610477585
4.48 1.260555108720174
4.49 1.264025768065543
4.50 1.267490286691046
4.51 1.270946431565085
4.52 1.274392038093938
4.53 1.277825009612860
4.54 1.281243316736064
4.55 1.284644996579566
4.56 1.288028151870244
4.57 1.291390949953763
4.58 1.294731621713344
4.59 1.298048460410673
4.60 1.301339820459539
4.61 1.304604116142109
4.62 1.307839820277090
4.63 1.311045462848370
4.64 1.314219629602054
4.65 1.317360960619273
4.66 1.320468148871461
4.67 1.323539938764313
4.68 1.326575124676025
4.69 1.329572549494960
4.70 1.332531103161367
4.71 1.335449721217332
4.72 1.338327383368714
4.73 1.341163112062411
4.74 1.343955971081924
4.75 1.346705064163859
4.76 1.349409533637635
4.77 1.352068559090429
4.78 1.354681356059062
4.79 1.357247174750287
4.80 1.359765298790734
4.81 1.362235044007518
4.82 1.364655757240335
4.83 1.367026815185709
4.84 1.369347623273865
4.85 1.371617614578592
4.86 1.373836248760299
4.87 1.376003011042371
4.88 1.378117411220835
4.89 1.380178982707224
4.90 1.382187281604494
4.91 1.384141885815726
4.92 1.386042394185338
4.93 1.387888425672437
4.94 1.389679618555919
4.95 1.391415629670887
4.96 1.393096133675924
4.97 1.394720822350725
4.98 1.396289403923594
4.99 1.397801602428285
5.00 1.399257157089644
5.01 1.400655821737547
5.02 1.401997364248573
5.03 1.403281566014897
5.04 1.404508221439873
5.05 1.405677137459782
5.06 1.406788133091257
5.07 1.407841039003859
5.08 1.408835697117361
5.09 1.409771960223239
5.10 1.410649691629960
5.11 1.411468764831610
5.12 1.412229063199476
5.13 1.412930479696188
5.14 1.413572916612070
5.15 1.414156285323341
5.16 1.414680506071880
5.17 1.415145507766238
5.18 1.415551227803657
5.19 1.415897611912832
5.20 1.416184614017235
5.21 1.416412196118781
5.22 1.416580328201709
5.23 1.416688988156515
5.24 1.416738161723863
5.25 1.416727842458370
5.26 1.416658031712232
5.27 1.416528738638658
5.28 1.416339980215125
5.29 1.416091781286479
5.30 1.415784174627946
5.31 1.415417201028139
5.32 1.414990909392176
5.33 1.414505356865048
5.34 1.413960608975413
5.35 1.413356739799994
5.36 1.412693832148828
5.37 1.411971977771587
5.38 1.411191277585264
5.39 1.410351841923513
5.40 1.409453790807964
5.41 1.408497254241864
5.42 1.407482372526413
5.43 1.406409296600186
5.44 1.405278188402052
5.45 1.404089221258027
5.46 1.402842580292512
5.47 1.401538462864380
5.48 1.400177079028408
5.49 1.398758652022544
5.50 1.397283418781528
5.51 1.395751630477375
5.52 1.394163553087268
5.53 1.392519467989377
5.54 1.390819672587141
5.55 1.389064480962554
5.56 1.387254224558969
5.57 1.385389252893934
5.58 1.383469934302581
5.59 1.381496656712012
5.60 1.379469828447165
5.61 1.377389879068576
5.62 1.375257260242400
5.63 1.373072446643054
5.64 1.370835936888743
5.65 1.368548254510094
5.66 1.366209948952046
5.67 1.363821596609041
5.68 1.361383801893508
5.69 1.358897198337473
5.70 1.356362449727049
5.71 1.353780251269409
5.72 1.351151330791689
5.73 1.348476449971128
5.74 1.345756405595534
5.75 1.342992030852997
5.76 1.340184196649531
5.77 1.337333812953095
5.78 1.334441830162169
5.79 1.331509240496800
5.80 1.328537079409692
5.81 1.325526427014620
5.82 1.322478409529047
5.83 1.319394200727475
5.84 1.316275023401631
5.85 1.313122150823147
5.86 1.309936908203945
5.87 1.306720674149017
5.88 1.303474882095790
5.89 1.300201021733715
5.90 1.296900640397115
5.91 1.293575344423779
5.92 1.290226800471108
5.93 1.286856736781025
5.94 1.283466944384152
5.95 1.280059278233133
5.96 1.276635658254246
5.97 1.273198070305791
5.98 1.269748567031019
5.99 1.266289268592737
6.00 1.262822363275981
6.01 1.259350107944583
6.02 1.255874828336799
6.03 1.252398919184610
6.04 1.248924844140831
6.05 1.245455135497675
6.06 1.241992393680114
6.07 1.238539286497087
6.08 1.235098548133482
6.09 1.231672977865802
6.10 1.228265438484563
6.11 1.224878854406760
6.12 1.221516209462236
6.13 1.218180544338459
6.14 1.214874953669102
6.15 1.211602582752958
6.16 1.208366623891088
6.17 1.205170312331732
6.18 1.202016921814398
6.19 1.198909759706734
6.20 1.195852161730227
6.21 1.192847486273489
6.22 1.189899108294935
6.23 1.187010412819862
6.24 1.184184788040518
6.25 1.181425618031445
6.26 1.178736275096354
6.27 1.176120111766884
6.28 1.173580452477858
6.29 1.171120584947925
6.30 1.168743751298887
6.31 1.166453138951252
6.32 1.164251871337841
6.33 1.162142998481280
6.34 1.160129487485067
6.35 1.158214212991412
6.36 1.156399947662168
6.37 1.154689352741878
6.38 1.153084968764126
6.39 1.151589206463922
6.40 1.150204337959847
6.41 1.148932488269839
6.42 1.147775627224088
6.43 1.146735561837184
6.44 1.145813929199655
6.45 1.145012189946203
6.46 1.144331622354367
6.47 1.143773317123000
6.48 1.143338172874962
6.49 1.143026892422723
6.50 1.142839979829408
6.51 1.142777738291054
6.52 1.142840268858805
6.53 1.143027470012371
6.54 1.143339038088546
6.55 1.143774468560983
6.56 1.144333058159850
6.57 1.145013907812678
6.58 1.145815926380548
6.59 1.146737835157138
6.60 1.147778173091863
6.61 1.148935302692738
6.62 1.150207416559539
6.63 1.151592544493537
6.64 1.153088561126482
6.65 1.154693194008708
6.66 1.156404032094180
6.67 1.158218534559063
6.68 1.160134039889875
6.69 1.162147775177548
6.70 1.164256865554641
6.71 1.166458343714524
6.72 1.168749159453531
6.73 1.171126189179750
6.74 1.173586245335270
6.75 1.176126085682211
6.76 1.178742422406688
6.77 1.181431930998935
6.78 1.184191258872000
6.79 1.187017033685788
6.80 1.189905871347508
6.81 1.192854383663979
6.82 1.195859185625401
6.83 1.198916902304390
6.84 1.202024175357956
6.85 1.205177669123892
6.86 1.208374076306521
6.87 1.211610123250048
6.88 1.214882574800739
6.89 1.218188238761892
6.90 1.221523969948011
6.91 1.224886673846758
6.92 1.228273309899165
6.93 1.231680894410218
6.94 1.235106503103266
6.95 1.238547273332884
6.96 1.242000405971662
6.97 1.245463166987117
6.98 1.248932888725363
6.99 1.252406970918505
7.00 1.255882881432857
7.01 1.259358156775038
7.02 1.262830402372901
7.03 1.266297292647967
7.04 1.269756570895691
7.05 1.273206048989446
7.06 1.276643606923607
7.07 1.280067192210541
7.08 1.283474819145729
7.09 1.286864567954568
7.10 1.290234583833756
7.11 1.293583075899475
7.12 1.296908316053899
7.13 1.300208637780855
7.14 1.303482434880793
7.15 1.306728160154523
7.16 1.309944324044540
7.17 1.313129493242099
7.18 1.316282289267578
7.19 1.319401387031074
7.20 1.322485513379592
7.21 1.325533445636659
7.22 1.328544010139637
7.23 1.331516080779551
7.24 1.334448577547758
7.25 1.337340465093358
7.26 1.340190751294819
7.27 1.342998485848929
7.28 1.345762758879800
7.29 1.348482699570344
7.30 1.351157474818315
7.31 1.353786287918728
7.32 1.356368377274211
7.33 1.358903015134612
7.34 1.361389506366926
7.35 1.363827187256469
7.36 1.366215424339976
7.37 1.368553613271190
7.38 1.370841177719327
7.39 1.373077568300668
7.40 1.375262261543449
7.41 1.377394758886044
7.42 1.379474585708409
7.43 1.381501290396631
7.44 1.383474443440368
7.45 1.385393636562894
7.46 1.387258481883415
7.47 1.389068611111280
7.48 1.390823674771661
7.49 1.392523341462238
7.50 1.394167297140439
7.51 1.395755244440691
7.52 1.397286902021218
7.53 1.398762003939814
7.54 1.400180299058093
7.55 1.401541550473664
7.56 1.402845534979703
7.57 1.404092042551400
7.58 1.405280875858749
7.59 1.406411849805178
7.60 1.407484791091520
7.61 1.408499537804826
7.62 1.409455939031579
7.63 1.410353854494817
7.64 1.411193154214776
7.65 1.411973718192601
7.66 1.412695436116761
7.67 1.413358207091781
7.68 1.413961939388953
7.69 1.414506550218705
7.70 1.414991965524323
7.71 1.415418119796755
7.72 1.415784955910258
7.73 1.416092424978652
7.74 1.416340486232002
7.75 1.416529106913541
7.76 1.416658262196717
7.77 1.416727935122222
7.78 1.416738116554937
7.79 1.416688805160730
7.80 1.416580007403061
7.81 1.416411737559402
7.82 1.416184017757500
7.83 1.415896878031517
7.84 1.415550356398133
7.85 1.415144498952721
7.86 1.414679359985720
7.87 1.414155002119365
7.88 1.413571496464971
7.89 1.412928922800960
7.90 1.412227369771900
7.91 1.411466935108791
7.92 1.410647725870909
7.93 1.409769858709510
7.94 1.408833460153743
7.95 1.407838666919114
7.96 1.406785626238914
7.97 1.405674496218989
7.98 1.404505446216299
7.99 1.403278657241697
8.00 1.401994322387402
8.01 1.400652647279643
8.02 1.399253850556964
8.03 1.397798164374705
8.04 1.396285834936172
8.05 1.394717123051022
8.06 1.393092304721400
8.07 1.391411671756355
8.08 1.389675532415068
8.09 1.387884212079426
8.10 1.386038053956459
8.11 1.384137419811134
8.12 1.382182690730015
8.13 1.380174267916235
8.14 1.378112573516209
8.15 1.375998051478515
8.16 1.373831168445246
8.17 1.371612414676189
8.18 1.369342305006023
8.19 1.367021379834739
8.20 1.364650206151358
8.21 1.362229378590950
8.22 1.359759520524853
8.23 1.357241285183872
8.24 1.354675356814108
8.25 1.352062451864936
8.26 1.349403320208467
8.27 1.346698746389680
8.28 1.343949550906193
8.29 1.341156591516441
8.30 1.338320764574803
8.31 1.335443006391936
8.32 1.332524294618333
8.33 1.329565649648802
8.34 1.326568136045239
8.35 1.323532863974722
8.36 1.320460990659588
8.37 1.317353721835726
8.38 1.314212313214914
8.39 1.311038071946572
8.40 1.307832358073789
8.41 1.304596585978005
8.42 1.301332225806162
8.43 1.298040804873595
8.44 1.294723909035317
8.45 1.291383184017753
8.46 1.288020336702338
8.47 1.284637136351743
8.48 1.281235415768792
8.49 1.277817072377502
8.50 1.274384069214939
8.51 1.270938435821908
8.52 1.267482269019832
8.53 1.264017733560455
8.54 1.260547062634403
8.55 1.257072558223977
8.56 1.253596591284984
8.57 1.250121601741895
8.58 1.246650098280141
8.59 1.243184657918974
8.60 1.239727925348045
8.61 1.236282612010643
8.62 1.232851494916500
8.63 1.229437415167145
8.64 1.226043276177025
8.65 1.222672041574028
8.66 1.219326732763670
8.67 1.216010426141997
8.68 1.212726249943322
8.69 1.209477380710203
8.70 1.206267039374571
8.71 1.203098486940787
8.72 1.199975019763409
8.73 1.196899964414855
8.74 1.193876672140763
8.75 1.190908512903756
8.76 1.187998869019506
8.77 1.185151128392406
8.78 1.182368677361861
8.79 1.179654893174038
8.80 1.177013136098025
8.81 1.174446741209511
8.82 1.171959009869417
8.83 1.169553200929238
8.84 1.167232521699202
8.85 1.165000118719591
8.86 1.162859068379716
8.87 1.160812367432933
8.88 1.158862923459714
8.89 1.157013545334088
8.90 1.155266933751578
8.91 1.153625671879156
8.92 1.152092216189466
8.93 1.150668887542798
8.94 1.149357862580696
8.95 1.148161165494920
8.96 1.147080660234429
8.97 1.146118043211311
8.98 1.145274836564039
8.99 1.144552382033078
9.00 1.143951835499832
9.01 1.143474162235105
9.02 1.143120132897825
9.03 1.142890320318725
9.04 1.142785097097144
9.05 1.142804634032130
9.06 1.142948899401755
9.07 1.143217659097038
9.08 1.143610477609284
9.09 1.144126719862081
9.10 1.144765553871735
9.11 1.145525954212737
9.12 1.146406706258008
9.13 1.147406411157266
9.14 1.148523491511006
9.15 1.149756197692331
9.16 1.151102614764312
9.17 1.152560669936713
9.18 1.154128140502821
9.19 1.155802662194827
9.20 1.157581737894678
9.21 1.159462746636551
9.22 1.161442952837114
9.23 1.163519515690403
9.24 1.165689498665554
9.25 1.167949879047540
9.26 1.170297557463635
9.27 1.172729367341278
9.28 1.175242084246412
9.29 1.177832435055120
9.30 1.180497106915336
9.31 1.183232755959601
9.32 1.186036015734122
9.33 1.188903505313725
9.34 1.191831837076628
9.35 1.194817624117250
9.36 1.197857487279401
9.37 1.200948061796234
9.38 1.204086003527132
9.39 1.207267994785323
9.40 1.210490749753339
9.41 1.213751019486568
9.42 1.217045596507938
9.43 1.220371318999332
9.44 1.223725074597608
9.45 1.227103803805057
9.46 1.230504503025902
9.47 1.233924227241845
9.48 1.237360092340907
9.49 1.240809277114791
9.50 1.244269024940701
9.51 1.247736645164166
9.52 1.251209514199707
9.53 1.254685076366427
9.54 1.258160844475621
9.55 1.261634400187395
9.56 1.265103394153083
9.57 1.268565545959909
9.58 1.272018643893959
9.59 1.275460544536998
9.60 1.278889172212174
9.61 1.282302518293009
9.62 1.285698640389487
9.63 1.289075661424345
9.64 1.292431768612041
9.65 1.295765212352143
9.66 1.299074305048229
9.67 1.302357419862659
9.68 1.305612989416941
9.69 1.308839504446722
9.70 1.312035512419774
9.71 1.315199616124755
9.72 1.318330472237862
9.73 1.321426789873963
9.74 1.324487329128192
9.75 1.327510899613490
9.76 1.330496358999056
9.77 1.333442611554195
9.78 1.336348606701615
9.79 1.339213337583784
9.80 1.342035839645586
9.81 1.344815189236123
9.82 1.347550502232204
9.83 1.350240932685692
9.84 1.352885671496656
9.85 1.355483945113930
9.86 1.358035014264509
9.87 1.360538172712918
9.88 1.362992746051527
9.89 1.365398090522580
9.90 1.367753591872540
9.91 1.370058664239181
9.92 1.372312749071754
9.93 1.374515314084385
9.94 1.376665852242791
9.95 1.378763880784276
9.96 1.380808940270894
9.97 1.382800593675583
9.98 1.384738425501006
9.99 1.386622040930797
10.00 1.388451065012817
10.01 1.390225141874048
10.02 1.391943933966644
10.03 1.393607121344693
10.04 1.395214400971192
10.05 1.396765486054721
10.06 1.398260105415283
10.07 1.399698002878814
10.08 1.401078936699785
10.09 1.402402679011400
10.10 1.403669015302837
10.11 1.404877743923024
10.12 1.406028675610417
10.13 1.407121633048295
10.14 1.408156450445070
10.15 1.409132973139140
10.16 1.410051057227830
10.17 1.410910569219970
10.18 1.411711385711708
10.19 1.412453393085141
10.20 1.413136487229399
10.21 1.413760573283820
10.22 1.414325565402891
10.23 1.414831386542643
10.24 1.415277968268221
10.25 1.415665250582372
10.26 1.415993181774626
10.27 1.416261718290957
10.28 1.416470824623748
10.29 1.416620473221917
10.30 1.416710644421075
10.31 1.416741326393613
10.32 1.416712515118668
10.33 1.416624214371896
10.34 1.416476435735074
10.35 1.416269198625516
10.36 1.416002530345353
10.37 1.415676466150751
10.38 1.415291049341155
10.39 1.414846331368685
10.40 1.414342371967830
10.41 1.413779239305631
10.42 1.413157010152529
10.43 1.412475770074139
10.44 1.411735613644184
10.45 1.410936644678870
10.46 1.410078976493029
10.47 1.409162732178331
10.48 1.408188044903941
10.49 1.407155058239986
10.50 1.406063926504238
10.51 1.404914815132419
10.52 1.403707901072591
10.53 1.402443373204062
10.54 1.401121432781301
10.55 1.399742293903346
10.56 1.398306184009205
10.57 1.396813344399770
10.58 1.395264030786769
10.59 1.393658513869272
10.60 1.391997079938308
10.61 1.390280031510105
10.62 1.388507687988488
10.63 1.386680386356971
10.64 1.384798481901036
10.65 1.382862348961099
10.66 1.380872381716643
10.67 1.378828995001950
10.68 1.376732625153852
10.69 1.374583730891858
10.70 1.372382794230989
10.71 1.370130321427579
10.72 1.367826843958229
10.73 1.365472919532050
10.74 1.363069133136207
10.75 1.360616098114722
10.76 1.358114457280339
10.77 1.355564884059156
10.78 1.352968083667590
10.79 1.350324794321077
10.80 1.347635788473736
10.81 1.344901874088059
10.82 1.342123895933451
10.83 1.339302736912255
10.84 1.336439319411608
10.85 1.333534606679241
10.86 1.330589604221030
10.87 1.327605361217782
10.88 1.324582971958408
10.89 1.321523577286271
10.90 1.318428366055100
10.91 1.315298576590435
10.92 1.312135498152131
10.93 1.308940472392971
10.94 1.305714894807923
10.95 1.302460216168068
10.96 1.299177943932647
10.97 1.295869643632101
10.98 1.292536940214374
10.99 1.289181519346107
11.00 1.285805128659716
11.01 1.282409578936669
11.02 1.278996745216600
11.03 1.275568567821213
11.04 1.272127053281229
11.05 1.268674275153953
11.06 1.265212374718353
11.07 1.261743561533873
11.08 1.258270113848586
11.09 1.254794378841690
11.10 1.251318772684796
11.11 1.247845780405979
11.12 1.244377955540148
11.13 1.240917919548958
11.14 1.237468360993278
11.15 1.234032034441118
11.16 1.230611759093937
11.17 1.227210417114479
11.18 1.223830951639579
11.19 1.220476364461982
11.20 1.217149713365917
11.21 1.213854109102161
11.22 1.210592711989515
11.23 1.207368728131076
11.24 1.204185405235381
11.25 1.201046028034499
11.26 1.197953913293405
11.27 1.194912404407483
11.28 1.191924865587846
11.29 1.188994675637246
11.30 1.186125221322663
11.31 1.183319890354291
11.32 1.180582063984424
11.33 1.177915109243750
11.34 1.175322370836721
11.35 1.172807162721933
11.36 1.170372759407784
11.37 1.168022386998014
11.38 1.165759214026040
11.39 1.163586342121158
11.40 1.161506796553678
11.41 1.159523516709812
11.42 1.157639346550522
11.43 1.155857025111543
11.44 1.154179177104332
11.45 1.152608303679682
11.46 1.151146773417110
11.47 1.149796813603864
11.48 1.148560501867398
11.49 1.147439758224430
11.50 1.146436337608207
11.51 1.145551822933314
11.52 1.144787618754292
11.53 1.144144945570540
11.54 1.143624834825395
11.55 1.143228124642087
11.56 1.142955456333417
11.57 1.142807271715612
11.58 1.142783811249997
11.59 1.142885113028916
11.60 1.143111012614926
11.61 1.143461143734659
11.62 1.143934939821226
11.63 1.144531636391463
11.64 1.145250274237080
11.65 1.146089703401744
11.66 1.147048587909623
11.67 1.148125411204805
11.68 1.149318482255576
11.69 1.150625942272743
11.70 1.152045771987039
11.71 1.153575799427375
11.72 1.155213708139055
11.73 1.156957045779318
11.74 1.158803233026559
11.75 1.160749572739266
11.76 1.162793259301242
11.77 1.164931388090753
11.78 1.167160965013063
11.79 1.169478916038105
11.80 1.171882096687913
11.81 1.174367301421675
11.82 1.176931272869895
11.83 1.179570710873067
11.84 1.182282281284356
11.85 1.185062624500074
11.86 1.187908363686025
11.87 1.190816112672184
11.88 1.193782483492426
11.89 1.196804093550272
11.90 1.199877572395639
11.91 1.202999568101500
11.92 1.206166753233016
11.93 1.209375830405142
11.94 1.212623537427913
11.95 1.215906652041506
11.96 1.219221996245841
11.97 1.222566440231824
11.98 1.225936905923449
11.99 1.229330370141747
12.00 1.232743867403165
12.01 1.236174492366200
12.02 1.239619401941218
12.03 1.243075817079166
12.04 1.246541024255531
12.05 1.250012376666315
12.06 1.253487295153039
12.07 1.256963268873870
12.08 1.260437855737937
12.09 1.263908682619671
12.10 1.267373445369789
12.11 1.270829908639082
12.12 1.274275905530765
12.13 1.277709337096593
12.14 1.281128171691373
12.15 1.284530444199884
12.16 1.287914255149565
12.17 1.291277769721651
12.18 1.294619216672772
12.19 1.297936887178311
12.20 1.301229133608141
12.21 1.304494368244691
12.22 1.307731061952589
12.23 1.310937742808492
12.24 1.314112994699084
12.25 1.317255455894573
12.26 1.320363817604468
12.27 1.323436822521816
12.28 1.326473263361554
12.29 1.329471981398114
12.30 1.332431865006938
12.31 1.335351848214080
12.32 1.338230909257689
12.33 1.341068069164699
12.34 1.343862390345739
12.35 1.346612975210880
12.36 1.349318964808535
12.37 1.351979537489514
12.38 1.354593907597976
12.39 1.357161324190745
12.40 1.359681069786228
12.41 1.362152459143971
12.42 1.364574838075690
12.43 1.366947582288416
12.44 1.369270096260264
12.45 1.371541812149175
12.46 1.373762188734851
12.47 1.375930710393987
12.48 1.378046886108810
12.49 1.380110248508828
12.50 1.382120352945634
12.51 1.384076776600504
12.52 1.385979117624520
12.53 1.387826994310838
12.54 1.389620044298729
12.55 1.391357923808944
12.56 1.393040306909952
12.57 1.394666884814559
12.58 1.396237365206402
12.59 1.397751471595807
12.60 1.399208942704472
12.61 1.400609531878453
12.62 1.401953006528913
12.63 1.403239147600103
12.64 1.404467749064052
12.65 1.405638617441445
12.66 1.406751571348179
12.67 1.407806441067108
12.68 1.408803068144495
12.69 1.409741305010696
12.70 1.410621014624647
12.71 1.411442070141717
12.72 1.412204354604516
12.73 1.412907760656288
12.74 1.413552190276508
12.75 1.414137554538360
12.76 1.414663773387774
12.77 1.415130775443726
12.78 1.415538497819550
12.79 1.415886885965010
12.80 1.416175893528925
12.81 1.416405482242155
12.82 1.416575621820799
12.83 1.416686289889459
12.84 1.416737471924472
12.85 1.416729161217026
12.86 1.416661358856117
12.87 1.416534073731319
12.88 1.416347322555362
12.89 1.416101129906565
12.90 1.415795528291176
12.91 1.415430558225700
12.92 1.415006268339336
12.93 1.414522715496659
12.94 1.413979964940720
12.95 1.413378090456748
12.96 1.412717174556688
12.97 1.411997308684810
12.98 1.411218593444664
12.99 1.410381138847687
13.00 1.409485064583771
13.01 1.408530500314143
13.02 1.407517585986928
13.03 1.406446472175787
13.04 1.405317320442034
13.05 1.404130303720676
13.06 1.402885606730815
13.07 1.401583426410895
13.08 1.400223972379266
13.09 1.398807467420571
13.10 1.397334147998469
13.11 1.395804264795204
13.12 1.394218083278564
13.13 1.392575884296743
13.14 1.390877964701662
13.15 1.389124638001260
13.16 1.387316235041297
13.17 1.385453104717168
13.18 1.383535614716248
13.19 1.381564152291229
13.20 1.379539125064915
13.21 1.377460961866898
13.22 1.375330113602489
13.23 1.373147054154248
13.24 1.370912281316403
13.25 1.368626317762360
13.26 1.366289712045465
13.27 1.363903039633080
13.28 1.361466903973937
13.29 1.358981937598635
13.30 1.356448803253028
13.31 1.353868195064103
13.32 1.351240839737826
13.33 1.348567497788230
13.34 1.345848964796883
13.35 1.343086072701625
13.36 1.340279691113301
13.37 1.337430728658907
13.38 1.334540134349383
13.39 1.331608898969926
13.40 1.328638056490458
13.41 1.325628685493490
13.42 1.322581910616325
13.43 1.319498904004104
13.44 1.316380886769828
13.45 1.313229130457032
13.46 1.310044958500328
13.47 1.306829747678538
13.48 1.303584929554606
13.49 1.300311991895973
13.50 1.297012480068440
13.51 1.293687998396052
13.52 1.290340211478817
13.53 1.286970845459493
13.54 1.283581689229982
13.55 1.280174595567216
13.56 1.276751482187711
13.57 1.273314332709296
13.58 1.269865197507816
13.59 1.266406194455938
13.60 1.262939509530520
13.61 1.259467397274337
13.62 1.255992181097395
13.63 1.252516253402447
13.64 1.249042075518842
13.65 1.245572177428413
13.66 1.242109157266709
13.67 1.238655680582657
13.68 1.235214479339574
13.69 1.231788350640446
13.70 1.228380155160492
13.71 1.224992815270366
13.72 1.221629312833791
13.73 1.218292686664113
13.74 1.214986029625130
13.75 1.211712485362699
13.76 1.208475244654949
13.77 1.205277541370586
13.78 1.202122648026633
13.79 1.199013870939129
13.80 1.195954544962743
13.81 1.192948027817979
13.82 1.189997694007644
13.83 1.187106928327507
13.84 1.184279118979592
13.85 1.181517650300266
13.86 1.178825895119247
13.87 1.176207206769737
13.88 1.173664910774152
13.89 1.171202296234195
13.90 1.168822606958413
13.91 1.166529032364652
13.92 1.164324698199072
13.93 1.162212657117453
13.94 1.160195879178330
13.95 1.158277242301047
13.96 1.156459522744963
13.97 1.154745385668744
13.98 1.153137375830848
13.99 1.151637908493933
14.00 1.150249260596837
14.01 1.148973562258072
14.02 1.147812788674283
14.03 1.146768752475900
14.04 1.145843096600182
14.05 1.145037287739094
14.06 1.144352610415845
14.07 1.143790161739668
14.08 1.143350846883390
14.09 1.143035375322719
14.10 1.142844257869969
14.11 1.142777804528248
14.12 1.142836123185069
14.13 1.143019119156969
14.14 1.143326495589172
14.15 1.143757754706769
14.16 1.144312199906290
14.17 1.144988938669202
14.18 1.145786886271744
14.19 1.146704770258811
14.20 1.147741135643351
14.21 1.148894350787051
14.22 1.150162613913079
14.23 1.151543960197263
14.24 1.153036269380518
14.25 1.154637273842450
14.26 1.156344567074036
14.27 1.158155612485972
14.28 1.160067752488766
14.29 1.162078217780884
14.30 1.164184136782130
14.31 1.166382545151041
14.32 1.168670395327207
14.33 1.171044566042063
14.34 1.173501871744898
14.35 1.176039071894244
14.36 1.178652880068702
14.37 1.181339972855250
14.38 1.184096998477342
14.39 1.186920585129381
14.40 1.189807348988532
14.41 1.192753901879120
14.42 1.195756858569144
14.43 1.198812843682518
14.44 1.201918498214614
14.45 1.205070485642444
14.46 1.208265497624321
14.47 1.211500259287125
14.48 1.214771534102321
14.49 1.218076128354576
14.50 1.221410895209344
14.51 1.224772738387896
14.52 1.228158615460231
14.53 1.231565540767924
14.54 1.234990587990333
14.55 1.238430892368737
14.56 1.241883652603881
14.57 1.245346132443074
14.58 1.248815661973486
14.59 1.252289638638593
14.60 1.255765527994863
14.61 1.259240864225749
14.62 1.262713250429948
14.63 1.266180358700604
14.64 1.269639930011802
14.65 1.273089773928248
14.66 1.276527768153537
14.67 1.279951857931848
14.68 1.283360055317285
14.69 1.286750438324465
14.70 1.290121149973255
14.71 1.293470397239913
14.72 1.296796449926169
14.73 1.300097639457115
14.74 1.303372357618056
14.75 1.306619055239839
14.76 1.309836240841468
14.77 1.313022479238210
14.78 1.316176390122743
14.79 1.319296646626309
14.80 1.322381973866269
14.81 1.325431147485869
14.82 1.328442992191559
14.83 1.331416380292659
14.84 1.334350230247736
14.85 1.337243505221587
14.86 1.340095211656333
14.87 1.342904397859744
14.88 1.345670152613518
14.89 1.348391603803969
14.90 1.351067917077204
14.91 1.353698294520626
14.92 1.356281973372323
14.93 1.358818224759661
14.94 1.361306352468183
14.95 1.363745691741703
14.96 1.366135608114326
14.97 1.368475496274930
14.98 1.370764778964511
14.99 1.373002905906665
15.00 1.375189352771341
15.01 1.377323620171905
15.02 1.379405232695466
15.03 1.381433737966309
15.04 1.383408705742224
15.05 1.385329727043459
15.06 1.387196413313958
15.07 1.389008395614491
15.08 1.390765323847285
15.09 1.392466866011673
15.10 1.394112707490301
15.11 1.395702550365387
15.12 1.397236112764515
15.13 1.398713128235453
15.14 1.400133345149439
15.15 1.401496526132427
15.16 1.402802447523746
15.17 1.404050898861639
15.18 1.405241682395182
15.19 1.406374612622043
15.20 1.407449515851606
15.21 1.408466229792960
15.22 1.409424603167285
15.23 1.410324495344186
15.24 1.411165776001543
15.25 1.411948324808453
15.26 1.412672031130876
15.27 1.413336793759634
15.28 1.413942520660372
15.29 1.414489128745208
15.30 1.414976543665737
15.31 1.415404699627127
15.32 1.415773539223065
15.33 1.416083013291322
15.34 1.416333080789744
15.35 1.416523708692499
15.36 1.416654871906441
15.37 1.416726553207470
15.38 1.416738743196806
15.39 1.416691440277114
15.40 1.416584650648443
15.41 1.416418388323976
15.42 1.416192675165626
15.43 1.415907540939494
15.44 1.415563023391309
15.45 1.415159168341915
15.46 1.414696029802961
15.47 1.414173670112946
15.48 1.413592160093796
15.49 1.412951579228198
15.50 1.412252015857914
15.51 1.411493567403357
15.52 1.410676340604693
15.53 1.409800451784807
15.54 1.408866027134455
15.55 1.407873203019968
15.56 1.406822126313890
15.57 1.405712954748963
15.58 1.404545857295862
15.59 1.403321014565163
15.60 1.402038619233966
15.61 1.400698876497684
15.62 1.399302004547473
15.63 1.397848235073819
15.64 1.396337813796802
15.65 1.394771001023553
15.66 1.393148072233442
15.67 1.391469318691532
15.68 1.389735048090829
15.69 1.387945585223854
15.70 1.386101272684060
15.71 1.384202471597600
15.72 1.382249562385933
15.73 1.380242945559732
15.74 1.378183042544520
15.75 1.376070296538455
15.76 1.373905173402590
15.77 1.371688162583926
15.78 1.369419778071503
15.79 1.367100559385693
15.80 1.364731072600790
15.81 1.362311911400912
15.82 1.359843698169096
15.83 1.357327085109392
15.84 1.354762755401598
15.85 1.352151424388158
15.86 1.349493840792580
15.87 1.346790787968541
15.88 1.344043085178681
15.89 1.341251588901846
15.90 1.338417194167325
15.91 1.335540835914369
15.92 1.332623490375003
15.93 1.329666176477832
15.94 1.326669957270249
15.95 1.323635941356063
15.96 1.320565284345229
15.97 1.317459190311929
15.98 1.314318913256848
15.99 1.311145758569024
16.00 1.307941084482161
16.01 1.304706303519788
16.02 1.301442883923112
16.03 1.298152351054843
16.04 1.294836288771668
16.05 1.291496340757463
16.06 1.288134211808663
16.07 1.284751669062575
16.08 1.281350543158746
16.09 1.277932729322808
16.10 1.274500188361534
16.11 1.271054947557152
16.12 1.267599101448273
16.13 1.264134812484122
16.14 1.260664311538090
16.15 1.257189898266032
16.16 1.253713941294129
16.17 1.250238878220605
16.18 1.246767215415139
16.19 1.243301527599414
16.20 1.239844457191944
16.21 1.236398713400146
16.22 1.232967071042554
16.23 1.229552369084155
16.24 1.226157508868046
16.25 1.222785452027051
16.26 1.219439218059499
16.27 1.216121881554229
16.28 1.212836569050866
16.29 1.209586455522738
16.30 1.206374760471301
16.31 1.203204743622760
16.32 1.200079700219611
16.33 1.197002955902207
16.34 1.193977861178037
16.35 1.191007785479344
16.36 1.188096110812855
16.37 1.185246225008813
16.38 1.182461514580189
16.39 1.179745357206799
16.40 1.177101113863108
16.41 1.174532120612716
16.42 1.172041680096792
16.43 1.169633052748081
16.44 1.167309447766430
16.45 1.165074013896058
16.46 1.162929830048903
16.47 1.160879895822318
16.48 1.158927121963014
16.49 1.157074320832451
16.50 1.155324196931726
16.51 1.153679337546399
16.52 1.152142203573467
16.53 1.150715120593926
16.54 1.149400270254826
16.55 1.148199682024522
16.56 1.147115225383865
16.57 1.146148602514323
16.58 1.145301341541495
16.59 1.144574790389195
16.60 1.143970111295216
16.61 1.143488276035148
16.62 1.143130061895162
16.63 1.142896048428701
16.64 1.142786615025434
16.65 1.142801939313936
16.66 1.142941996412209
16.67 1.143206559032731
16.68 1.143595198441092
16.69 1.144107286259685
16.70 1.144741997100525
16.71 1.145498312003986
16.72 1.146375022653457
16.73 1.147370736329451
16.74 1.148483881560846
16.75 1.149712714425680
16.76 1.151055325449300
16.77 1.152509647043830
16.78 1.154073461429780
16.79 1.155744408978326
16.80 1.157519996911196
16.81 1.159397608294343
16.82 1.161374511261549
16.83 1.163447868404770
16.84 1.165614746269369
16.85 1.167872124894366
16.86 1.170216907340282
16.87 1.172645929150166
16.88 1.175155967692768
16.89 1.177743751340524
16.90 1.180405968439018
16.91 1.183139276028736
16.92 1.185940308284220
16.93 1.188805684640075
16.94 1.191732017577608
16.95 1.194715920050168
16.96 1.197754012529395
16.97 1.200842929658630
16.98 1.203979326503530
16.99 1.207159884393567
17.00 1.210381316351414
17.01 1.213640372110367
17.02 1.216933842722758
17.03 1.220258564764868
17.04 1.223611424146140
17.05 1.226989359532485
17.06 1.230389365395191
17.07 1.233808494698433
17.08 1.237243861239580
17.09 1.240692641657482
17.10 1.244152077124687
17.11 1.247619474740076
17.12 1.251092208638784
17.13 1.254567720836458
17.14 1.258043521824962
17.15 1.261517190936516
17.16 1.264986376493080
17.17 1.268448795757423
17.18 1.271902234701974
17.19 1.275344547611003
17.20 1.278773656531181
17.21 1.282187550584967
17.22 1.285584285160621
17.23 1.288961980991999
17.24 1.292318823140605
17.25 1.295653059891693
17.26 1.298963001575501
17.27 1.302247019324031
17.28 1.305503543773100
17.29 1.308731063718719
17.30 1.311928124736204
17.31 1.315093327769795
17.32 1.318225327699959
17.33 1.321322831894930
17.34 1.324384598752545
17.35 1.327409436237831
17.36 1.330396200421355
17.37 1.333343794022815
17.38 1.336251164963963
17.39 1.339117304934463
17.40 1.341941247973947
17.41 1.344722069073133
17.42 1.347458882796535
17.43 1.350150841928985
17.44 1.352797136147868
17.45 1.355396990722750
17.46 1.357949665243768
17.47 1.360454452379974
17.48 1.362910676668591
17.49 1.365317693335966
17.50 1.367674887150805
17.51 1.369981671310164
17.52 1.372237486358490
17.53 1.374441799139894
17.54 1.376594101783746
17.55 1.378693910723549
17.56 1.380740765748980
17.57 1.382734229090917
17.58 1.384673884539186
17.59 1.386559336592709
17.60 1.388390209641697
17.61 1.390166147181469
17.62 1.391886811057474
17.63 1.393551880741011
17.64 1.395161052635205
17.65 1.396714039410669
17.66 1.398210569370390
17.67 1.399650385843260
17.68 1.401033246605750
17.69 1.402358923331183
17.70 1.403627201066067
17.71 1.404837877732986
17.72 1.405990763659509
17.73 1.407085681132630
17.74 1.408122463978245
17.75 1.409100957165179
17.76 1.410021016433321
17.77 1.410882507945418
17.78 1.411685307962101
17.79 1.412429302539759
17.80 1.413114387250868
17.81 1.413740466926425
17.82 1.414307455420161
17.83 1.414815275394214
17.84 1.415263858125991
17.85 1.415653143335955
17.86 1.415983079036106
17.87 1.416253621398956
17.88 1.416464734646811
17.89 1.416616390961223
17.90 1.416708570412464
17.91 1.416741260908951
17.92 1.416714458166534
17.93 1.416628165697606
17.94 1.416482394820035
17.95 1.416277164685906
17.96 1.416012502330135
17.97 1.415688442739008
17.98 1.415305028938752
17.99 1.414862312104242
18.00 1.414360351688014
18.01 1.413799215569746
18.02 1.413178980226413
18.03 1.412499730923341
18.04 1.411761561926428
18.05 1.410964576735792
18.06 1.410108888341169
18.07 1.409194619499376
18.08 1.408221903034205
18.09 1.407190882159115
18.10 1.406101710823118
18.11 1.404954554080290
18.12 1.403749588483331
18.13 1.402487002501638
18.14 1.401166996964374
18.15 1.399789785528996
18.16 1.398355595175780
18.17 1.396864666728828
18.18 1.395317255404096
18.19 1.393713631384965
18.20 1.392054080425899
18.21 1.390338904484707
18.22 1.388568422383953
18.23 1.386742970502034
18.24 1.384862903494430
18.25 1.382928595045633
18.26 1.380940438652213
18.27 1.378898848437479
18.28 1.376804259998143
18.29 1.374657131283349
18.30 1.372457943506398
18.31 1.370207202089434
18.32 1.367905437641273
18.33 1.365553206968523
18.34 1.363151094120009
18.35 1.360699711464446
18.36 1.358199700801199
18.37 1.355651734503811
18.38 1.353056516695891
18.39 1.350414784458746
18.40 1.347727309070021
18.41 1.344994897272388
18.42 1.342218392571138
18.43 1.339398676559298
18.44 1.336536670268649
18.45 1.333633335544749
18.46 1.330689676443792
18.47 1.327706740648781
18.48 1.324685620902207
18.49 1.321627456452008
18.50 1.318533434507216
18.51 1.315404791699294
18.52 1.312242815544677
18.53 1.309048845903605
18.54 1.305824276429788
18.55 1.302570556004960
18.56 1.299289190151772
18.57 1.295981742417936
18.58 1.292649835723901
18.59 1.289295153665716
18.60 1.285919441764085
18.61 1.282524508649965
18.62 1.279112227176361
18.63 1.275684535445292
18.64 1.272243437738212
18.65 1.268791005337483
18.66 1.265329377225801
18.67 1.261860760649850
18.68 1.258387431533779
18.69 1.254911734727542
18.70 1.251436084074563
18.71 1.247962962282711
18.72 1.244494920582155
18.73 1.241034578153338
18.74 1.237584621308072
18.75 1.234147802406675
18.76 1.230726938494071
18.77 1.227324909637965
18.78 1.223944656952554
18.79 1.220589180291773
18.80 1.217261535596801
18.81 1.213964831883507
18.82 1.210702227856751
18.83 1.207476928139820
18.84 1.204292179109060
18.85 1.201151264325683
18.86 1.198057499558998
18.87 1.195014227397848
18.88 1.192024811449821
18.89 1.189092630130890
18.90 1.186221070051494
18.91 1.183413519008607
18.92 1.180673358597196
18.93 1.178003956458425
18.94 1.175408658186140
18.95 1.172890778917411
18.96 1.170453594637262
18.97 1.168100333232047
18.98 1.165834165330234
18.99 1.163658194973537
19.00 1.161575450165332
19.01 1.159588873347049
19.02 1.157701311856645
19.03 1.155915508426271
19.04 1.154234091778824
19.05 1.152659567385038
19.06 1.151194308444216
19.07 1.149840547152413
19.08 1.148600366321942
19.09 1.147475691415352
19.10 1.146468283055569
19.11 1.145579730071614
19.12 1.144811443136300
19.13 1.144164649048500
19.14 1.143640385708068
19.15 1.143239497826281
19.16 1.142962633408857
19.17 1.142810241042240
19.18 1.142782568007011
19.19 1.142879659235123
19.20 1.143101357120211
19.21 1.143447302182671
19.22 1.143916934583584
19.23 1.144509496474093
19.24 1.145224035159475
19.25 1.146059407050233
19.26 1.147014282365890
19.27 1.148087150551128
19.28 1.149276326358434
19.29 1.150579956546555
19.30 1.151996027139972
19.31 1.153522371191216
19.32 1.155156676985245
19.33 1.156896496623286
19.34 1.158739254922501
19.35 1.160682258567542
19.36 1.162722705450503
19.37 1.164857694136886
19.38 1.167084233396957
19.39 1.169399251744168
19.40 1.171799606925155
19.41 1.174282095309056
19.42 1.176843461127522
19.43 1.179480405520670
19.44 1.182189595348351
19.45 1.184967671730359
19.46 1.187811258283516
19.47 1.190716969027953
19.48 1.193681415939161
19.49 1.196701216126619
19.50 1.199772998623892
19.51 1.202893410778930
19.52 1.206059124237047
19.53 1.209266840512451
19.54 1.212513296147430
19.55 1.215795267461199
19.56 1.219109574893090
19.57 1.222453086947102
19.58 1.225822723746969
19.59 1.229215460212687
19.60 1.232628328871003
19.61 1.236058422313699
19.62 1.239502895318521
19.63 1.242958966648473
19.64 1.246423920545788
19.65 1.249895107937358
19.66 1.253369947368597
19.67 1.256845925682868
19.68 1.260320598463512
19.69 1.263791590255351
19.70 1.267256594582258
19.71 1.270713373777017
19.72 1.274159758639202
19.73 1.277593647936333
19.74 1.281013007762928
19.75 1.284415870771517
19.76 1.287800335288968
19.77 1.291164564330862
19.78 1.294506784525915
19.79 1.297825284961809
19.80 1.301118415963043
19.81 1.304384587810791
19.82 1.307622269414034
19.83 1.310829986940607
19.84 1.314006322416139
19.85 1.317149912298272
19.86 1.320259446032928
19.87 1.323333664598842
19.88 1.326371359046025
19.89 1.329371369033316
19.90 1.332332581369692
19.91 1.335253928563539
19.92 1.338134387383670
19.93 1.340972977435457
19.94 1.343768759755077
19.95 1.346520835424516
19.96 1.349228344209654
19.97 1.351890463223445
19.98 1.354506405615929
19.99 1.357075419292569
20.00 1.359596785662159
