0.00 1.407520000000000
0.01 1.408520000000000
0.02 1.409436128371858
0.03 1.410268300484443
0.04 1.411016440852833
0.05 1.411680482737545
0.06 1.412260367787196
0.07 1.412756045723688
0.08 1.413167474069086
0.09 1.413494617913489
0.10 1.413737449723276
0.11 1.413895949189250
0.12 1.413970103114240
0.13 1.413959905339917
0.14 1.413865356712582
0.15 1.413686465087870
0.16 1.413423245374372
0.17 1.413075719616284
0.18 1.412643917115305
0.19 1.412127874592110
0.20 1.411527636387810
0.21 1.410843254705934
0.22 1.410074789895563
0.23 1.409222310776350
0.24 1.408285895006269
0.25 1.407265629493041
0.26 1.406161610850291
0.27 1.404973945899598
0.28 1.403702752219715
0.29 1.402348158744331
0.30 1.400910306409873
0.31 1.399389348854946
0.32 1.397785453173124
0.33 1.396098800720915
0.34 1.394329587982833
0.35 1.392478027495624
0.36 1.390544348833790
0.37 1.388528799658686
0.38 1.386431646833544
0.39 1.384253177606895
0.40 1.381993700866966
0.41 1.379653548469699
0.42 1.377233076643155
0.43 1.374732667471126
0.44 1.372152730458873
0.45 1.369493704183934
0.46 1.366756058035053
0.47 1.363940294042246
0.48 1.361046948801119
0.49 1.358076595494479
0.50 1.355029846014309
0.51 1.351907353187116
0.52 1.348709813105574
0.53 1.345437967569287
0.54 1.342092606637353
0.55 1.338674571295210
0.56 1.335184756238013
0.57 1.331624112772508
0.58 1.327993651839014
0.59 1.324294447154697
0.60 1.320527638478854
0.61 1.316694435000328
0.62 1.312796118846539
0.63 1.308834048712823
0.64 1.304809663609941
0.65 1.300724486726608
0.66 1.296580129402777
0.67 1.292378295208184
0.68 1.288120784119242
0.69 1.283809496785815
0.70 1.279446438877687
0.71 1.275033725498625
0.72 1.270573585653851
0.73 1.266068366754448
0.74 1.261520539139734
0.75 1.256932700595950
0.76 1.252307580846703
0.77 1.247648045987479
0.78 1.242957102833274
0.79 1.238237903144806
0.80 1.233493747695177
0.81 1.228728090134910
0.82 1.223944540609372
0.83 1.219146869078467
0.84 1.214339008284351
0.85 1.209525056308764
0.86 1.204709278657484
0.87 1.199896109805418
0.88 1.195090154132117
0.89 1.190296186174035
0.90 1.185519150116833
0.91 1.180764158448548
0.92 1.176036489692631
0.93 1.171341585138875
0.94 1.166685044490224
0.95 1.162072620344564
0.96 1.157510211433012
0.97 1.153003854540043
0.98 1.148559715036282
0.99 1.144184075961995
1.00 1.139883325608424
1.01 1.135663943555185
1.02 1.131532485135120
1.03 1.127495564313236
1.04 1.123559834983693
1.05 1.119731970708147
1.06 1.116018642939979
1.07 1.112426497801825
1.08 1.108962131508147
1.09 1.105632064549911
1.10 1.102442714784420
1.11 1.099400369599462
1.12 1.096511157346557
1.13 1.093781018262730
1.14 1.091215675123047
1.15 1.088820603886681
1.16 1.086601004616571
1.17 1.084561772966409
1.18 1.082707472537866
1.19 1.081042308415314
1.20 1.079570102184223
1.21 1.078294268732728
1.22 1.077217795123230
1.23 1.076343221802563
1.24 1.075672626395082
1.25 1.075207610293662
1.26 1.074949288229324
1.27 1.074898280961835
1.28 1.075054711191968
1.29 1.075418202752040
1.30 1.075987883085969
1.31 1.076762388984441
1.32 1.077739875495944
1.33 1.078918027891436
1.34 1.080294076520340
1.35 1.081864814359168
1.36 1.083626617022208
1.37 1.085575464976946
1.38 1.087706967685654
1.39 1.090016389379109
1.40 1.092498676158842
1.41 1.095148484120493
1.42 1.097960208192579
1.43 1.100928011391838
1.44 1.104045854207873
1.45 1.107307523845373
1.46 1.110706663071247
1.47 1.114236798435778
1.48 1.117891367660700
1.49 1.121663746012368
1.50 1.125547271504107
1.51 1.129535268797945
1.52 1.133621071701643
1.53 1.137798044181807
1.54 1.142059599837491
1.55 1.146399219800764
1.56 1.150810469051028
1.57 1.155287011148175
1.58 1.159822621405967
1.59 1.164411198541208
1.60 1.169046774846359
1.61 1.173723524943336
1.62 1.178435773184350
1.63 1.183177999771944
1.64 1.187944845675048
1.65 1.192731116420910
1.66 1.197531784844536
1.67 1.202341992877750
1.68 1.207157052459480
1.69 1.211972445647419
1.70 1.216783824009070
1.71 1.221587007367386
1.72 1.226377981972985
1.73 1.231152898171269
1.74 1.235908067628948
1.75 1.240639960180375
1.76 1.245345200350009
1.77 1.250020563603118
1.78 1.254662972372772
1.79 1.259269491907068
1.80 1.263837325976670
1.81 1.268363812478931
1.82 1.272846418971290
1.83 1.277282738163218
1.84 1.281670483392772
1.85 1.286007484110823
1.86 1.290291681393213
1.87 1.294521123498522
1.88 1.298693961486724
1.89 1.302808444911839
1.90 1.306862917599682
1.91 1.310855813520005
1.92 1.314785652760684
1.93 1.318651037610120
1.94 1.322450648752719
1.95 1.326183241581120
1.96 1.329847642627792
1.97 1.333442746117711
1.98 1.336967510643001
1.99 1.340420955959718
2.00 1.343802159906353
2.01 1.347110255443071
2.02 1.350344427810301
2.03 1.353503911804846
2.04 1.356587989171428
2.05 1.359595986107275
2.06 1.362527270877167
2.07 1.365381251536179
2.08 1.368157373757253
2.09 1.370855118760615
2.10 1.373474001341998
2.11 1.376013567996619
2.12 1.378473395135821
2.13 1.380853087393312
2.14 1.383152276017975
2.15 1.385370617350238
2.16 1.387507791379084
2.17 1.389563500376819
2.18 1.391537467608816
2.19 1.393429436115518
2.20 1.395239167564098
2.21 1.396966441167247
2.22 1.398611052666683
2.23 1.400172813379053
2.24 1.401651549302042
2.25 1.403047100278574
2.26 1.404359319217131
2.27 1.405588071366292
2.28 1.406733233641756
2.29 1.407794694004163
2.30 1.408772350886184
2.31 1.409666112667449
2.32 1.410475897195967
2.33 1.411201631354852
2.34 1.411843250673218
2.35 1.412400698980263
2.36 1.412873928101635
2.37 1.413262897597304
2.38 1.413567574540247
2.39 1.413787933335373
2.40 1.413923955578213
2.41 1.413975629953001
2.42 1.413942952169891
2.43 1.413825924941116
2.44 1.413624557996068
2.45 1.413338868135292
2.46 1.412968879323581
2.47 1.412514622822379
2.48 1.411976137361866
2.49 1.411353469353164
2.50 1.410646673141217
2.51 1.409855811299013
2.52 1.408980954963903
2.53 1.408022184216896
2.54 1.406979588505894
2.55 1.405853267113966
2.56 1.404643329673837
2.57 1.403349896729907
2.58 1.401973100349197
2.59 1.400513084782752
2.60 1.398970007179128
2.61 1.397344038351703
2.62 1.395635363601667
2.63 1.393844183598657
2.64 1.391970715321101
2.65 1.390015193058463
2.66 1.387977869477668
2.67 1.385859016756116
2.68 1.383658927783757
2.69 1.381377917436850
2.70 1.379016323926063
2.71 1.376574510221707
2.72 1.374052865558949
2.73 1.371451807025928
2.74 1.368771781237750
2.75 1.366013266099407
2.76 1.363176772660660
2.77 1.360262847065984
2.78 1.357272072602629
2.79 1.354205071849860
2.80 1.351062508932338
2.81 1.347845091880582
2.82 1.344553575101270
2.83 1.341188761960027
2.84 1.337751507479111
2.85 1.334242721152202
2.86 1.330663369878134
2.87 1.327014481015110
2.88 1.323297145556440
2.89 1.319512521428390
2.90 1.315661836910086
2.91 1.311746394174768
2.92 1.307767572950874
2.93 1.303726834300547
2.94 1.299625724512150
2.95 1.295465879102191
2.96 1.291249026920823
2.97 1.286976994353576
2.98 1.282651709610449
2.99 1.278275207091655
3.00 1.273849631817395
3.01 1.269377243906884
3.02 1.264860423089505
3.03 1.260301673228434
3.04 1.255703626834324
3.05 1.251069049543684
3.06 1.246400844533404
3.07 1.241702056839550
3.08 1.236975877544944
3.09 1.232225647796358
3.10 1.227454862608233
3.11 1.222667174405823
3.12 1.217866396256554
3.13 1.213056504734256
3.14 1.208241642356746
3.15 1.203426119533196
3.16 1.198614415953784
3.17 1.193811181350456
3.18 1.189021235554266
3.19 1.184249567771871
3.20 1.179501335001462
3.21 1.174781859506770
3.22 1.170096625267061
3.23 1.165451273321303
3.24 1.160851595926102
3.25 1.156303529449794
3.26 1.151813145929347
3.27 1.147386643222623
3.28 1.143030333696294
3.29 1.138750631399283
3.30 1.134554037683288
3.31 1.130447125245611
3.32 1.126436520585357
3.33 1.122528884881916
3.34 1.118730893324526
3.35 1.115049212943380
3.36 1.111490479016066
3.37 1.108061270147731
3.38 1.104768082148916
3.39 1.101617300861091
3.40 1.098615174105937
3.41 1.095767782959864
3.42 1.093081012579453
3.43 1.090560522825817
3.44 1.088211718955565
3.45 1.086039722662490
3.46 1.084049343766593
3.47 1.082245052855030
3.48 1.080630955182482
3.49 1.079210766135915
3.50 1.077987788560426
3.51 1.076964892228732
3.52 1.076144495716921
3.53 1.075528550923514
3.54 1.075118530438118
3.55 1.074915417930558
3.56 1.074919701691994
3.57 1.075131371417171
3.58 1.075549918272406
3.59 1.076174338248379
3.60 1.077003138751229
3.61 1.078034348341046
3.62 1.079265529484526
3.63 1.080693794149372
3.64 1.082315822032799
3.65 1.084127881185914
3.66 1.086125850770439
3.67 1.088305245664495
3.68 1.090661242620316
3.69 1.093188707668697
3.70 1.095882224462687
3.71 1.098736123256186
3.72 1.101744510221256
3.73 1.104901296820630
3.74 1.108200228968488
3.75 1.111634915732382
3.76 1.115198857351586
3.77 1.118885472371418
3.78 1.122688123718539
3.79 1.126600143568300
3.80 1.130614856881248
3.81 1.134725603511434
3.82 1.138925758813734
3.83 1.143208752700642
3.84 1.147568087120600
3.85 1.151997351949726
3.86 1.156490239306573
3.87 1.161040556315300
3.88 1.165642236356219
3.89 1.170289348854293
3.90 1.174976107665631
3.91 1.179696878129721
3.92 1.184446182860946
3.93 1.189218706357152
3.94 1.194009298505741
3.95 1.198812977069139
3.96 1.203624929231738
3.97 1.208440512289584
3.98 1.213255253562473
3.99 1.218064849605777
4.00 1.222865164796366
4.01 1.227652229363695
4.02 1.232422236933365
4.03 1.237171541646589
4.04 1.241896654914886
4.05 1.246594241865190
4.06 1.251261117526415
4.07 1.255894242804402
4.08 1.260490720288161
4.09 1.265047789926458
4.10 1.269562824610035
4.11 1.274033325691240
4.12 1.278456918469442
4.13 1.282831347667508
4.14 1.287154472921592
4.15 1.291424264303833
4.16 1.295638797894939
4.17 1.299796251421373
4.18 1.303894899969678
4.19 1.307933111788538
4.20 1.311909344187438
4.21 1.315822139539138
4.22 1.319670121391791
4.23 1.323451990695220
4.24 1.327166522144743
4.25 1.330812560644907
4.26 1.334389017894611
4.27 1.337894869094311
4.28 1.341329149775304
4.29 1.344690952750524
4.30 1.347979425185746
4.31 1.351193765789676
4.32 1.354333222121055
4.33 1.357397088010562
4.34 1.360384701095105
4.35 1.363295440461838
4.36 1.366128724399137
4.37 1.368884008251596
4.38 1.371560782376080
4.39 1.374158570195770
4.40 1.376676926349129
4.41 1.379115434930727
4.42 1.381473707820843
4.43 1.383751383100836
4.44 1.385948123551289
4.45 1.388063615230021
4.46 1.390097566127102
4.47 1.392049704894120
4.48 1.393919779644995
4.49 1.395707556825772
4.50 1.397412820150890
4.51 1.399035369603541
4.52 1.400575020497826
4.53 1.402031602600549
4.54 1.403404959310563
4.55 1.404694946893712
4.56 1.405901433771536
4.57 1.407024299861978
4.58 1.408063435970489
4.59 1.409018743229999
4.60 1.409890132588361
4.61 1.410677524341963
4.62 1.411380847714322
4.63 1.412000040478588
4.64 1.412535048622975
4.65 1.412985826058267
4.66 1.413352334366623
4.67 1.413634542591041
4.68 1.413832427064923
4.69 1.413945971281293
4.70 1.413975165801332
4.71 1.413920008201983
4.72 1.413780503062485
4.73 1.413556661989815
4.74 1.413248503683087
4.75 1.412856054037092
4.76 1.412379346285238
4.77 1.411818421182280
4.78 1.411173327227306
4.79 1.410444120927568
4.80 1.409630867103841
4.81 1.408733639238109
4.82 1.407752519864469
4.83 1.406687601004256
4.84 1.405538984646517
4.85 1.404306783275032
4.86 1.402991120443230
4.87 1.401592131398429
4.88 1.400109963756958
4.89 1.398544778231809
4.90 1.396896749414605
4.91 1.395166066613754
4.92 1.393352934750788
4.93 1.391457575316989
4.94 1.389480227392507
4.95 1.387421148730298
4.96 1.385280616907287
4.97 1.383058930545297
4.98 1.380756410604349
4.99 1.378373401751045
5.00 1.375910273804837
5.01 1.373367423265042
5.02 1.370745274921553
5.03 1.368044283552235
5.04 1.365264935710051
5.05 1.362407751602979
5.06 1.359473287069808
5.07 1.356462135654864
5.08 1.353374930784712
5.09 1.350212348049804
5.10 1.346975107593938
5.11 1.343663976614290
5.12 1.340279771974595
5.13 1.336823362933840
5.14 1.333295673992582
5.15 1.329697687858658
5.16 1.326030448533701
5.17 1.322295064521390
5.18 1.318492712157855
5.19 1.314624639064025
5.20 1.310692167718996
5.21 1.306696699152685
5.22 1.302639716755102
5.23 1.298522790198518
5.24 1.294347579467626
5.25 1.290115838991459
5.26 1.285829421869350
5.27 1.281490284181572
5.28 1.277100489373462
5.29 1.272662212699866
5.30 1.268177745714494
5.31 1.263649500786434
5.32 1.259080015623436
5.33 1.254471957778791
5.34 1.249828129115617
5.35 1.245151470199137
5.36 1.240445064584119
5.37 1.235712142961035
5.38 1.230956087120743
5.39 1.226180433693528
5.40 1.221388877614333
5.41 1.216585275261862
5.42 1.211773647215095
5.43 1.206958180566603
5.44 1.202143230728040
5.45 1.197333322659300
5.46 1.192533151449222
5.47 1.187747582172510
5.48 1.182981648944762
5.49 1.178240553095372
5.50 1.173529660376667
5.51 1.168854497127159
5.52 1.164220745307347
5.53 1.159634236328274
5.54 1.155100943596217
5.55 1.150626973701546
5.56 1.146218556186221
5.57 1.141882031832548
5.58 1.137623839425994
5.59 1.133450500957063
5.60 1.129368605241456
5.61 1.125384789954146
5.62 1.121505722091400
5.63 1.117738076895127
5.64 1.114088515296107
5.65 1.110563659956317
5.66 1.107170070015481
5.67 1.103914214672735
5.68 1.100802445760358
5.69 1.097840969492510
5.70 1.095035817597054
5.71 1.092392818062308
5.72 1.089917565752247
5.73 1.087615393162574
5.74 1.085491341605522
5.75 1.083550133122582
5.76 1.081796143431037
5.77 1.080233376211675
5.78 1.078865439041009
5.79 1.077695521261511
5.80 1.076726374067666
5.81 1.075960293064174
5.82 1.075399103525660
5.83 1.075044148555149
5.84 1.074896280302044
5.85 1.074955854360119
5.86 1.075222727422925
5.87 1.075696258229161
5.88 1.076375311784890
5.89 1.077258266804097
5.90 1.078343026265160
5.91 1.079627030939217
5.92 1.081107275708212
5.93 1.082780328456321
5.94 1.084642351289290
5.95 1.086689123812288
5.96 1.088916068178773
5.97 1.091318275610480
5.98 1.093890534082200
5.99 1.096627356864171
6.00 1.099523011619447
6.01 1.102571549763010
6.02 1.105766835803172
6.03 1.109102576403342
6.04 1.112572348922766
6.05 1.116169629217838
6.06 1.119887818510226
6.07 1.123720269153727
6.08 1.127660309157889
6.09 1.131701265352379
6.10 1.135836485101404
6.11 1.140059356501735
6.12 1.144363327020716
6.13 1.148741920551785
6.14 1.153188752884315
6.15 1.157697545601786
6.16 1.162262138437519
6.17 1.166876500130216
6.18 1.171534737832601
6.19 1.176231105135441
6.20 1.180960008776406
6.21 1.185716014108588
6.22 1.190493849407315
6.23 1.195288409096214
6.24 1.200094755974554
6.25 1.204908122527838
6.26 1.209723911402562
6.27 1.214537695124239
6.28 1.219345215135284
6.29 1.224142380226277
6.30 1.228925264430696
6.31 1.233690104449432
6.32 1.238433296667407
6.33 1.243151393820542
6.34 1.247841101367150
6.35 1.252499273613682
6.36 1.257122909640680
6.37 1.261709149070813
6.38 1.266255267717009
6.39 1.270758673145036
6.40 1.275216900181366
6.41 1.279627606393877
6.42 1.283988567569802
6.43 1.288297673212500
6.44 1.292552922075871
6.45 1.296752417752824
6.46 1.300894364331873
6.47 1.304977062133881
6.48 1.308998903539075
6.49 1.312958368912722
6.50 1.316854022636314
6.51 1.320684509249714
6.52 1.324448549708477
6.53 1.328144937759436
6.54 1.331772536436676
6.55 1.335330274679155
6.56 1.338817144070470
6.57 1.342232195700601
6.58 1.345574537148923
6.59 1.348843329587258
6.60 1.352037785001350
6.61 1.355157163528782
6.62 1.358200770911084
6.63 1.361167956057528
6.64 1.364058108717931
6.65 1.366870657261636
6.66 1.369605066559740
6.67 1.372260835967557
6.68 1.374837497404265
6.69 1.377334613526650
6.70 1.379751775993888
6.71 1.382088603820300
6.72 1.384344741813070
6.73 1.386519859091959
6.74 1.388613647688110
6.75 1.390625821219124
6.76 1.392556113637644
6.77 1.394404278050811
6.78 1.396170085608008
6.79 1.397853324454436
6.80 1.399453798748163
6.81 1.400971327738385
6.82 1.402405744902748
6.83 1.403756897141707
6.84 1.405024644027962
6.85 1.406208857109195
6.86 1.407309419262358
6.87 1.408326224097944
6.88 1.409259175412746
6.89 1.410108186689726
6.90 1.410873180643721
6.91 1.411554088811849
6.92 1.412150851187537
6.93 1.412663415897248
6.94 1.413091738919063
6.95 1.413435783842380
6.96 1.413695521668117
6.97 1.413870930648880
6.98 1.413961996168695
6.99 1.413968710661965
7.00 1.413891073571468
7.01 1.413729091345256
7.02 1.413482777472464
7.03 1.413152152558127
7.04 1.412737244437184
7.05 1.412238088327981
7.06 1.411654727025683
7.07 1.410987211136079
7.08 1.410235599350410
7.09 1.409399958761931
7.10 1.408480365225014
7.11 1.407476903757740
7.12 1.406389668988999
7.13 1.405218765651236
7.14 1.403964309120111
7.15 1.402626426002409
7.16 1.401205254773688
7.17 1.399700946467228
7.18 1.398113665415987
7.19 1.396443590049348
7.20 1.394690913746586
7.21 1.392855845749060
7.22 1.390938612133274
7.23 1.388939456847036
7.24 1.386858642811075
7.25 1.384696453088545
7.26 1.382453192124979
7.27 1.380129187061331
7.28 1.377724789122841
7.29 1.375240375086539
7.30 1.372676348830272
7.31 1.370033142966226
7.32 1.367311220561934
7.33 1.364511076951833
7.34 1.361633241642427
7.35 1.358678280314155
7.36 1.355646796922997
7.37 1.352539435904858
7.38 1.349356884485667
7.39 1.346099875100049
7.40 1.342769187921260
7.41 1.339365653504935
7.42 1.335890155548934
7.43 1.332343633771318
7.44 1.328727086908133
7.45 1.325041575832302
7.46 1.321288226794409
7.47 1.317468234785650
7.48 1.313582867022557
7.49 1.309633466552361
7.50 1.305621455977026
7.51 1.301548341293018
7.52 1.297415715842787
7.53 1.293225264372712
7.54 1.288978767190901
7.55 1.284678104416707
7.56 1.280325260312119
7.57 1.275922327683345
7.58 1.271471512338819
7.59 1.266975137587636
7.60 1.262435648759975
7.61 1.257855617728395
7.62 1.253237747406051
7.63 1.248584876194810
7.64 1.243899982352931
7.65 1.239186188248578
7.66 1.234446764461703
7.67 1.229685133693071
7.68 1.224904874435208
7.69 1.220109724356009
7.70 1.215303583341565
7.71 1.210490516140657
7.72 1.205674754549220
7.73 1.200860699069088
7.74 1.196052919971526
7.75 1.191256157692535
7.76 1.186475322483797
7.77 1.181715493240534
7.78 1.176981915425577
7.79 1.172279998007803
7.80 1.167615309332835
7.81 1.162993571844813
7.82 1.158420655580114
7.83 1.153902570357519
7.84 1.149445456594379
7.85 1.145055574685242
7.86 1.140739292888093
7.87 1.136503073674054
7.88 1.132353458509111
7.89 1.128297051051292
7.90 1.124340498763605
7.91 1.120490472962025
7.92 1.116753647338640
7.93 1.113136675022692
7.94 1.109646164266244
7.95 1.106288652866430
7.96 1.103070581462070
7.97 1.099998265868616
7.98 1.097077868641125
7.99 1.094315370079860
8.00 1.091716538916375
8.01 1.089286902938926
8.02 1.087031719834119
8.03 1.084955948536096
8.04 1.083064221384722
8.05 1.081360817399569
8.06 1.079849636976544
8.07 1.078534178308453
8.08 1.077417515819380
8.09 1.076502280885538
8.10 1.075790645092255
8.11 1.075284306248352
8.12 1.074984477345876
8.13 1.074891878615515
8.14 1.075006732786954
8.15 1.075328763619764
8.16 1.075857197725226
8.17 1.076590769653804
8.18 1.077527730177872
8.19 1.078665857655928
8.20 1.080002472323708
8.21 1.081534453320474
8.22 1.083258258225914
8.23 1.085169944855260
8.24 1.087265195037832
8.25 1.089539340087645
8.26 1.091987387663886
8.27 1.094604049714178
8.28 1.097383771194151
8.29 1.100320759262726
8.30 1.103409012663163
8.31 1.106642351014743
8.32 1.110014443758355
8.33 1.113518838520540
8.34 1.117148988683994
8.35 1.120898279977560
8.36 1.124760055924551
8.37 1.128727642014415
8.38 1.132794368488528
8.39 1.136953591656019
8.40 1.141198713679405
8.41 1.145523200792231
8.42 1.149920599931573
8.43 1.154384553786982
8.44 1.158908814284176
8.45 1.163487254536339
8.46 1.168113879308450
8.47 1.172782834050501
8.48 1.177488412563989
8.49 1.182225063372722
8.50 1.186987394873942
8.51 1.191770179349128
8.52 1.196568355915875
8.53 1.201377032502933
8.54 1.206191486930199
8.55 1.211007167174168
8.56 1.215819690897336
8.57 1.220624844317360
8.58 1.225418580488639
8.59 1.230197017065416
8.60 1.234956433611660
8.61 1.239693268518982
8.62 1.244404115589718
8.63 1.249085720338145
8.64 1.253734976058668
8.65 1.258348919705757
8.66 1.262924727626467
8.67 1.267459711182559
8.68 1.271951312295627
8.69 1.276397098945166
8.70 1.280794760646266
8.71 1.285142103930597
8.72 1.289437047851466
8.73 1.293677619531142
8.74 1.297861949766186
8.75 1.301988268704313
8.76 1.306054901604287
8.77 1.310060264688467
8.78 1.314002861095995
8.79 1.317881276943074
8.80 1.321694177495446
8.81 1.325440303456968
8.82 1.329118467377114
8.83 1.332727550179276
8.84 1.336266497810923
8.85 1.339734318015906
8.86 1.343130077228620
8.87 1.346452897589140
8.88 1.349701954078007
8.89 1.352876471768943
8.90 1.355975723197430
8.91 1.358999025842837
8.92 1.361945739721531
8.93 1.364815265088263
8.94 1.367607040242949
8.95 1.370320539439915
8.96 1.372955270896552
8.97 1.375510774898345
8.98 1.377986621997179
8.99 1.380382411299859
9.00 1.382697768843807
9.01 1.384932346056915
9.02 1.387085818298619
9.03 1.389157883479302
9.04 1.391148260755227
9.05 1.393056689296267
9.06 1.394882927123798
9.07 1.396626750016233
9.08 1.398287950479735
9.09 1.399866336781797
9.10 1.401361732045449
9.11 1.402773973401974
9.12 1.404102911200127
9.13 1.405348408269955
9.14 1.406510339239430
9.15 1.407588589902207
9.16 1.408583056634968
9.17 1.409493645862851
9.18 1.410320273571667
9.19 1.411062864865620
9.20 1.411721353569441
9.21 1.412295681873878
9.22 1.412785800023661
9.23 1.413191666047103
9.24 1.413513245526655
9.25 1.413750511409804
9.26 1.413903443859823
9.27 1.413972030145980
9.28 1.413956264572923
9.29 1.413856148449043
9.30 1.413671690093745
9.31 1.413402904883639
9.32 1.413049815337773
9.33 1.412612451242134
9.34 1.412090849813743
9.35 1.411485055904774
9.36 1.410795122247234
9.37 1.410021109738833
9.38 1.409163087770801
9.39 1.408221134598489
9.40 1.407195337755712
9.41 1.406085794513898
9.42 1.404892612387218
9.43 1.403615909684955
9.44 1.402255816112531
9.45 1.400812473422663
9.46 1.399286036118271
9.47 1.397676672208854
9.48 1.395984564022163
9.49 1.394209909073112
9.50 1.392352920991986
9.51 1.390413830514087
9.52 1.388392886533110
9.53 1.386290357220606
9.54 1.384106531214006
9.55 1.381841718875795
9.56 1.379496253626487
9.57 1.377070493354171
9.58 1.374564821903453
9.59 1.371979650646713
9.60 1.369315420140645
9.61 1.366572601871096
9.62 1.363751700089267
9.63 1.360853253742354
9.64 1.357877838501691
9.65 1.354826068891457
9.66 1.351698600520951
9.67 1.348496132423348
9.68 1.345219409503768
9.69 1.341869225099303
9.70 1.338446423653490
9.71 1.334951903507454
9.72 1.331386619809663
9.73 1.327751587545886
9.74 1.324047884690501
9.75 1.320276655479848
9.76 1.316439113807690
9.77 1.312536546742238
9.78 1.308570318163365
9.79 1.304541872517817
9.80 1.300452738689192
9.81 1.296304533978363
9.82 1.292098968188739
9.83 1.287837847809371
9.84 1.283523080287322
9.85 1.279156678378991
9.86 1.274740764568165
9.87 1.270277575536460
9.88 1.265769466669526
9.89 1.261218916579881
9.90 1.256628531624517
9.91 1.252001050392544
9.92 1.247339348134963
9.93 1.242646441105377
9.94 1.237925490776900
9.95 1.233179807896842
9.96 1.228412856336868
9.97 1.223628256692356
9.98 1.218829789580579
9.99 1.214021398583172
10.00 1.209207192774230
10.01 1.204391448771241
10.02 1.199578612242157
10.03 1.194773298798109
10.04 1.189980294197899
10.05 1.185204553787387
10.06 1.180451201094426
10.07 1.175725525498299
10.08 1.171032978891601
10.09 1.166379171252629
10.10 1.161769865047481
10.11 1.157210968383581
10.12 1.152708526840300
10.13 1.148268713907907
10.14 1.143897819973426
10.15 1.139602239801212
10.16 1.135388458467284
10.17 1.131263035719720
10.18 1.127232588752866
10.19 1.123303773400491
10.20 1.119483263772580
10.21 1.115777730381730
10.22 1.112193816828148
10.23 1.108738115136620
10.24 1.105417139864224
10.25 1.102237301123568
10.26 1.099204876692407
10.27 1.096325983406112
10.28 1.093606548053959
10.29 1.091052278022937
10.30 1.088668631953062
10.31 1.086460790685311
10.32 1.084433628796633
10.33 1.082591687025412
10.34 1.080939145894724
10.35 1.079479800839314
10.36 1.078217039135117
10.37 1.077153818917187
10.38 1.076292650553109
10.39 1.075635580614496
10.40 1.075184178659423
10.41 1.074939527004107
10.42 1.074902213623535
10.43 1.075072328278850
10.44 1.075449461925175
10.45 1.076032709408089
10.46 1.076820675411346
10.47 1.077811483573689
10.48 1.079002788649790
10.49 1.080391791550480
10.50 1.081975257061302
10.51 1.083749534006930
10.52 1.085710577602512
10.53 1.087853973712189
10.54 1.090174964719936
10.55 1.092668476708700
10.56 1.095329147640347
10.57 1.098151356231033
10.58 1.101129251223796
10.59 1.104256780771975
10.60 1.107527721662918
10.61 1.110935708130666
10.62 1.114474260028226
10.63 1.118136810153986
10.64 1.121916730552123
10.65 1.125807357632814
10.66 1.129802015984187
10.67 1.133894040773571
10.68 1.138076798660463
10.69 1.142343707167091
10.70 1.146688252474485
10.71 1.151104005632073
10.72 1.155584637187064
10.73 1.160123930255976
10.74 1.164715792074758
10.75 1.169354264075876
10.76 1.174033530550698
10.77 1.178747925963506
10.78 1.183491940989659
10.79 1.188260227354957
10.80 1.193047601556231
10.81 1.197849047544869
10.82 1.202659718455360
10.83 1.207474937460416
10.84 1.212290197832696
10.85 1.217101162290958
10.86 1.221903661705673
10.87 1.226693693235832
10.88 1.231467417965045
10.89 1.236221158101144
10.90 1.240951393799460
10.91 1.245654759665773
10.92 1.250328040990831
10.93 1.254968169764149
10.94 1.259572220510832
10.95 1.264137405991204
10.96 1.268661072799298
10.97 1.273140696892649
10.98 1.277573879082450
10.99 1.281958340509942
11.00 1.286291918131881
11.01 1.290572560235197
11.02 1.294798321998328
11.03 1.298967361114381
11.04 1.303077933489078
11.05 1.307128389024472
11.06 1.311117167497600
11.07 1.315042794541642
11.08 1.318903877735649
11.09 1.322699102807628
11.10 1.326427229954577
11.11 1.330087090282035
11.12 1.333677582364786
11.13 1.337197668929566
11.14 1.340646373659902
11.15 1.344022778122616
11.16 1.347326018814996
11.17 1.350555284331193
11.18 1.353709812646027
11.19 1.356788888514069
11.20 1.359791840981593
11.21 1.362718041008826
11.22 1.365566899199697
11.23 1.368337863636223
11.24 1.371030417814541
11.25 1.373644078679551
11.26 1.376178394755100
11.27 1.378632944366632
11.28 1.381007333953238
11.29 1.383301196466070
11.30 1.385514189850124
11.31 1.387645995606475
11.32 1.389696317432070
11.33 1.391664879934330
11.34 1.393551427417832
11.35 1.395355722740472
11.36 1.397077546236601
11.37 1.398716694704718
11.38 1.400272980457421
11.39 1.401746230431409
11.40 1.403136285355445
11.41 1.404442998974313
11.42 1.405666237326879
11.43 1.406805878076509
11.44 1.407861809892190
11.45 1.408833931878829
11.46 1.409722153055276
11.47 1.410526391878783
11.48 1.411246575814670
11.49 1.411882640950106
11.50 1.412434531651005
11.51 1.412902200261161
11.52 1.413285606842828
11.53 1.413584718958082
11.54 1.413799511490381
11.55 1.413929966505867
11.56 1.413976073154040
11.57 1.413937827607542
11.58 1.413815233040895
11.59 1.413608299648137
11.60 1.413317044699405
11.61 1.412941492636601
11.62 1.412481675208413
11.63 1.411937631645030
11.64 1.411309408873010
11.65 1.410597061770876
11.66 1.409800653466086
11.67 1.408920255674162
11.68 1.407955949080854
11.69 1.406907823768315
11.70 1.405775979686383
11.71 1.404560527170174
11.72 1.403261587505275
11.73 1.401879293541983
11.74 1.400413790360088
11.75 1.398865235985859
11.76 1.397233802162974
11.77 1.395519675179250
11.78 1.393723056751156
11.79 1.391844164968177
11.80 1.389883235299214
11.81 1.387840521663344
11.82 1.385716297567301
11.83 1.383510857312211
11.84 1.381224517272165
11.85 1.378857617247335
11.86 1.376410521894390
11.87 1.373883622237093
11.88 1.371277337259993
11.89 1.368592115588197
11.90 1.365828437256261
11.91 1.362986815569258
11.92 1.360067799059100
11.93 1.357071973539188
11.94 1.353999964260429
11.95 1.350852438171602
11.96 1.347630106286987
11.97 1.344333726164004
11.98 1.340964104493518
11.99 1.337522099805193
12.00 1.334008625290070
12.01 1.330424651742218
12.02 1.326771210620935
12.03 1.323049397234542
12.04 1.319260374046291
12.05 1.315405374102312
12.06 1.311485704580831
12.07 1.307502750461090
12.08 1.303457978309496
12.09 1.299352940179514
12.10 1.295189277620623
12.11 1.290968725790409
12.12 1.286693117662358
12.13 1.282364388320357
12.14 1.277984579329076
12.15 1.273555843167476
12.16 1.269080447710505
12.17 1.264560780741715
12.18 1.259999354476951
12.19 1.255398810076521
12.20 1.250761922120273
12.21 1.246091603016828
12.22 1.241390907314839
12.23 1.236663035880581
12.24 1.231911339902427
12.25 1.227139324678855
12.26 1.222350653142641
12.27 1.217549149069743
12.28 1.212738799917240
12.29 1.207923759230568
12.30 1.203108348556198
12.31 1.198297058792004
12.32 1.193494550903932
12.33 1.188705655934208
12.34 1.183935374223520
12.35 1.179188873767283
12.36 1.174471487624598
12.37 1.169788710297763
12.38 1.165146193000598
12.39 1.160549737735311
12.40 1.156005290100537
12.41 1.151518930757522
12.42 1.147096865487484
12.43 1.142745413780980
12.44 1.138470995909902
12.45 1.134280118444459
12.46 1.130179358191370
12.47 1.126175344545440
12.48 1.122274740264690
12.49 1.118484220699207
12.50 1.114810451525679
12.51 1.111260065062983
12.52 1.107839635268876
12.53 1.104555651543473
12.54 1.101414491491223
12.55 1.098422392819176
12.56 1.095585424574638
12.57 1.092909457949475
12.58 1.090400136900414
12.59 1.088062848854239
12.60 1.085902695782955
12.61 1.083924465946197
12.62 1.082132606605822
12.63 1.080531198020204
12.64 1.079123929022811
12.65 1.077914074481025
12.66 1.076904474916616
12.67 1.076097518548970
12.68 1.075495125996250
12.69 1.075098737838566
12.70 1.074909305211550
12.71 1.074927283559143
12.72 1.075152629631845
12.73 1.075584801772049
12.74 1.076222763482509
12.75 1.077064990228465
12.76 1.078109479379643
12.77 1.079353763156204
12.78 1.080794924403780
12.79 1.082429614987765
12.80 1.084254076566818
12.81 1.086264163480550
12.82 1.088455367467021
12.83 1.090822843912211
12.84 1.093361439325935
12.85 1.096065719736763
12.86 1.098929999701987
12.87 1.101948371637153
12.88 1.105114735182619
12.89 1.108422826341430
12.90 1.111866246142793
12.91 1.115438488607977
12.92 1.119132967819849
12.93 1.122943043922736
12.94 1.126862047905443
12.95 1.130883305046207
12.96 1.135000156923913
12.97 1.139205981924357
12.98 1.143494214193475
12.99 1.147858361011000
13.00 1.152292018577617
13.01 1.156788886226365
13.02 1.161342779084625
13.03 1.165947639226493
13.04 1.170597545366786
13.05 1.175286721157312
13.06 1.180009542153561
13.07 1.184760541525709
13.08 1.189534414591912
13.09 1.194326022254495
13.10 1.199130393420953
13.11 1.203942726491809
13.12 1.208758389996548
13.13 1.213572922457137
13.14 1.218382031556271
13.15 1.223181592684534
13.16 1.227967646937262
13.17 1.232736398628207
13.18 1.237484212383137
13.19 1.242207609872445
13.20 1.246903266237660
13.21 1.251568006262645
13.22 1.256198800336125
13.23 1.260792760248215
13.24 1.265347134859725
13.25 1.269859305679310
13.26 1.274326782379999
13.27 1.278747198283280
13.28 1.283118305835794
13.29 1.287437972100729
13.30 1.291704174283305
13.31 1.295914995307202
13.32 1.300068619456466
13.33 1.304163328095323
13.34 1.308197495476361
13.35 1.312169584645835
13.36 1.316078143453215
13.37 1.319921800670710
13.38 1.323699262227217
13.39 1.327409307559993
13.40 1.331050786086366
13.41 1.334622613796907
13.42 1.338123769970694
13.43 1.341553294012644
13.44 1.344910282412295
13.45 1.348193885822906
13.46 1.351403306259339
13.47 1.354537794412801
13.48 1.357596647080253
13.49 1.360579204706019
13.50 1.363484849032958
13.51 1.366313000860386
13.52 1.369063117905849
13.53 1.371734692767726
13.54 1.374327250985641
13.55 1.376840349195589
13.56 1.379273573376706
13.57 1.381626537186635
13.58 1.383898880382446
13.59 1.386090267324142
13.60 1.388200385557843
13.61 1.390228944475783
13.62 1.392175674050383
13.63 1.394040323639699
13.64 1.395822660861676
13.65 1.397522470534719
13.66 1.399139553682202
13.67 1.400673726598627
13.68 1.402124819975278
13.69 1.403492678083295
13.70 1.404777158012224
13.71 1.405978128962202
13.72 1.407095471588043
13.73 1.408129077393615
13.74 1.409078848174983
13.75 1.409944695510939
13.76 1.410726540299622
13.77 1.411424312340041
13.78 1.412037949957441
13.79 1.412567399671536
13.80 1.413012615906764
13.81 1.413373560743796
13.82 1.413650203711659
13.83 1.413842521619936
13.84 1.413950498430584
13.85 1.413974125169059
13.86 1.413913399874486
13.87 1.413768327588773
13.88 1.413538920384609
13.89 1.413225197432449
13.90 1.412827185106637
13.91 1.412344917130969
13.92 1.411778434764057
13.93 1.411127787024997
13.94 1.410393030959914
13.95 1.409574231950093
13.96 1.408671464062487
13.97 1.407684810443507
13.98 1.406614363757108
13.99 1.405460226668295
14.00 1.404222512373259
14.01 1.402901345177511
14.02 1.401496861123427
14.03 1.400009208668783
14.04 1.398438549417941
14.05 1.396785058907464
14.06 1.395048927448046
14.07 1.393230361024770
14.08 1.391329582257783
14.09 1.389346831425626
14.10 1.387282367553526
14.11 1.385136469569095
14.12 1.382909437527946
14.13 1.380601593911866
14.14 1.378213285002259
14.15 1.375744882331645
14.16 1.373196784216119
14.17 1.370569417371681
14.18 1.367863238617470
14.19 1.365078736668913
14.20 1.362216434023880
14.21 1.359276888944909
14.22 1.356260697540582
14.23 1.353168495949052
14.24 1.350000962626725
14.25 1.346758820744934
14.26 1.343442840697363
14.27 1.340053842720779
14.28 1.336592699631429
14.29 1.333060339679190
14.30 1.329457749521211
14.31 1.325785977316442
14.32 1.322046135941939
14.33 1.318239406331337
14.34 1.314367040935215
14.35 1.310430367302409
14.36 1.306430791780449
14.37 1.302369803332416
14.38 1.298248977466398
14.39 1.294069980272579
14.40 1.289834572561619
14.41 1.285544614096508
14.42 1.281202067908425
14.43 1.276809004685274
14.44 1.272367607219589
14.45 1.267880174900260
14.46 1.263349128230149
14.47 1.258777013349040
14.48 1.254166506538547
14.49 1.249520418682590
14.50 1.244841699653806
14.51 1.240133442592819
14.52 1.235398888043715
14.53 1.230641427905223
14.54 1.225864609153220
14.55 1.221072137286090
14.56 1.216267879440362
14.57 1.211455867119881
14.58 1.206640298477643
14.59 1.201825540085396
14.60 1.197016128122253
14.61 1.192216768909984
14.62 1.187432338719435
14.63 1.182667882769826
14.64 1.177928613340564
14.65 1.173219906913880
14.66 1.168547300266157
14.67 1.163916485426486
14.68 1.159333303422795
14.69 1.154803736739198
14.70 1.150333900412989
14.71 1.145930031706185
14.72 1.141598478294901
14.73 1.137345684930067
14.74 1.133178178535370
14.75 1.129102551722666
14.76 1.125125444721648
14.77 1.121253525739072
14.78 1.117493469783351
14.79 1.113851936012573
14.80 1.110335543687782
14.81 1.106950846838317
14.82 1.103704307771817
14.83 1.100602269587588
14.84 1.097650927877928
14.85 1.094856301827140
14.86 1.092224204941560
14.87 1.089760215665473
14.88 1.087469648156467
14.89 1.085357523508949
14.90 1.083428541725651
14.91 1.081687054743220
14.92 1.080137040819209
14.93 1.078782080583316
14.94 1.077625335045511
14.95 1.076669525837637
14.96 1.075916917943185
14.97 1.075369305142639
14.98 1.075027998369359
14.99 1.074893817134219
15.00 1.074967084136692
15.01 1.075247623136921
15.02 1.075734760118287
15.03 1.076427327724342
15.04 1.077323672908676
15.05 1.078421667692422
15.06 1.079718722882779
15.07 1.081211804567924
15.08 1.082897453169961
15.09 1.084771804808660
15.10 1.086830614705244
15.11 1.089069282337699
15.12 1.091482878047129
15.13 1.094066170788586
15.14 1.096813656719350
15.15 1.099719588322480
15.16 1.102778003773196
15.17 1.105982756269691
15.18 1.109327543067707
15.19 1.112805933978930
15.20 1.116411399116412
15.21 1.120137335694893
15.22 1.123977093719690
15.23 1.127924000423890
15.24 1.131971383339537
15.25 1.136112591913753
15.26 1.140341017604893
15.27 1.144650112416569
15.28 1.149033405848412
15.29 1.153484520261552
15.30 1.157997184673935
15.31 1.162565247015594
15.32 1.167182684886938
15.33 1.171843614873985
15.34 1.176542300483370
15.35 1.181273158766978
15.36 1.186030765711325
15.37 1.190809860470520
15.38 1.195605348523876
15.39 1.200412303840224
15.40 1.205225970130846
15.41 1.210041761271882
15.42 1.214855260975126
15.43 1.219662221783638
15.44 1.224458563465473
15.45 1.229240370875378
15.46 1.234003891350502
15.47 1.238745531702188
15.48 1.243461854861809
15.49 1.248149576234454
15.50 1.252805559810113
15.51 1.257426814077964
15.52 1.262010487785362
15.53 1.266553865579302
15.54 1.271054363564477
15.55 1.275509524808539
15.56 1.279917014821891
15.57 1.284274617036252
15.58 1.288580228303355
15.59 1.292831854432453
15.60 1.297027605782876
15.61 1.301165692925561
15.62 1.305244422385470
15.63 1.309262192474874
15.64 1.313217489225797
15.65 1.317108882428371
15.66 1.320935021780472
15.67 1.324694633152754
15.68 1.328386514972138
15.69 1.332009534725774
15.70 1.335562625586727
15.71 1.339044783161798
15.72 1.342455062361304
15.73 1.345792574390057
15.74 1.349056483858282
15.75 1.352246006010847
15.76 1.355360404072790
15.77 1.358398986708875
15.78 1.361361105594668
15.79 1.364246153096437
15.80 1.367053560057040
15.81 1.369782793684864
15.82 1.372433355542793
15.83 1.375004779634164
15.84 1.377496630582615
15.85 1.379908501902765
15.86 1.382240014358673
15.87 1.384490814407057
15.88 1.386660572722316
15.89 1.388748982800460
15.90 1.390755759639116
15.91 1.392680638490875
15.92 1.394523373687334
15.93 1.396283737531255
15.94 1.397961519254409
15.95 1.399556524038728
15.96 1.401068572098535
15.97 1.402497497821688
15.98 1.403843148967632
15.99 1.405105385920415
16.00 1.406284080994868
16.01 1.407379117794251
16.02 1.408390390617765
16.03 1.409317803916459
16.04 1.410161271796165
16.05 1.410920717566192
16.06 1.411596073332634
16.07 1.412187279635254
16.08 1.412694285126993
16.09 1.413117046295288
16.10 1.413455527224463
16.11 1.413709699398585
16.12 1.413879541544256
16.13 1.413965039512940
16.14 1.413966186202509
16.15 1.413882981517800
16.16 1.413715432370093
16.17 1.413463552715485
16.18 1.413127363632283
16.19 1.412706893437613
16.20 1.412202177843539
16.21 1.411613260153123
16.22 1.410940191496922
16.23 1.410183031110544
16.24 1.409341846653993
16.25 1.408416714573613
16.26 1.407407720507584
16.27 1.406314959736000
16.28 1.405138537676671
16.29 1.403878570427922
16.30 1.402535185359747
16.31 1.401108521754784
16.32 1.399598731500716
16.33 1.398005979835785
16.34 1.396330446149224
16.35 1.394572324838532
16.36 1.392731826225621
16.37 1.390809177533973
16.38 1.388804623929043
16.39 1.386718429624282
16.40 1.384550879055207
16.41 1.382302278124107
16.42 1.379972955517994
16.43 1.377563264102578
16.44 1.375073582395056
16.45 1.372504316118631
16.46 1.369855899841712
16.47 1.367128798704804
16.48 1.364323510238148
16.49 1.361440566273180
16.50 1.358480534950875
16.51 1.355444022830055
16.52 1.352331677098658
16.53 1.349144187890918
16.54 1.345882290713294
16.55 1.342546768981851
16.56 1.339138456673595
16.57 1.335658241094059
16.58 1.332107065763142
16.59 1.328485933420853
16.60 1.324795909154221
16.61 1.321038123646153
16.62 1.317213776546433
16.63 1.313324139964458
16.64 1.309370562082503
16.65 1.305354470887494
16.66 1.301277378018292
16.67 1.297140882724374
16.68 1.292946675930588
16.69 1.288696544401281
16.70 1.284392374995537
16.71 1.280036159003584
16.72 1.275629996552552
16.73 1.271176101067661
16.74 1.266676803772711
16.75 1.262134558211239
16.76 1.257551944767062
16.77 1.252931675160061
16.78 1.248276596889949
16.79 1.243589697597502
16.80 1.238874109309256
16.81 1.234133112527974
16.82 1.229370140127395
16.83 1.224588781005781
16.84 1.219792783448719
16.85 1.214986058147480
16.86 1.210172680815093
16.87 1.205356894338173
16.88 1.200543110398566
16.89 1.195735910495057
16.90 1.190940046291920
16.91 1.186160439217989
16.92 1.181402179237366
16.93 1.176670522710960
16.94 1.171970889266974
16.95 1.167308857598260
16.96 1.162690160105428
16.97 1.158120676306819
16.98 1.153606424940068
16.99 1.149153554685267
17.00 1.144768333446667
17.01 1.140457136138729
17.02 1.136226430933144
17.03 1.132082763936307
17.04 1.128032742281718
17.05 1.124083015638814
17.06 1.120240256158823
17.07 1.116511136899222
17.08 1.112902308791042
17.09 1.109420376237417
17.10 1.106071871456991
17.11 1.102863227711733
17.12 1.099800751584783
17.13 1.096890594499772
17.14 1.094138723697748
17.15 1.091550892911063
17.16 1.089132612994348
17.17 1.086889122790541
17.18 1.084825360524099
17.19 1.082945936023349
17.20 1.081255104078942
17.21 1.079756739245086
17.22 1.078454312384248
17.23 1.077350869244282
17.24 1.076449011339263
17.25 1.075750879381998
17.26 1.075258139487414
17.27 1.074971972332427
17.28 1.074893065420002
17.29 1.075021608553850
17.30 1.075357292586415
17.31 1.075899311457528
17.32 1.076646367495441
17.33 1.077596679906930
17.34 1.078747996339888
17.35 1.080097607361273
17.36 1.081642363656373
17.37 1.083378695722813
17.38 1.085302635805272
17.39 1.087409841794853
17.40 1.089695622800821
17.41 1.092154966092046
17.42 1.094782565100911
17.43 1.097572848183462
17.44 1.100520007835749
17.45 1.103618030077267
17.46 1.106860723727493
17.47 1.110241749320099
17.48 1.113754647420878
17.49 1.117392866139018
17.50 1.121149787646412
17.51 1.125018753545596
17.52 1.128993088953016
17.53 1.133066125190123
17.54 1.137231220999797
17.55 1.141481782229414
17.56 1.145811279944167
17.57 1.150213266954800
17.58 1.154681392762511
17.59 1.159209416940319
17.60 1.163791220984702
17.61 1.168420818683629
17.62 1.173092365057503
17.63 1.177800163937877
17.64 1.182538674255363
17.65 1.187302515113008
17.66 1.192086469724690
17.67 1.196885488299972
17.68 1.201694689957562
17.69 1.206509363749071
17.70 1.211324968873489
17.71 1.216137134160700
17.72 1.220941656899662
17.73 1.225734501083670
17.74 1.230511795141576
17.75 1.235269829219954
17.76 1.240005052077201
17.77 1.244714067646430
17.78 1.249393631319837
17.79 1.254040646003136
17.80 1.258652157984538
17.81 1.263225352658894
17.82 1.267757550143735
17.83 1.272246200820413
17.84 1.276688880830029
17.85 1.281083287550658
17.86 1.285427235079299
17.87 1.289718649739197
17.88 1.293955565630538
17.89 1.298136120240099
17.90 1.302258550123269
17.91 1.306321186669769
17.92 1.310322451962622
17.93 1.314260854738225
17.94 1.318134986453885
17.95 1.321943517467857
17.96 1.325685193335690
17.97 1.329358831225658
17.98 1.332963316455079
17.99 1.336497599148533
18.00 1.339960691018230
18.01 1.343351662266184
18.02 1.346669638607297
18.03 1.349913798411985
18.04 1.353083369966605
18.05 1.356177628849608
18.06 1.359195895421067
18.07 1.362137532423026
18.08 1.365001942687925
18.09 1.367788566952244
18.10 1.370496881772401
18.11 1.373126397539859
18.12 1.375676656592412
18.13 1.378147231418536
18.14 1.380537722951763
18.15 1.382847758952017
18.16 1.385076992470922
18.17 1.387225100398135
18.18 1.389291782085823
18.19 1.391276758048475
18.20 1.393179768735350
18.21 1.395000573372916
18.22 1.396738948874748
18.23 1.398394688816473
18.24 1.399967602473414
18.25 1.401457513918722
18.26 1.402864261179887
18.27 1.404187695451613
18.28 1.405427680363183
18.29 1.406584091298510
18.30 1.407656814767227
18.31 1.408645747825232
18.32 1.409550797543264
18.33 1.410371880522144
18.34 1.411108922453474
18.35 1.411761857724650
18.36 1.412330629067195
18.37 1.412815187247487
18.38 1.413215490799089
18.39 1.413531505795981
18.40 1.413763205666106
18.41 1.413910571044730
18.42 1.413973589667251
18.43 1.413952256301158
18.44 1.413846572716963
18.45 1.413656547698042
18.46 1.413382197089394
18.47 1.413023543885464
18.48 1.412580618357240
18.49 1.412053458218978
18.50 1.411442108834983
18.51 1.410746623466982
18.52 1.409967063562744
18.53 1.409103499086690
18.54 1.408156008893351
18.55 1.407124681144638
18.56 1.406009613771984
18.57 1.404810914984553
18.58 1.403528703824781
18.59 1.402163110772658
18.60 1.400714278400253
18.61 1.399182362078095
18.62 1.397567530735142
18.63 1.395869967674175
18.64 1.394089871444551
18.65 1.392227456774405
18.66 1.390282955564427
18.67 1.388256617945531
18.68 1.386148713402758
18.69 1.383959531967926
18.70 1.381689385483583
18.71 1.379338608940959
18.72 1.376907561894655
18.73 1.374396629956934
18.74 1.371806226374515
18.75 1.369136793690844
18.76 1.366388805496873
18.77 1.363562768273398
18.78 1.360659223328040
18.79 1.357678748829933
18.80 1.354621961945179
18.81 1.351489521076053
18.82 1.348282128206901
18.83 1.345000531359507
18.84 1.341645527160612
18.85 1.338217963524009
18.86 1.334718742449472
18.87 1.331148822940392
18.88 1.327509224041715
18.89 1.323801027999295
18.90 1.320025383541305
18.91 1.316183509281756
18.92 1.312276697245496
18.93 1.308306316513297
18.94 1.304273816984751
18.95 1.300180733255687
18.96 1.296028688605695
18.97 1.291819399090086
18.98 1.287554677729169
18.99 1.283236438786167
19.00 1.278866702123349
19.01 1.274447597624003
19.02 1.269981369665780
19.03 1.265470381628611
19.04 1.260917120417903
19.05 1.256324200980963
19.06 1.251694370791715
19.07 1.247030514275598
19.08 1.242335657143210
19.09 1.237612970597742
19.10 1.232865775377502
19.11 1.228097545590997
19.12 1.223311912298007
19.13 1.218512666786012
19.14 1.213703763487168
19.15 1.208889322476879
19.16 1.204073631490940
19.17 1.199261147394260
19.18 1.194456497030470
19.19 1.189664477378310
19.20 1.184890054937739
19.21 1.180138364266309
19.22 1.175414705584617
19.23 1.170724541368801
19.24 1.166073491848150
19.25 1.161467329327169
19.26 1.156911971254023
19.27 1.152413471961346
19.28 1.147978013011084
19.29 1.143611892082486
19.30 1.139321510351752
19.31 1.135113358323164
19.32 1.130994000084990
19.33 1.126970055978962
19.34 1.123048183689726
19.35 1.119235057780269
19.36 1.115537347720792
19.37 1.111961694481577
19.38 1.108514685784871
19.39 1.105202830136271
19.40 1.102032529782103
19.41 1.099010052765373
19.42 1.096141504278412
19.43 1.093432797534754
19.44 1.090889624405355
19.45 1.088517426084394
19.46 1.086321364066759
19.47 1.084306291732406
19.48 1.082476726841403
19.49 1.080836825247053
19.50 1.079390356132756
19.51 1.078140679070736
19.52 1.077090723187460
19.53 1.076242968701353
19.54 1.075599431073633
19.55 1.075161647982960
19.56 1.074930669299786
19.57 1.074907050197420
19.58 1.075090847494795
19.59 1.075481619281603
19.60 1.076078427831025
19.61 1.076879845759648
19.62 1.077883965349514
19.63 1.079088410904614
19.64 1.080490353974461
19.65 1.082086531241582
19.66 1.083873264838516
19.67 1.085846484833871
19.68 1.088001753606483
19.69 1.090334291812054
19.70 1.092839005637829
19.71 1.095510515037816
19.72 1.098343182643451
19.73 1.101331143052187
19.74 1.104468332208513
19.75 1.107748516608052
19.76 1.111165322074793
19.77 1.114712261883591
19.78 1.118382764024130
19.79 1.122170197427898
19.80 1.126067897005709
19.81 1.130069187369413
19.82 1.134167405137048
19.83 1.138355919745400
19.84 1.142628152717416
19.85 1.146977595353704
19.86 1.151397824837451
19.87 1.155882518760118
19.88 1.160425468091284
19.89 1.165020588629926
19.90 1.169661930986233
19.91 1.174343689152862
19.92 1.179060207732447
19.93 1.183805987894220
19.94 1.188575692137026
19.95 1.193364147938949
19.96 1.198166350375253
19.97 1.202977463786792
19.98 1.207792822580305
19.99 1.212607931240537
20.00 1.217418463631837
