0.000 -218.8449
0.010 -219.0204
0.020 -218.9651
0.030 -218.6884
0.040 -218.2244
0.050 -217.6299
0.060 -216.9810
0.070 -216.3634
0.080 -215.8584
0.090 -215.5274
0.100 -215.3962
0.110 -215.4550
0.120 -215.6635
0.130 -215.9704
0.140 -216.3197
0.150 -216.6581
0.160 -216.9439
0.170 -217.1480
0.180 -217.2730
0.190 -217.3199
0.200 -217.3111
0.210 -217.2561
0.220 -217.1645
0.230 -217.0566
0.240 -216.9389
0.250 -216.8343
0.260 -216.7372
0.270 -216.6649
0.280 -216.6171
0.290 -216.6113
0.300 -216.6505
0.310 -216.7378
0.320 -216.8629
0.330 -217.0183
0.340 -217.1898
0.350 -217.3669
0.360 -217.5324
0.370 -217.6689
0.380 -217.7583
0.390 -217.7960
0.400 -217.7788
0.410 -217.6945
0.420 -217.5669
0.430 -217.4249
0.440 -217.2866
0.450 -217.1564
0.460 -217.0338
0.470 -216.9347
0.480 -216.8739
0.490 -216.8433
0.500 -216.8363
0.510 -216.8431
0.520 -216.8545
0.530 -216.8570
0.540 -216.8534
0.550 -216.8408
0.560 -216.8198
0.570 -216.8137
0.580 -216.8154
0.590 -216.8440
0.600 -216.8827
0.610 -216.9284
0.620 -216.9856
0.630 -217.0517
0.640 -217.1200
0.650 -217.1972
0.660 -217.2620
0.670 -217.3111
0.680 -217.3374
0.690 -217.3266
0.700 -217.2881
0.710 -217.2304
0.720 -217.1558
0.730 -217.0797
0.740 -217.0094
0.750 -216.9437
0.760 -216.8862
0.770 -216.8319
0.780 -216.7971
0.790 -216.7821
0.800 -216.7749
0.810 -216.7899
0.820 -216.8223
0.830 -216.8833
0.840 -216.9784
0.850 -217.0973
0.860 -217.2223
0.870 -217.3270
0.880 -217.4004
0.890 -217.4470
0.900 -217.4814
0.910 -217.4957
0.920 -217.4844
0.930 -217.4708
0.940 -217.4492
0.950 -217.4042
0.960 -217.3332
0.970 -217.2359
0.980 -217.1170
0.990 -216.9797
1.000 -216.8417
1.010 -216.7182
1.020 -216.6254
1.030 -216.5933
1.040 -216.6229
1.050 -216.7097
1.060 -216.8348
1.070 -216.9680
1.080 -217.0854
1.090 -217.1722
1.100 -217.2333
1.110 -217.2601
1.120 -217.2508
1.130 -217.2096
1.140 -217.1472
1.150 -217.0676
1.160 -217.0029
1.170 -216.9562
1.180 -216.9117
1.190 -216.8710
1.200 -216.8370
1.210 -216.8158
1.220 -216.8130
1.230 -216.8526
1.240 -216.9239
1.250 -217.0099
1.260 -217.1276
1.270 -217.2546
1.280 -217.3646
1.290 -217.4609
1.300 -217.5391
1.310 -217.6000
1.320 -217.6182
1.330 -217.5997
1.340 -217.5443
1.350 -217.4728
1.360 -217.4033
1.370 -217.3353
1.380 -217.2408
1.390 -217.1163
1.400 -216.9739
1.410 -216.8205
1.420 -216.6566
1.430 -216.4975
1.440 -216.3592
1.450 -216.2684
1.460 -216.2381
1.470 -216.2869
1.480 -216.4067
1.490 -216.5926
1.500 -216.8171
1.510 -217.0429
1.520 -217.2451
1.530 -217.4069
1.540 -217.5027
1.550 -217.5429
1.560 -217.5210
1.570 -217.4670
1.580 -217.3964
1.590 -217.3408
1.600 -217.3074
1.610 -217.2920
1.620 -217.3086
1.630 -217.3381
1.640 -217.3725
1.650 -217.4073
1.660 -217.4240
1.670 -217.4118
1.680 -217.3666
1.690 -217.2662
1.700 -217.1359
1.710 -216.9911
1.720 -216.8399
1.730 -216.7065
1.740 -216.6047
1.750 -216.5592
1.760 -216.5739
1.770 -216.6328
1.780 -216.7190
1.790 -216.8056
1.800 -216.9048
1.810 -217.0150
1.820 -217.1106
1.830 -217.1833
1.840 -217.2385
1.850 -217.2711
1.860 -217.2857
1.870 -217.2674
1.880 -217.2187
1.890 -217.1459
1.900 -217.0466
1.910 -216.9346
1.920 -216.8316
1.930 -216.7414
1.940 -216.6775
1.950 -216.6680
1.960 -216.7232
1.970 -216.8393
1.980 -217.0019
1.990 -217.1912
2.000 -217.3739
2.010 -217.5242
2.020 -217.6349
2.030 -217.6825
2.040 -217.6763
2.050 -217.6169
2.060 -217.5006
2.070 -217.3394
2.080 -217.1699
2.090 -216.9837
2.100 -216.7966
2.110 -216.6129
2.120 -216.4637
2.130 -216.3657
2.140 -216.3397
2.150 -216.4001
2.160 -216.5516
2.170 -216.7679
2.180 -217.0177
2.190 -217.2908
2.200 -217.5690
2.210 -217.7956
2.220 -217.9434
2.230 -217.9865
2.240 -217.9313
2.250 -217.8096
2.260 -217.6216
2.270 -217.4026
2.280 -217.1846
2.290 -216.9898
2.300 -216.8265
2.310 -216.7066
2.320 -216.6376
2.330 -216.6222
2.340 -216.6584
2.350 -216.7099
2.360 -216.7582
2.370 -216.7944
2.380 -216.8165
2.390 -216.8395
2.400 -216.8475
2.410 -216.8556
2.420 -216.8551
2.430 -216.8679
2.440 -216.8903
2.450 -216.9156
2.460 -216.9484
2.470 -216.9896
2.480 -217.0340
2.490 -217.0815
2.500 -217.1489
2.510 -217.2093
2.520 -217.2544
2.530 -217.2954
2.540 -217.3319
2.550 -217.3496
2.560 -217.3529
2.570 -217.3330
2.580 -217.2995
2.590 -217.2460
2.600 -217.1900
2.610 -217.1337
2.620 -217.0886
2.630 -217.0493
2.640 -217.0331
2.650 -217.0384
2.660 -217.0560
2.670 -217.0913
2.680 -217.1355
2.690 -217.1806
2.700 -217.2061
2.710 -217.2045
2.720 -217.1733
2.730 -217.1168
2.740 -217.0346
2.750 -216.9249
2.760 -216.8065
2.770 -216.6962
2.780 -216.6250
2.790 -216.5967
2.800 -216.6039
2.810 -216.6406
2.820 -216.7041
2.830 -216.8084
2.840 -216.9186
2.850 -217.0153
2.860 -217.0840
2.870 -217.1395
2.880 -217.1984
2.890 -217.2484
2.900 -217.2894
2.910 -217.3298
2.920 -217.3785
2.930 -217.4336
2.940 -217.4864
2.950 -217.5235
2.960 -217.5428
2.970 -217.5568
2.980 -217.5337
2.990 -217.4760
3.000 -217.3896
3.010 -217.2855
3.020 -217.1479
3.030 -216.9834
3.040 -216.8142
3.050 -216.6542
3.060 -216.5324
3.070 -216.4406
3.080 -216.4071
3.090 -216.4225
3.100 -216.4777
3.110 -216.5702
3.120 -216.7137
3.130 -216.8728
3.140 -217.0376
3.150 -217.2054
3.160 -217.3581
3.170 -217.4732
3.180 -217.5360
3.190 -217.5508
3.200 -217.5331
3.210 -217.4621
3.220 -217.3517
3.230 -217.2215
3.240 -217.0849
3.250 -216.9522
3.260 -216.8597
3.270 -216.8174
3.280 -216.8441
3.290 -216.9151
3.300 -217.0197
3.310 -217.1428
3.320 -217.2688
3.330 -217.3830
3.340 -217.4725
3.350 -217.5083
3.360 -217.4992
3.370 -217.4666
3.380 -217.4008
3.390 -217.3040
3.400 -217.1925
3.410 -217.0739
3.420 -216.9715
3.430 -216.8864
3.440 -216.8209
3.450 -216.7791
3.460 -216.7620
3.470 -216.7562
3.480 -216.7597
3.490 -216.8085
3.500 -216.8796
3.510 -216.9724
3.520 -217.0721
3.530 -217.1694
3.540 -217.2601
3.550 -217.3452
3.560 -217.4222
3.570 -217.4839
3.580 -217.5252
3.590 -217.5400
3.600 -217.5339
3.610 -217.5140
3.620 -217.4854
3.630 -217.4292
3.640 -217.3345
3.650 -217.2058
3.660 -217.0631
3.670 -216.9301
3.680 -216.8308
3.690 -216.7661
3.700 -216.7368
3.710 -216.7450
3.720 -216.8077
3.730 -216.9010
3.740 -217.0108
3.750 -217.1224
3.760 -217.2248
3.770 -217.3091
3.780 -217.3808
3.790 -217.4323
3.800 -217.4451
3.810 -217.4184
3.820 -217.3653
3.830 -217.2892
3.840 -217.1934
3.850 -217.0799
3.860 -216.9612
3.870 -216.8654
3.880 -216.8169
3.890 -216.8307
3.900 -216.8762
3.910 -216.9391
3.920 -217.0060
3.930 -217.0661
3.940 -217.1208
3.950 -217.1554
3.960 -217.1721
3.970 -217.1825
3.980 -217.2096
3.990 -217.2620
4.000 -217.3393
4.010 -217.4188
4.020 -217.5103
4.030 -217.5717
4.040 -217.5769
4.050 -217.5108
4.060 -217.3957
4.070 -217.2355
4.080 -217.0494
4.090 -216.8590
4.100 -216.6913
4.110 -216.5820
4.120 -216.5456
4.130 -216.5934
4.140 -216.6949
4.150 -216.8394
4.160 -216.9948
4.170 -217.1353
4.180 -217.2449
4.190 -217.3138
4.200 -217.3473
4.210 -217.3496
4.220 -217.3290
4.230 -217.3073
4.240 -217.2968
4.250 -217.3134
4.260 -217.3399
4.270 -217.3696
4.280 -217.3904
4.290 -217.4010
4.300 -217.3943
4.310 -217.3632
4.320 -217.3159
4.330 -217.2452
4.340 -217.1667
4.350 -217.0711
4.360 -216.9696
4.370 -216.8695
4.380 -216.7989
4.390 -216.7548
4.400 -216.7459
4.410 -216.7994
4.420 -216.8968
4.430 -217.0266
4.440 -217.1605
4.450 -217.2773
4.460 -217.3732
4.470 -217.4356
4.480 -217.4756
4.490 -217.4764
4.500 -217.4336
4.510 -217.3794
4.520 -217.3041
4.530 -217.2316
4.540 -217.1625
4.550 -217.1097
4.560 -217.0727
4.570 -217.0479
4.580 -217.0343
4.590 -217.0469
4.600 -217.0740
4.610 -217.1050
4.620 -217.1405
4.630 -217.1766
4.640 -217.2043
4.650 -217.2179
4.660 -217.2134
4.670 -217.2041
4.680 -217.1742
4.690 -217.1253
4.700 -217.0585
4.710 -216.9767
4.720 -216.8949
4.730 -216.8259
4.740 -216.7889
4.750 -216.7904
4.760 -216.8303
4.770 -216.8915
4.780 -216.9676
4.790 -217.0535
4.800 -217.1179
4.810 -217.1494
4.820 -217.1507
4.830 -217.1295
4.840 -217.0971
4.850 -217.0874
4.860 -217.1050
4.870 -217.1331
4.880 -217.1707
4.890 -217.2235
4.900 -217.2919
4.910 -217.3636
4.920 -217.4344
4.930 -217.4772
4.940 -217.4869
4.950 -217.4636
4.960 -217.4005
4.970 -217.2939
4.980 -217.1532
4.990 -216.9899
5.000 -216.8416
5.010 -216.7083
5.020 -216.5936
5.030 -216.5193
5.040 -216.4968
5.050 -216.5321
5.060 -216.6366
5.070 -216.7932
5.080 -216.9883
5.090 -217.1965
5.100 -217.4047
5.110 -217.5796
5.120 -217.6826
5.130 -217.7094
5.140 -217.6758
5.150 -217.5570
5.160 -217.3808
5.170 -217.1722
5.180 -216.9691
5.190 -216.8072
5.200 -216.7062
5.210 -216.6791
5.220 -216.7270
5.230 -216.8317
5.240 -216.9579
5.250 -217.0790
5.260 -217.1986
5.270 -217.2977
5.280 -217.3468
5.290 -217.3649
5.300 -217.3393
5.310 -217.2912
5.320 -217.2222
5.330 -217.1522
5.340 -217.0973
5.350 -217.0578
5.360 -217.0298
5.370 -217.0076
5.380 -217.0009
5.390 -216.9954
5.400 -216.9840
5.410 -216.9731
5.420 -216.9426
5.430 -216.9029
5.440 -216.8593
5.450 -216.8270
5.460 -216.8265
5.470 -216.8648
5.480 -216.9362
5.490 -217.0394
5.500 -217.1409
5.510 -217.2421
5.520 -217.3374
5.530 -217.4111
5.540 -217.4568
5.550 -217.4813
5.560 -217.4874
5.570 -217.4715
5.580 -217.4362
5.590 -217.3662
5.600 -217.2651
5.610 -217.1376
5.620 -217.0089
5.630 -216.8898
5.640 -216.7973
5.650 -216.7431
5.660 -216.7511
5.670 -216.8056
5.680 -216.8932
5.690 -216.9905
5.700 -217.0699
5.710 -217.1185
5.720 -217.1272
5.730 -217.0975
5.740 -217.0357
5.750 -216.9601
5.760 -216.8761
5.770 -216.8114
5.780 -216.7772
5.790 -216.7782
5.800 -216.8245
5.810 -216.9075
5.820 -217.0223
5.830 -217.1668
5.840 -217.3283
5.850 -217.4710
5.860 -217.5813
5.870 -217.6469
5.880 -217.6696
5.890 -217.6467
5.900 -217.5647
5.910 -217.4364
5.920 -217.2942
5.930 -217.1599
5.940 -217.0298
5.950 -216.9216
5.960 -216.8322
5.970 -216.7672
5.980 -216.7375
5.990 -216.7473
6.000 -216.7953
6.010 -216.8691
6.020 -216.9608
6.030 -217.0571
6.040 -217.1443
6.050 -217.1888
6.060 -217.1887
6.070 -217.1558
6.080 -217.1038
6.090 -217.0175
6.100 -216.9211
6.110 -216.8269
6.120 -216.7620
6.130 -216.7310
6.140 -216.7455
6.150 -216.8024
6.160 -216.9094
6.170 -217.0580
6.180 -217.2293
6.190 -217.4125
6.200 -217.5821
6.210 -217.7189
6.220 -217.8165
6.230 -217.8456
6.240 -217.8004
6.250 -217.6861
6.260 -217.5036
6.270 -217.2839
6.280 -217.0544
6.290 -216.8582
6.300 -216.6974
6.310 -216.5943
6.320 -216.5408
6.330 -216.5336
6.340 -216.5712
6.350 -216.6421
6.360 -216.7336
6.370 -216.8392
6.380 -216.9497
6.390 -217.0536
6.400 -217.1290
6.410 -217.1704
6.420 -217.1927
6.430 -217.1986
6.440 -217.1793
6.450 -217.1540
6.460 -217.1469
6.470 -217.1395
6.480 -217.1458
6.490 -217.1443
6.500 -217.1342
6.510 -217.1139
6.520 -217.0827
6.530 -217.0424
6.540 -217.0143
6.550 -216.9960
6.560 -217.0116
6.570 -217.0575
6.580 -217.1380
6.590 -217.2350
6.600 -217.3351
6.610 -217.4257
6.620 -217.5078
6.630 -217.5510
6.640 -217.5250
6.650 -217.4336
6.660 -217.2785
6.670 -217.0785
6.680 -216.8567
6.690 -216.6348
6.700 -216.4332
6.710 -216.3004
6.720 -216.2565
6.730 -216.3212
6.740 -216.4903
6.750 -216.7408
6.760 -217.0280
6.770 -217.3161
6.780 -217.5661
6.790 -217.7485
6.800 -217.8520
6.810 -217.8794
6.820 -217.8371
6.830 -217.7168
6.840 -217.5429
6.850 -217.3407
6.860 -217.1176
6.870 -216.9144
6.880 -216.7472
6.890 -216.6443
6.900 -216.6288
6.910 -216.6883
6.920 -216.8018
6.930 -216.9435
6.940 -217.0856
6.950 -217.2112
6.960 -217.3140
6.970 -217.3730
6.980 -217.3872
6.990 -217.3578
7.000 -217.2769
7.010 -217.1516
7.020 -217.0122
7.030 -216.8972
7.040 -216.7965
7.050 -216.7189
7.060 -216.6785
7.070 -216.6741
7.080 -216.7040
7.090 -216.7556
7.100 -216.8097
7.110 -216.8706
7.120 -216.9432
7.130 -217.0452
7.140 -217.1512
7.150 -217.2639
7.160 -217.3759
7.170 -217.4644
7.180 -217.5266
7.190 -217.5568
7.200 -217.5605
7.210 -217.5457
7.220 -217.5072
7.230 -217.4605
7.240 -217.3812
7.250 -217.2810
7.260 -217.1710
7.270 -217.0487
7.280 -216.9247
7.290 -216.8145
7.300 -216.7233
7.310 -216.6737
7.320 -216.6588
7.330 -216.6692
7.340 -216.6995
7.350 -216.7366
7.360 -216.7911
7.370 -216.8474
7.380 -216.9088
7.390 -216.9672
7.400 -217.0265
7.410 -217.0753
7.420 -217.1209
7.430 -217.1557
7.440 -217.1833
7.450 -217.2128
7.460 -217.2479
7.470 -217.2778
7.480 -217.3018
7.490 -217.3188
7.500 -217.3346
7.510 -217.3501
7.520 -217.3543
7.530 -217.3527
7.540 -217.3612
7.550 -217.3590
7.560 -217.3621
7.570 -217.3383
7.580 -217.2927
7.590 -217.2308
7.600 -217.1401
7.610 -217.0355
7.620 -216.9270
7.630 -216.8094
7.640 -216.6898
7.650 -216.5968
7.660 -216.5367
7.670 -216.5115
7.680 -216.5287
7.690 -216.5968
7.700 -216.7144
7.710 -216.8755
7.720 -217.0592
7.730 -217.2426
7.740 -217.3997
7.750 -217.5079
7.760 -217.5526
7.770 -217.5241
7.780 -217.4472
7.790 -217.3391
7.800 -217.2301
7.810 -217.1347
7.820 -217.0647
7.830 -217.0506
7.840 -217.0771
7.850 -217.1386
7.860 -217.2224
7.870 -217.3103
7.880 -217.3797
7.890 -217.4363
7.900 -217.4571
7.910 -217.4361
7.920 -217.3746
7.930 -217.2763
7.940 -217.1529
7.950 -217.0189
7.960 -216.8846
7.970 -216.7740
7.980 -216.6956
7.990 -216.6440
8.000 -216.6200
8.010 -216.6239
8.020 -216.6452
8.030 -216.6858
8.040 -216.7384
8.050 -216.7892
8.060 -216.8370
8.070 -216.8843
8.080 -216.9418
8.090 -217.0120
8.100 -217.0969
8.110 -217.2059
8.120 -217.3303
8.130 -217.4543
8.140 -217.5671
8.150 -217.6665
8.160 -217.7449
8.170 -217.7616
8.180 -217.7131
8.190 -217.5979
8.200 -217.4410
8.210 -217.2757
8.220 -217.1150
8.230 -216.9835
8.240 -216.8871
8.250 -216.8495
8.260 -216.8489
8.270 -216.8866
8.280 -216.9503
8.290 -217.0283
8.300 -217.1070
8.310 -217.1626
8.320 -217.1875
8.330 -217.1891
8.340 -217.1442
8.350 -217.0624
8.360 -216.9375
8.370 -216.7766
8.380 -216.6027
8.390 -216.4400
8.400 -216.3138
8.410 -216.2590
8.420 -216.3016
8.430 -216.4491
8.440 -216.6851
8.450 -216.9746
8.460 -217.2859
8.470 -217.5757
8.480 -217.8014
8.490 -217.9326
8.500 -217.9642
8.510 -217.8985
8.520 -217.7575
8.530 -217.5615
8.540 -217.3537
8.550 -217.1601
8.560 -217.0227
8.570 -216.9428
8.580 -216.9161
8.590 -216.9389
8.600 -216.9895
8.610 -217.0506
8.620 -217.1007
8.630 -217.1166
8.640 -217.0973
8.650 -217.0529
8.660 -216.9833
8.670 -216.9108
8.680 -216.8586
8.690 -216.8186
8.700 -216.7939
8.710 -216.7948
8.720 -216.8139
8.730 -216.8450
8.740 -216.8822
8.750 -216.9200
8.760 -216.9586
8.770 -216.9996
8.780 -217.0516
8.790 -217.1227
8.800 -217.2010
8.810 -217.2716
8.820 -217.3304
8.830 -217.3821
8.840 -217.4205
8.850 -217.4370
8.860 -217.4292
8.870 -217.3923
8.880 -217.3344
8.890 -217.2607
8.900 -217.1838
8.910 -217.1142
8.920 -217.0597
8.930 -217.0294
8.940 -217.0107
8.950 -217.0035
8.960 -216.9969
8.970 -216.9887
8.980 -216.9859
8.990 -216.9876
9.000 -216.9951
9.010 -217.0118
9.020 -217.0270
9.030 -217.0232
9.040 -217.0207
9.050 -217.0030
9.060 -216.9613
9.070 -216.9198
9.080 -216.8961
9.090 -216.9048
9.100 -216.9249
9.110 -216.9586
9.120 -217.0075
9.130 -217.0740
9.140 -217.1515
9.150 -217.2414
9.160 -217.3458
9.170 -217.4511
9.180 -217.5378
9.190 -217.5892
9.200 -217.5986
9.210 -217.5604
9.220 -217.4734
9.230 -217.3166
9.240 -217.1173
9.250 -216.9045
9.260 -216.6959
9.270 -216.5150
9.280 -216.3948
9.290 -216.3480
9.300 -216.3798
9.310 -216.4880
9.320 -216.6515
9.330 -216.8402
9.340 -217.0229
9.350 -217.1853
9.360 -217.3183
9.370 -217.4228
9.380 -217.4917
9.390 -217.5170
9.400 -217.5206
9.410 -217.4845
9.420 -217.4113
9.430 -217.3173
9.440 -217.2330
9.450 -217.1730
9.460 -217.1282
9.470 -217.1128
9.480 -217.1511
9.490 -217.2280
9.500 -217.3190
9.510 -217.3950
9.520 -217.4377
9.530 -217.4411
9.540 -217.4070
9.550 -217.3238
9.560 -217.2040
9.570 -217.0769
9.580 -216.9449
9.590 -216.8308
9.600 -216.7630
9.610 -216.7487
9.620 -216.7732
9.630 -216.8300
9.640 -216.9034
9.650 -216.9751
9.660 -217.0234
9.670 -217.0392
9.680 -217.0269
9.690 -216.9830
9.700 -216.9091
9.710 -216.8228
9.720 -216.7456
9.730 -216.6960
9.740 -216.6869
9.750 -216.7470
9.760 -216.8733
9.770 -217.0528
9.780 -217.2663
9.790 -217.4716
9.800 -217.6406
9.810 -217.7628
9.820 -217.8255
9.830 -217.8287
9.840 -217.7702
9.850 -217.6537
9.860 -217.5006
9.870 -217.3283
9.880 -217.1594
9.890 -217.0030
9.900 -216.8704
9.910 -216.7673
9.920 -216.7041
9.930 -216.6809
9.940 -216.7018
9.950 -216.7424
9.960 -216.8070
9.970 -216.9115
9.980 -217.0259
9.990 -217.1364
