0.0 4.8000
0.01 4.8268
0.02 4.7719
0.03 4.4972
0.04 4.0366
0.05 3.4468
0.06 2.8033
0.07 2.1907
0.08 1.6897
0.09 1.3603
0.1 1.2280
0.11 1.2839
0.12 1.4888
0.13 1.7913
0.14 2.1352
0.15 2.4702
0.16 2.7536
0.17 2.9615
0.18 3.0862
0.19 3.1349
0.2 3.1279
0.21 3.0728
0.22 2.9837
0.23 2.8762
0.24 2.7604
0.25 2.6504
0.26 2.5573
0.27 2.4855
0.28 2.4412
0.29 2.4369
0.3 2.4786
0.31 2.5658
0.32 2.6913
0.33 2.8442
0.34 3.0147
0.35 3.1909
0.36 3.3562
0.37 3.4926
0.38 3.5826
0.39 3.6231
0.4 3.6081
0.41 3.5242
0.42 3.4008
0.43 3.2657
0.44 3.1244
0.45 2.9892
0.46 2.8657
0.47 2.7693
0.48 2.7119
0.49 2.6850
0.5 2.6797
0.51 2.6869
0.52 2.6976
0.53 2.7004
0.54 2.6951
0.55 2.6830
0.56 2.6650
0.57 2.6545
0.58 2.6576
0.59 2.6814
0.6 2.7209
0.61 2.7652
0.62 2.8222
0.63 2.8908
0.64 2.9605
0.65 3.0328
0.66 3.0976
0.67 3.1455
0.68 3.1706
0.69 3.1627
0.7 3.1274
0.71 3.0696
0.72 2.9971
0.73 2.9211
0.74 2.8494
0.75 2.7850
0.76 2.7278
0.77 2.6745
0.78 2.6397
0.79 2.6242
0.8 2.6200
0.81 2.6352
0.82 2.6696
0.83 2.7312
0.84 2.8275
0.85 2.9465
0.86 3.0707
0.87 3.1755
0.88 3.2498
0.89 3.2976
0.9 3.3315
0.91 3.3500
0.92 3.3354
0.93 3.3147
0.94 3.2949
0.95 3.2525
0.96 3.1846
0.97 3.0901
0.98 2.9711
0.99 2.8352
1.0 2.6973
1.01 2.5744
1.02 2.4850
1.03 2.4508
1.04 2.4810
1.05 2.5658
1.06 2.6888
1.07 2.8225
1.08 2.9397
1.09 3.0262
1.1 3.0818
1.11 3.1044
1.12 3.0944
1.13 3.0531
1.14 2.9857
1.15 2.9070
1.16 2.8392
1.17 2.7898
1.18 2.7451
1.19 2.7047
1.2 2.6704
1.21 2.6479
1.22 2.6456
1.23 2.6795
1.24 2.7479
1.25 2.8377
1.26 2.9521
1.27 3.0753
1.28 3.1855
1.29 3.2810
1.3 3.3635
1.31 3.4204
1.32 3.4397
1.33 3.4199
1.34 3.3670
1.35 3.2976
1.36 3.2318
1.37 3.1617
1.38 3.0666
1.39 2.9430
1.4 2.7992
1.41 2.6436
1.42 2.4800
1.43 2.3223
1.44 2.1878
1.45 2.0973
1.46 2.0696
1.47 2.1165
1.48 2.2365
1.49 2.4217
1.5 2.6443
1.51 2.8692
1.52 3.0762
1.53 3.2396
1.54 3.3450
1.55 3.3858
1.56 3.3646
1.57 3.3069
1.58 3.2384
1.59 3.1861
1.6 3.1550
1.61 3.1399
1.62 3.1504
1.63 3.1782
1.64 3.2099
1.65 3.2391
1.66 3.2544
1.67 3.2408
1.68 3.1887
1.69 3.0885
1.7 2.9553
1.71 2.8081
1.72 2.6557
1.73 2.5209
1.74 2.4203
1.75 2.3755
1.76 2.3913
1.77 2.4495
1.78 2.5322
1.79 2.6186
1.8 2.7171
1.81 2.8281
1.82 2.9238
1.83 2.9978
1.84 3.0515
1.85 3.0830
1.86 3.0911
1.87 3.0718
1.88 3.0242
1.89 2.9523
1.9 2.8553
1.91 2.7456
1.92 2.6428
1.93 2.5525
1.94 2.4899
1.95 2.4792
1.96 2.5323
1.97 2.6461
1.98 2.8046
1.99 2.9895
2.0 3.1714
2.01 3.3233
2.02 3.4323
2.03 3.4849
2.04 3.4785
2.05 3.4166
2.06 3.3003
2.07 3.1383
2.08 2.9609
2.09 2.7789
2.1 2.5876
2.11 2.4051
2.12 2.2565
2.13 2.1608
2.14 2.1347
2.15 2.1943
2.16 2.3435
2.17 2.5589
2.18 2.8061
2.19 3.0808
2.2 3.3562
2.21 3.5817
2.22 3.7295
2.23 3.7732
2.24 3.7182
2.25 3.5918
2.26 3.4102
2.27 3.1926
2.28 2.9743
2.29 2.7814
2.3 2.6196
2.31 2.5027
2.32 2.4354
2.33 2.4168
2.34 2.4462
2.35 2.4965
2.36 2.5442
2.37 2.5789
2.38 2.6034
2.39 2.6227
2.4 2.6364
2.41 2.6449
2.42 2.6456
2.43 2.6528
2.44 2.6727
2.45 2.6993
2.46 2.7339
2.47 2.7736
2.48 2.8176
2.49 2.8658
2.5 2.9257
2.51 2.9864
2.52 3.0334
2.53 3.0797
2.54 3.1146
2.55 3.1354
2.56 3.1397
2.57 3.1175
2.58 3.0786
2.59 3.0280
2.6 2.9714
2.61 2.9198
2.62 2.8754
2.63 2.8351
2.64 2.8140
2.65 2.8203
2.66 2.8376
2.67 2.8680
2.68 2.9158
2.69 2.9599
2.7 2.9843
2.71 2.9801
2.72 2.9488
2.73 2.8948
2.74 2.8121
2.75 2.7032
2.76 2.5853
2.77 2.4768
2.78 2.4032
2.79 2.3744
2.8 2.3808
2.81 2.4173
2.82 2.4825
2.83 2.5783
2.84 2.6882
2.85 2.7847
2.86 2.8555
2.87 2.9146
2.88 2.9698
2.89 3.0160
2.9 3.0571
2.91 3.1016
2.92 3.1498
2.93 3.2028
2.94 3.2544
2.95 3.2904
2.96 3.3170
2.97 3.3284
2.98 3.3071
2.99 3.2525
3.0 3.1702
3.01 3.0631
3.02 2.9263
3.03 2.7629
3.04 2.5937
3.05 2.4385
3.06 2.3115
3.07 2.2221
3.08 2.1825
3.09 2.1967
3.1 2.2513
3.11 2.3427
3.12 2.4750
3.13 2.6331
3.14 2.7976
3.15 2.9606
3.16 3.1094
3.17 3.2246
3.18 3.2890
3.19 3.3105
3.2 3.2902
3.21 3.2206
3.22 3.1151
3.23 2.9887
3.24 2.8535
3.25 2.7235
3.26 2.6274
3.27 2.5915
3.28 2.6136
3.29 2.6829
3.3 2.7872
3.31 2.9104
3.32 3.0356
3.33 3.1521
3.34 3.2400
3.35 3.2770
3.36 3.2654
3.37 3.2239
3.38 3.1562
3.39 3.0619
3.4 2.9512
3.41 2.8362
3.42 2.7333
3.43 2.6481
3.44 2.5818
3.45 2.5419
3.46 2.5259
3.47 2.5188
3.48 2.5244
3.49 2.5598
3.5 2.6309
3.51 2.7230
3.52 2.8235
3.53 2.9202
3.54 3.0104
3.55 3.0962
3.56 3.1753
3.57 3.2396
3.58 3.2808
3.59 3.2964
3.6 3.2874
3.61 3.2648
3.62 3.2331
3.63 3.1774
3.64 3.0840
3.65 2.9552
3.66 2.8103
3.67 2.6759
3.68 2.5732
3.69 2.5088
3.7 2.4798
3.71 2.4929
3.72 2.5531
3.73 2.6448
3.74 2.7496
3.75 2.8623
3.76 2.9664
3.77 3.0455
3.78 3.1119
3.79 3.1623
3.8 3.1768
3.81 3.1512
3.82 3.0977
3.83 3.0234
3.84 2.9256
3.85 2.8135
3.86 2.6986
3.87 2.6059
3.88 2.5674
3.89 2.5829
3.9 2.6281
3.91 2.6904
3.92 2.7557
3.93 2.8156
3.94 2.8666
3.95 2.9028
3.96 2.9206
3.97 2.9348
3.98 2.9615
3.99 3.0097
4.0 3.0817
4.01 3.1615
4.02 3.2399
4.03 3.2976
4.04 3.3013
4.05 3.2360
4.06 3.1189
4.07 2.9604
4.08 2.7740
4.09 2.5867
4.1 2.4230
4.11 2.3129
4.12 2.2823
4.13 2.3283
4.14 2.4297
4.15 2.5710
4.16 2.7248
4.17 2.8638
4.18 2.9736
4.19 3.0446
4.2 3.0810
4.21 3.0837
4.22 3.0634
4.23 3.0438
4.24 3.0396
4.25 3.0546
4.26 3.0786
4.27 3.1065
4.28 3.1292
4.29 3.1411
4.3 3.1339
4.31 3.1062
4.32 3.0597
4.33 2.9899
4.34 2.9070
4.35 2.8114
4.36 2.7076
4.37 2.6099
4.38 2.5365
4.39 2.4945
4.4 2.4938
4.41 2.5468
4.42 2.6471
4.43 2.7758
4.44 2.9085
4.45 3.0249
4.46 3.1183
4.47 3.1822
4.48 3.2160
4.49 3.2159
4.5 3.1752
4.51 3.1144
4.52 3.0468
4.53 2.9727
4.54 2.9020
4.55 2.8464
4.56 2.8089
4.57 2.7837
4.58 2.7772
4.59 2.7929
4.6 2.8178
4.61 2.8485
4.62 2.8849
4.63 2.9202
4.64 2.9477
4.65 2.9628
4.66 2.9634
4.67 2.9506
4.68 2.9214
4.69 2.8720
4.7 2.8058
4.71 2.7254
4.72 2.6447
4.73 2.5777
4.74 2.5411
4.75 2.5447
4.76 2.5814
4.77 2.6427
4.78 2.7187
4.79 2.7999
4.8 2.8641
4.81 2.8953
4.82 2.8966
4.83 2.8781
4.84 2.8461
4.85 2.8342
4.86 2.8524
4.87 2.8807
4.88 2.9194
4.89 2.9710
4.9 3.0373
4.91 3.1133
4.92 3.1824
4.93 3.2244
4.94 3.2369
4.95 3.2131
4.96 3.1474
4.97 3.0420
4.98 2.9022
4.99 2.7477
5.0 2.6009
5.01 2.4668
5.02 2.3533
5.03 2.2797
5.04 2.2567
5.05 2.2970
5.06 2.4029
5.07 2.5606
5.08 2.7533
5.09 2.9679
5.1 3.1745
5.11 3.3416
5.12 3.4443
5.13 3.4753
5.14 3.4377
5.15 3.3255
5.16 3.1515
5.17 2.9447
5.18 2.7451
5.19 2.5834
5.2 2.4822
5.21 2.4539
5.22 2.5002
5.23 2.6035
5.24 2.7289
5.25 2.8494
5.26 2.9660
5.27 3.0627
5.28 3.1176
5.29 3.1327
5.3 3.1107
5.31 3.0617
5.32 2.9960
5.33 2.9294
5.34 2.8760
5.35 2.8366
5.36 2.8072
5.37 2.7849
5.38 2.7725
5.39 2.7659
5.4 2.7579
5.41 2.7443
5.42 2.7156
5.43 2.6754
5.44 2.6330
5.45 2.6017
5.46 2.5988
5.47 2.6353
5.48 2.7079
5.49 2.8052
5.5 2.9061
5.51 3.0036
5.52 3.0974
5.53 3.1731
5.54 3.2211
5.55 3.2463
5.56 3.2533
5.57 3.2359
5.58 3.1958
5.59 3.1263
5.6 3.0240
5.61 2.8979
5.62 2.7664
5.63 2.6478
5.64 2.5555
5.65 2.5055
5.66 2.5086
5.67 2.5615
5.68 2.6482
5.69 2.7434
5.7 2.8235
5.71 2.8757
5.72 2.8843
5.73 2.8527
5.74 2.7983
5.75 2.7243
5.76 2.6405
5.77 2.5771
5.78 2.5434
5.79 2.5430
5.8 2.5891
5.81 2.6759
5.82 2.7899
5.83 2.9364
5.84 3.0970
5.85 3.2355
5.86 3.3450
5.87 3.4136
5.88 3.4343
5.89 3.4064
5.9 3.3238
5.91 3.1968
5.92 3.0610
5.93 2.9270
5.94 2.7982
5.95 2.6891
5.96 2.6008
5.97 2.5356
5.98 2.5051
5.99 2.5157
6.0 2.5614
6.01 2.6389
6.02 2.7292
6.03 2.8259
6.04 2.9107
6.05 2.9549
6.06 2.9532
6.07 2.9167
6.08 2.8594
6.09 2.7769
6.1 2.6797
6.11 2.5886
6.12 2.5195
6.13 2.4863
6.14 2.4981
6.15 2.5584
6.16 2.6619
6.17 2.8040
6.18 2.9747
6.19 3.1548
6.2 3.3216
6.21 3.4544
6.22 3.5448
6.23 3.5755
6.24 3.5340
6.25 3.4200
6.26 3.2432
6.27 3.0250
6.28 2.7953
6.29 2.5935
6.3 2.4352
6.31 2.3286
6.32 2.2760
6.33 2.2695
6.34 2.3076
6.35 2.3792
6.36 2.4701
6.37 2.5737
6.38 2.6843
6.39 2.7869
6.4 2.8621
6.41 2.9049
6.42 2.9288
6.43 2.9350
6.44 2.9180
6.45 2.8907
6.46 2.8721
6.47 2.8676
6.48 2.8692
6.49 2.8677
6.5 2.8588
6.51 2.8373
6.52 2.8047
6.53 2.7652
6.54 2.7292
6.55 2.7179
6.56 2.7341
6.57 2.7793
6.58 2.8560
6.59 2.9530
6.6 3.0552
6.61 3.1464
6.62 3.2226
6.63 3.2635
6.64 3.2375
6.65 3.1458
6.66 2.9916
6.67 2.7912
6.68 2.5733
6.69 2.3543
6.7 2.1565
6.71 2.0212
6.72 1.9817
6.73 2.0448
6.74 2.2104
6.75 2.4580
6.76 2.7406
6.77 3.0224
6.78 3.2718
6.79 3.4550
6.8 3.5567
6.81 3.5850
6.82 3.5430
6.83 3.4248
6.84 3.2548
6.85 3.0528
6.86 2.8312
6.87 2.6232
6.88 2.4570
6.89 2.3592
6.9 2.3436
6.91 2.4013
6.92 2.5129
6.93 2.6521
6.94 2.7933
6.95 2.9197
6.96 3.0197
6.97 3.0785
6.98 3.0888
6.99 3.0559
7.0 2.9764
7.01 2.8515
7.02 2.7205
7.03 2.6059
7.04 2.5055
7.05 2.4289
7.06 2.3873
7.07 2.3820
7.08 2.4098
7.09 2.4602
7.1 2.5155
7.11 2.5760
7.12 2.6565
7.13 2.7574
7.14 2.8649
7.15 2.9761
7.16 3.0849
7.17 3.1745
7.18 3.2356
7.19 3.2666
7.2 3.2730
7.21 3.2565
7.22 3.2270
7.23 3.1849
7.24 3.1084
7.25 3.0076
7.26 2.8976
7.27 2.7768
7.28 2.6533
7.29 2.5424
7.3 2.4542
7.31 2.4010
7.32 2.3823
7.33 2.3922
7.34 2.4204
7.35 2.4574
7.36 2.5057
7.37 2.5624
7.38 2.6219
7.39 2.6805
7.4 2.7391
7.41 2.7894
7.42 2.8329
7.43 2.8727
7.44 2.8983
7.45 2.9259
7.46 2.9590
7.47 2.9884
7.48 3.0129
7.49 3.0309
7.5 3.0500
7.51 3.0673
7.52 3.0742
7.53 3.0792
7.54 3.0860
7.55 3.0942
7.56 3.0958
7.57 3.0731
7.58 3.0276
7.59 2.9623
7.6 2.8726
7.61 2.7697
7.62 2.6607
7.63 2.5420
7.64 2.4210
7.65 2.3197
7.66 2.2570
7.67 2.2320
7.68 2.2500
7.69 2.3179
7.7 2.4350
7.71 2.5950
7.72 2.7805
7.73 2.9641
7.74 3.1190
7.75 3.2253
7.76 3.2678
7.77 3.2402
7.78 3.1602
7.79 3.0536
7.8 2.9475
7.81 2.8543
7.82 2.7893
7.83 2.7730
7.84 2.8015
7.85 2.8661
7.86 2.9519
7.87 3.0373
7.88 3.1085
7.89 3.1583
7.9 3.1786
7.91 3.1575
7.92 3.0934
7.93 2.9956
7.94 2.8733
7.95 2.7430
7.96 2.6122
7.97 2.5014
7.98 2.4224
7.99 2.3692
8.0 2.3469
8.01 2.3513
8.02 2.3744
8.03 2.4162
8.04 2.4672
8.05 2.5199
8.06 2.5697
8.07 2.6200
8.08 2.6799
8.09 2.7544
8.1 2.8445
8.11 2.9527
8.12 3.0779
8.13 3.2043
8.14 3.3181
8.15 3.4236
8.16 3.4997
8.17 3.5169
8.18 3.4677
8.19 3.3542
8.2 3.2008
8.21 3.0357
8.22 2.8803
8.23 2.7474
8.24 2.6573
8.25 2.6181
8.26 2.6173
8.27 2.6532
8.28 2.7176
8.29 2.7975
8.3 2.8771
8.31 2.9348
8.32 2.9662
8.33 2.9652
8.34 2.9232
8.35 2.8395
8.36 2.7138
8.37 2.5543
8.38 2.3825
8.39 2.2216
8.4 2.0971
8.41 2.0431
8.42 2.0864
8.43 2.2323
8.44 2.4654
8.45 2.7524
8.46 3.0600
8.47 3.3509
8.48 3.5760
8.49 3.7083
8.5 3.7369
8.51 3.6702
8.52 3.5290
8.53 3.3387
8.54 3.1338
8.55 2.9445
8.56 2.8050
8.57 2.7240
8.58 2.6965
8.59 2.7128
8.6 2.7613
8.61 2.8224
8.62 2.8699
8.63 2.8841
8.64 2.8630
8.65 2.8155
8.66 2.7462
8.67 2.6802
8.68 2.6289
8.69 2.5887
8.7 2.5643
8.71 2.5623
8.72 2.5821
8.73 2.6144
8.74 2.6526
8.75 2.6917
8.76 2.7298
8.77 2.7693
8.78 2.8248
8.79 2.8959
8.8 2.9715
8.81 3.0417
8.82 3.1008
8.83 3.1501
8.84 3.1861
8.85 3.2025
8.86 3.1942
8.87 3.1585
8.88 3.1018
8.89 3.0300
8.9 2.9536
8.91 2.8879
8.92 2.8379
8.93 2.8035
8.94 2.7848
8.95 2.7774
8.96 2.7728
8.97 2.7663
8.98 2.7650
8.99 2.7665
9.0 2.7744
9.01 2.7943
9.02 2.8085
9.03 2.8051
9.04 2.7931
9.05 2.7724
9.06 2.7318
9.07 2.6857
9.08 2.6667
9.09 2.6746
9.1 2.6955
9.11 2.7277
9.12 2.7730
9.13 2.8380
9.14 2.9171
9.15 3.0069
9.16 3.1079
9.17 3.2106
9.18 3.2971
9.19 3.3473
9.2 3.3547
9.21 3.3201
9.22 3.2314
9.23 3.0779
9.24 2.8783
9.25 2.6650
9.26 2.4556
9.27 2.2759
9.28 2.1553
9.29 2.1075
9.3 2.1376
9.31 2.2425
9.32 2.4037
9.33 2.5899
9.34 2.7707
9.35 2.9349
9.36 3.0692
9.37 3.1717
9.38 3.2404
9.39 3.2722
9.4 3.2743
9.41 3.2373
9.42 3.1665
9.43 3.0746
9.44 2.9866
9.45 2.9226
9.46 2.8796
9.47 2.8652
9.48 2.8974
9.49 2.9715
9.5 3.0600
9.51 3.1344
9.52 3.1753
9.53 3.1807
9.54 3.1452
9.55 3.0609
9.56 2.9429
9.57 2.8142
9.58 2.6849
9.59 2.5767
9.6 2.5119
9.61 2.4949
9.62 2.5180
9.63 2.5708
9.64 2.6429
9.65 2.7146
9.66 2.7645
9.67 2.7826
9.68 2.7697
9.69 2.7250
9.7 2.6548
9.71 2.5738
9.72 2.4983
9.73 2.4477
9.74 2.4434
9.75 2.5045
9.76 2.6303
9.77 2.8043
9.78 3.0105
9.79 3.2144
9.8 3.3883
9.81 3.5117
9.82 3.5757
9.83 3.5793
9.84 3.5218
9.85 3.4130
9.86 3.2608
9.87 3.0912
9.88 2.9261
9.89 2.7719
9.9 2.6391
9.91 2.5389
9.92 2.4745
9.93 2.4553
9.94 2.4766
9.95 2.5203
9.96 2.5884
9.97 2.6880
9.98 2.8104
9.99 2.9236
